recordingId,trackId,frame,trackLifetime,xCenter,yCenter,heading,width,length,xVelocity,yVelocity,xAcceleration,yAcceleration,lonVelocity,latVelocity,lonAcceleration,latAcceleration,class,egoTrackId,ego_xCenter,ego_yCenter,ego_xVelocity,ego_yVelocity,ego_lonVelocity,ego_latVelocity,ego_heading,ego_speed_mps,ego_speed_kph,rel_x_to_ego,rel_y_to_ego,rel_vx_to_ego,rel_vy_to_ego,rel_speed_to_ego,distance_to_ego,is_ego,event_id,is_primary_actor,event_peak_frame,event_start_frame,event_end_frame,pair_type,risk_score_peak,event_min_ttc,event_min_dcpa,event_min_distance,dist_threshold_used,ttc_threshold_used,dcpa_threshold_used,min_rel_speed_threshold_used,ego_speed_mps_peak,ego_speed_kph_peak
3,15,5183,5183,87.3637,-64.7366,12.3578,2.4422,2.6081,4.8935,1.4047,-0.5942,1.2166,5.0807,-0.3249,-0.3201,-1.3156,trailer,157,120.1824,-53.0108,-3.4738,1.4386,3.7596,0.0433,158.165,3.759901115720998,13.535644016595592,-32.81870000000001,-11.725799999999992,8.3673,-0.03390000000000004,8.36736867240831,34.85055889551845,0,03_15_157_5258_ego_157,1,5258,5258,5261,vehicle_vehicle,0.09329548707913161,2.7549455967670835,2.784218002379627,14.374620329594796,15.0,3.0,3.5,0.8,1.6068658935953555,5.78471721694328
3,17,5183,5183,92.9361,-62.5148,30.2077,2.6151,6.8077,4.2965,2.8151,-0.9356,0.9427,5.1294,-0.2711,-0.3343,-1.2854,truck,157,120.1824,-53.0108,-3.4738,1.4386,3.7596,0.0433,158.165,3.759901115720998,13.535644016595592,-27.246300000000005,-9.503999999999998,7.770300000000001,1.3765,7.891280906164728,28.856314381604598,0,03_15_157_5258_ego_157,0,5258,5258,5261,vehicle_vehicle,0.09329548707913161,2.7549455967670835,2.784218002379627,14.374620329594796,15.0,3.0,3.5,0.8,1.6068658935953555,5.78471721694328
3,152,5183,302,105.613,-45.316,145.6087,3.3232,17.0865,-2.9696,2.5029,0.5499,0.1595,3.8642,0.3881,-0.3636,0.4422,truck,157,120.1824,-53.0108,-3.4738,1.4386,3.7596,0.0433,158.165,3.759901115720998,13.535644016595592,-14.569400000000002,7.694800000000001,0.5042000000000004,1.0642999999999998,1.177689318114077,16.476570134588087,0,03_15_157_5258_ego_157,0,5258,5258,5261,vehicle_vehicle,0.09329548707913161,2.7549455967670835,2.784218002379627,14.374620329594796,15.0,3.0,3.5,0.8,1.6068658935953555,5.78471721694328
3,157,5183,200,120.1824,-53.0108,158.165,2.1042,5.1245,-3.4738,1.4386,0.1439,-0.0283,3.7596,0.0433,-0.1441,0.0273,car,157,120.1824,-53.0108,-3.4738,1.4386,3.7596,0.0433,158.165,3.759901115720998,13.535644016595592,0.0,0.0,0.0,0.0,0.0,0.0,1,03_15_157_5258_ego_157,1,5258,5258,5261,vehicle_vehicle,0.09329548707913161,2.7549455967670835,2.784218002379627,14.374620329594796,15.0,3.0,3.5,0.8,1.6068658935953555,5.78471721694328
3,15,5184,5184,87.5588,-64.678,13.1708,2.4422,2.6081,4.8688,1.454,-0.6071,1.2018,5.072,-0.3064,-0.3173,-1.3086,trailer,157,120.0464,-52.9543,-3.4662,1.4361,3.7517,0.0418,158.1334,3.751922926980244,13.50692253712888,-32.4876,-11.723699999999994,8.335,0.017900000000000027,8.335019220733688,34.538229477638254,0,03_15_157_5258_ego_157,1,5258,5258,5261,vehicle_vehicle,0.09329548707913161,2.7549455967670835,2.784218002379627,14.374620329594796,15.0,3.0,3.5,0.8,1.6068658935953555,5.78471721694328
3,17,5184,5184,93.1054,-62.401,30.778,2.6151,6.8077,4.2568,2.8527,-0.9346,0.925,5.117,-0.2727,-0.3297,-1.2729,truck,157,120.0464,-52.9543,-3.4662,1.4361,3.7517,0.0418,158.1334,3.751922926980244,13.50692253712888,-26.941000000000003,-9.4467,7.723000000000001,1.4166,7.851845933282187,28.549214032789067,0,03_15_157_5258_ego_157,0,5258,5258,5261,vehicle_vehicle,0.09329548707913161,2.7549455967670835,2.784218002379627,14.374620329594796,15.0,3.0,3.5,0.8,1.6068658935953555,5.78471721694328
3,152,5184,303,105.4972,-45.2162,145.3479,3.3232,17.0865,-2.9452,2.5069,0.5369,0.1583,3.8482,0.3876,-0.3516,0.4355,truck,157,120.0464,-52.9543,-3.4662,1.4361,3.7517,0.0418,158.1334,3.751922926980244,13.50692253712888,-14.549199999999999,7.738100000000003,0.5210000000000004,1.0708,1.1908205742260252,16.47899912767763,0,03_15_157_5258_ego_157,0,5258,5258,5261,vehicle_vehicle,0.09329548707913161,2.7549455967670835,2.784218002379627,14.374620329594796,15.0,3.0,3.5,0.8,1.6068658935953555,5.78471721694328
3,157,5184,201,120.0464,-52.9543,158.1334,2.1042,5.1245,-3.4662,1.4361,0.1568,-0.0305,3.7517,0.0418,-0.1569,0.0301,car,157,120.0464,-52.9543,-3.4662,1.4361,3.7517,0.0418,158.1334,3.751922926980244,13.50692253712888,0.0,0.0,0.0,0.0,0.0,0.0,1,03_15_157_5258_ego_157,1,5258,5258,5261,vehicle_vehicle,0.09329548707913161,2.7549455967670835,2.784218002379627,14.374620329594796,15.0,3.0,3.5,0.8,1.6068658935953555,5.78471721694328
3,15,5185,5185,87.7534,-64.6177,13.902,2.4422,2.6081,4.8434,1.5022,-0.6189,1.1867,5.0624,-0.2945,-0.3156,-1.3007,trailer,157,119.91,-52.8976,-3.4589,1.4339,3.7441,0.0402,158.0983,3.7443368464923132,13.479612647372328,-32.1566,-11.720100000000002,8.302299999999999,0.06830000000000003,8.302580934865976,34.22583333638496,0,03_15_157_5258_ego_157,1,5258,5258,5261,vehicle_vehicle,0.09329548707913161,2.7549455967670835,2.784218002379627,14.374620329594796,15.0,3.0,3.5,0.8,1.6068658935953555,5.78471721694328
3,17,5185,5185,93.2737,-62.2857,31.35,2.6151,6.8077,4.2176,2.8895,-0.9315,0.9074,5.1051,-0.2734,-0.3234,-1.2596,truck,157,119.91,-52.8976,-3.4589,1.4339,3.7441,0.0402,158.0983,3.7443368464923132,13.479612647372328,-26.63629999999999,-9.388100000000001,7.6765,1.4556,7.8132850715944056,28.242324608643667,0,03_15_157_5258_ego_157,0,5258,5258,5261,vehicle_vehicle,0.09329548707913161,2.7549455967670835,2.784218002379627,14.374620329594796,15.0,3.0,3.5,0.8,1.6068658935953555,5.78471721694328
3,152,5185,304,105.3816,-45.1157,145.0888,3.3232,17.0865,-2.922,2.5107,0.5218,0.1595,3.8331,0.3866,-0.3366,0.4295,truck,157,119.91,-52.8976,-3.4589,1.4339,3.7441,0.0402,158.0983,3.7443368464923132,13.479612647372328,-14.52839999999999,7.7819,0.5368999999999997,1.0768,1.2032289266802056,16.48127343896702,0,03_15_157_5258_ego_157,0,5258,5258,5261,vehicle_vehicle,0.09329548707913161,2.7549455967670835,2.784218002379627,14.374620329594796,15.0,3.0,3.5,0.8,1.6068658935953555,5.78471721694328
3,157,5185,202,119.91,-52.8976,158.0983,2.1042,5.1245,-3.4589,1.4339,0.1683,-0.0315,3.7441,0.0402,-0.1679,0.0335,car,157,119.91,-52.8976,-3.4589,1.4339,3.7441,0.0402,158.0983,3.7443368464923132,13.479612647372328,0.0,0.0,0.0,0.0,0.0,0.0,1,03_15_157_5258_ego_157,1,5258,5258,5261,vehicle_vehicle,0.09329548707913161,2.7549455967670835,2.784218002379627,14.374620329594796,15.0,3.0,3.5,0.8,1.6068658935953555,5.78471721694328
3,15,5186,5186,87.9468,-64.5555,14.7767,2.4422,2.6081,4.8174,1.5494,-0.6296,1.1717,5.0533,-0.2694,-0.3099,-1.2935,trailer,157,119.7724,-52.8403,-3.4513,1.4316,3.7363,0.0387,158.065,3.736435500580734,13.451167802090643,-31.82560000000001,-11.715199999999996,8.268699999999999,0.11780000000000013,8.269539076030778,33.913341421924216,0,03_15_157_5258_ego_157,1,5258,5258,5261,vehicle_vehicle,0.09329548707913161,2.7549455967670835,2.784218002379627,14.374620329594796,15.0,3.0,3.5,0.8,1.6068658935953555,5.78471721694328
3,17,5186,5186,93.4407,-62.1691,31.9254,2.6151,6.8077,4.1789,2.9254,-0.9268,0.8902,5.0937,-0.273,-0.3159,-1.2456,truck,157,119.7724,-52.8403,-3.4513,1.4316,3.7363,0.0387,158.065,3.736435500580734,13.451167802090643,-26.331699999999998,-9.328800000000001,7.630199999999999,1.4937999999999998,7.775049226853807,27.935370667488915,0,03_15_157_5258_ego_157,0,5258,5258,5261,vehicle_vehicle,0.09329548707913161,2.7549455967670835,2.784218002379627,14.374620329594796,15.0,3.0,3.5,0.8,1.6068658935953555,5.78471721694328
3,152,5186,305,105.2657,-45.0151,144.8299,3.3232,17.0865,-2.8997,2.5146,0.5052,0.1632,3.8188,0.3853,-0.319,0.4244,truck,157,119.7724,-52.8403,-3.4513,1.4316,3.7363,0.0387,158.065,3.736435500580734,13.451167802090643,-14.50670000000001,7.825200000000002,0.5515999999999996,1.0830000000000002,1.2153812405990145,16.48266058408048,0,03_15_157_5258_ego_157,0,5258,5258,5261,vehicle_vehicle,0.09329548707913161,2.7549455967670835,2.784218002379627,14.374620329594796,15.0,3.0,3.5,0.8,1.6068658935953555,5.78471721694328
3,157,5186,203,119.7724,-52.8403,158.065,2.1042,5.1245,-3.4513,1.4316,0.1788,-0.0315,3.7363,0.0387,-0.1777,0.0376,car,157,119.7724,-52.8403,-3.4513,1.4316,3.7363,0.0387,158.065,3.736435500580734,13.451167802090643,0.0,0.0,0.0,0.0,0.0,0.0,1,03_15_157_5258_ego_157,1,5258,5258,5261,vehicle_vehicle,0.09329548707913161,2.7549455967670835,2.784218002379627,14.374620329594796,15.0,3.0,3.5,0.8,1.6068658935953555,5.78471721694328
3,15,5187,5187,88.1382,-64.4918,15.5802,2.4422,2.6081,4.7914,1.5956,-0.6392,1.1572,5.0439,-0.2501,-0.3049,-1.2863,trailer,157,119.6357,-52.7839,-3.4439,1.4297,3.7287,0.0381,158.0408,3.728872389878742,13.423940603563471,-31.497500000000002,-11.707899999999995,8.2353,0.16589999999999994,8.236970857056617,33.60308659424012,0,03_15_157_5258_ego_157,1,5258,5258,5261,vehicle_vehicle,0.09329548707913161,2.7549455967670835,2.784218002379627,14.374620329594796,15.0,3.0,3.5,0.8,1.6068658935953555,5.78471721694328
3,17,5187,5187,93.6053,-62.0512,32.4931,2.6151,6.8077,4.1411,2.9605,-0.921,0.8733,5.0832,-0.2725,-0.3077,-1.2313,truck,157,119.6357,-52.7839,-3.4439,1.4297,3.7287,0.0381,158.0408,3.728872389878742,13.423940603563471,-26.0304,-9.267299999999999,7.585,1.5308000000000002,7.7379308371166,27.630862698258266,0,03_15_157_5258_ego_157,0,5258,5258,5261,vehicle_vehicle,0.09329548707913161,2.7549455967670835,2.784218002379627,14.374620329594796,15.0,3.0,3.5,0.8,1.6068658935953555,5.78471721694328
3,152,5187,306,105.1509,-44.9147,144.57,3.3232,17.0865,-2.8783,2.5188,0.4873,0.1693,3.8055,0.3838,-0.2989,0.4204,truck,157,119.6357,-52.7839,-3.4439,1.4297,3.7287,0.0381,158.0408,3.728872389878742,13.423940603563471,-14.484800000000007,7.869199999999999,0.5656000000000003,1.0891000000000002,1.2272090979128214,16.484348324395484,0,03_15_157_5258_ego_157,0,5258,5258,5261,vehicle_vehicle,0.09329548707913161,2.7549455967670835,2.784218002379627,14.374620329594796,15.0,3.0,3.5,0.8,1.6068658935953555,5.78471721694328
3,157,5187,204,119.6357,-52.7839,158.0408,2.1042,5.1245,-3.4439,1.4297,0.1888,-0.0307,3.7287,0.0381,-0.1866,0.0421,car,157,119.6357,-52.7839,-3.4439,1.4297,3.7287,0.0381,158.0408,3.728872389878742,13.423940603563471,0.0,0.0,0.0,0.0,0.0,0.0,1,03_15_157_5258_ego_157,1,5258,5258,5261,vehicle_vehicle,0.09329548707913161,2.7549455967670835,2.784218002379627,14.374620329594796,15.0,3.0,3.5,0.8,1.6068658935953555,5.78471721694328
3,15,5188,5188,88.329,-64.4269,16.3971,2.4422,2.6081,4.7651,1.6412,-0.648,1.1433,5.0345,-0.2293,-0.2989,-1.2797,trailer,157,119.4994,-52.7279,-3.4366,1.4282,3.7213,0.0381,158.0184,3.7215554275060847,13.397599539021906,-31.1704,-11.699000000000005,8.2017,0.21300000000000008,8.204465362837484,33.293549482745156,0,03_15_157_5258_ego_157,1,5258,5258,5261,vehicle_vehicle,0.09329548707913161,2.7549455967670835,2.784218002379627,14.374620329594796,15.0,3.0,3.5,0.8,1.6068658935953555,5.78471721694328
3,17,5188,5188,93.7693,-61.932,33.0557,2.6151,6.8077,4.1039,2.995,-0.9146,0.8569,5.0733,-0.2717,-0.2992,-1.2171,truck,157,119.4994,-52.7279,-3.4366,1.4282,3.7213,0.0381,158.0184,3.7215554275060847,13.397599539021906,-25.730099999999993,-9.204100000000004,7.5405,1.5668000000000002,7.701558445535552,27.326790935270825,0,03_15_157_5258_ego_157,0,5258,5258,5261,vehicle_vehicle,0.09329548707913161,2.7549455967670835,2.784218002379627,14.374620329594796,15.0,3.0,3.5,0.8,1.6068658935953555,5.78471721694328
3,152,5188,307,105.0372,-44.8137,144.3123,3.3232,17.0865,-2.8581,2.5231,0.4684,0.1778,3.7933,0.382,-0.2767,0.4177,truck,157,119.4994,-52.7279,-3.4366,1.4282,3.7213,0.0381,158.0184,3.7215554275060847,13.397599539021906,-14.462199999999996,7.914200000000001,0.5785,1.0949,1.238332855091877,16.486048358536372,0,03_15_157_5258_ego_157,0,5258,5258,5261,vehicle_vehicle,0.09329548707913161,2.7549455967670835,2.784218002379627,14.374620329594796,15.0,3.0,3.5,0.8,1.6068658935953555,5.78471721694328
3,157,5188,205,119.4994,-52.7279,158.0184,2.1042,5.1245,-3.4366,1.4282,0.1988,-0.0294,3.7213,0.0381,-0.1954,0.0471,car,157,119.4994,-52.7279,-3.4366,1.4282,3.7213,0.0381,158.0184,3.7215554275060847,13.397599539021906,0.0,0.0,0.0,0.0,0.0,0.0,1,03_15_157_5258_ego_157,1,5258,5258,5261,vehicle_vehicle,0.09329548707913161,2.7549455967670835,2.784218002379627,14.374620329594796,15.0,3.0,3.5,0.8,1.6068658935953555,5.78471721694328
3,15,5189,5189,88.5192,-64.3605,17.1531,2.4422,2.6081,4.7384,1.6863,-0.6561,1.1301,5.0249,-0.2138,-0.2936,-1.2734,trailer,157,119.363,-52.6711,-3.4292,1.4269,3.714,0.0379,157.9919,3.7142235056603687,13.371204620377327,-30.8438,-11.6894,8.1676,0.25939999999999985,8.171718186526014,32.98457322446359,0,03_15_157_5258_ego_157,1,5258,5258,5261,vehicle_vehicle,0.09329548707913161,2.7549455967670835,2.784218002379627,14.374620329594796,15.0,3.0,3.5,0.8,1.6068658935953555,5.78471721694328
3,17,5189,5189,93.9325,-61.8116,33.6208,2.6151,6.8077,4.0671,3.0288,-0.908,0.841,5.0638,-0.2703,-0.2905,-1.2031,truck,157,119.363,-52.6711,-3.4292,1.4269,3.714,0.0379,157.9919,3.7142235056603687,13.371204620377327,-25.430499999999995,-9.140499999999996,7.4963,1.6018999999999999,7.665546118835891,27.02330606162021,0,03_15_157_5258_ego_157,0,5258,5258,5261,vehicle_vehicle,0.09329548707913161,2.7549455967670835,2.784218002379627,14.374620329594796,15.0,3.0,3.5,0.8,1.6068658935953555,5.78471721694328
3,152,5189,308,104.9235,-44.7127,144.0558,3.3232,17.0865,-2.8388,2.5279,0.4489,0.1887,3.7821,0.3802,-0.2526,0.4163,truck,157,119.363,-52.6711,-3.4292,1.4269,3.714,0.0379,157.9919,3.7142235056603687,13.371204620377327,-14.439499999999995,7.958400000000005,0.5903999999999998,1.1009999999999998,1.2493090730479786,16.487428265499744,0,03_15_157_5258_ego_157,0,5258,5258,5261,vehicle_vehicle,0.09329548707913161,2.7549455967670835,2.784218002379627,14.374620329594796,15.0,3.0,3.5,0.8,1.6068658935953555,5.78471721694328
3,157,5189,206,119.363,-52.6711,157.9919,2.1042,5.1245,-3.4292,1.4269,0.2092,-0.028,3.714,0.0379,-0.2044,0.0524,car,157,119.363,-52.6711,-3.4292,1.4269,3.714,0.0379,157.9919,3.7142235056603687,13.371204620377327,0.0,0.0,0.0,0.0,0.0,0.0,1,03_15_157_5258_ego_157,1,5258,5258,5261,vehicle_vehicle,0.09329548707913161,2.7549455967670835,2.784218002379627,14.374620329594796,15.0,3.0,3.5,0.8,1.6068658935953555,5.78471721694328
3,15,5190,5190,88.7076,-64.2927,17.7773,2.4422,2.6081,4.7116,1.7311,-0.6635,1.1175,5.0151,-0.2099,-0.2907,-1.2667,trailer,157,119.2268,-52.6151,-3.4218,1.4261,3.7069,0.0382,157.9655,3.7070846294628885,13.345504666066399,-30.519199999999998,-11.677599999999998,8.1334,0.30500000000000016,8.139116694089108,32.67702419743878,0,03_15_157_5258_ego_157,1,5258,5258,5261,vehicle_vehicle,0.09329548707913161,2.7549455967670835,2.784218002379627,14.374620329594796,15.0,3.0,3.5,0.8,1.6068658935953555,5.78471721694328
3,17,5190,5190,94.0938,-61.6904,34.1844,2.6151,6.8077,4.0307,3.0623,-0.9013,0.8254,5.0549,-0.2685,-0.2818,-1.1892,truck,157,119.2268,-52.6151,-3.4218,1.4261,3.7069,0.0382,157.9655,3.7070846294628885,13.345504666066399,-25.132999999999996,-9.075299999999999,7.452500000000001,1.6362,7.630000438401036,26.721316567302587,0,03_15_157_5258_ego_157,0,5258,5258,5261,vehicle_vehicle,0.09329548707913161,2.7549455967670835,2.784218002379627,14.374620329594796,15.0,3.0,3.5,0.8,1.6068658935953555,5.78471721694328
3,152,5190,309,104.8109,-44.6116,143.7996,3.3232,17.0865,-2.8204,2.5331,0.4289,0.202,3.772,0.3783,-0.2268,0.4163,truck,157,119.2268,-52.6151,-3.4218,1.4261,3.7069,0.0382,157.9655,3.7070846294628885,13.345504666066399,-14.415899999999993,8.003499999999995,0.6014000000000004,1.1070000000000002,1.2598138592665191,16.488607735645836,0,03_15_157_5258_ego_157,0,5258,5258,5261,vehicle_vehicle,0.09329548707913161,2.7549455967670835,2.784218002379627,14.374620329594796,15.0,3.0,3.5,0.8,1.6068658935953555,5.78471721694328
3,157,5190,207,119.2268,-52.6151,157.9655,2.1042,5.1245,-3.4218,1.4261,0.2203,-0.0267,3.7069,0.0382,-0.2142,0.0579,car,157,119.2268,-52.6151,-3.4218,1.4261,3.7069,0.0382,157.9655,3.7070846294628885,13.345504666066399,0.0,0.0,0.0,0.0,0.0,0.0,1,03_15_157_5258_ego_157,1,5258,5258,5261,vehicle_vehicle,0.09329548707913161,2.7549455967670835,2.784218002379627,14.374620329594796,15.0,3.0,3.5,0.8,1.6068658935953555,5.78471721694328
3,15,5191,5191,88.8951,-64.2228,18.4093,2.4422,2.6081,4.6847,1.7754,-0.6705,1.1052,5.0056,-0.2051,-0.2872,-1.2604,trailer,157,119.0898,-52.5586,-3.4138,1.4256,3.6993,0.0387,157.934,3.6995088592947036,13.318231893460933,-30.194699999999997,-11.664200000000008,8.098500000000001,0.3498000000000001,8.106050967641398,32.369329151683075,0,03_15_157_5258_ego_157,1,5258,5258,5261,vehicle_vehicle,0.09329548707913161,2.7549455967670835,2.784218002379627,14.374620329594796,15.0,3.0,3.5,0.8,1.6068658935953555,5.78471721694328
3,17,5191,5191,94.2539,-61.5673,34.747,2.6151,6.8077,3.9949,3.0952,-0.8946,0.8099,5.0466,-0.2663,-0.2734,-1.1754,truck,157,119.0898,-52.5586,-3.4138,1.4256,3.6993,0.0387,157.934,3.6995088592947036,13.318231893460933,-24.835899999999995,-9.008700000000005,7.4087,1.6696000000000002,7.5944979985513195,26.419284708333794,0,03_15_157_5258_ego_157,0,5258,5258,5261,vehicle_vehicle,0.09329548707913161,2.7549455967670835,2.784218002379627,14.374620329594796,15.0,3.0,3.5,0.8,1.6068658935953555,5.78471721694328
3,152,5191,310,104.6977,-44.5102,143.5473,3.3232,17.0865,-2.8026,2.5389,0.4083,0.2176,3.7627,0.377,-0.1992,0.4176,truck,157,119.0898,-52.5586,-3.4138,1.4256,3.6993,0.0387,157.934,3.6995088592947036,13.318231893460933,-14.3921,8.0484,0.6112000000000002,1.1133,1.2700402867625893,16.48967206981388,0,03_15_157_5258_ego_157,0,5258,5258,5261,vehicle_vehicle,0.09329548707913161,2.7549455967670835,2.784218002379627,14.374620329594796,15.0,3.0,3.5,0.8,1.6068658935953555,5.78471721694328
3,157,5191,208,119.0898,-52.5586,157.934,2.1042,5.1245,-3.4138,1.4256,0.2323,-0.0258,3.6993,0.0387,-0.2249,0.0634,car,157,119.0898,-52.5586,-3.4138,1.4256,3.6993,0.0387,157.934,3.6995088592947036,13.318231893460933,0.0,0.0,0.0,0.0,0.0,0.0,1,03_15_157_5258_ego_157,1,5258,5258,5261,vehicle_vehicle,0.09329548707913161,2.7549455967670835,2.784218002379627,14.374620329594796,15.0,3.0,3.5,0.8,1.6068658935953555,5.78471721694328
3,15,5192,5192,89.0819,-64.1511,18.9991,2.4422,2.6081,4.6575,1.8194,-0.6771,1.0931,4.9961,-0.204,-0.2844,-1.254,trailer,157,118.9524,-52.5012,-3.4048,1.4249,3.6908,0.0396,157.9057,3.6909352541056584,13.287366914780371,-29.870499999999993,-11.649900000000002,8.0623,0.39449999999999985,8.07194595745041,32.06192352713729,0,03_15_157_5258_ego_157,1,5258,5258,5261,vehicle_vehicle,0.09329548707913161,2.7549455967670835,2.784218002379627,14.374620329594796,15.0,3.0,3.5,0.8,1.6068658935953555,5.78471721694328
3,17,5192,5192,94.4133,-61.443,35.3093,2.6151,6.8077,3.9591,3.1275,-0.888,0.7946,5.0385,-0.2638,-0.2654,-1.1617,truck,157,118.9524,-52.5012,-3.4048,1.4249,3.6908,0.0396,157.9057,3.6909352541056584,13.287366914780371,-24.53909999999999,-8.9418,7.363899999999999,1.7026,7.55816578079629,26.117488701060054,0,03_15_157_5258_ego_157,0,5258,5258,5261,vehicle_vehicle,0.09329548707913161,2.7549455967670835,2.784218002379627,14.374620329594796,15.0,3.0,3.5,0.8,1.6068658935953555,5.78471721694328
3,152,5192,311,104.585,-44.4083,143.298,3.3232,17.0865,-2.7852,2.5452,0.3869,0.2355,3.7542,0.3761,-0.1695,0.42,truck,157,118.9524,-52.5012,-3.4048,1.4249,3.6908,0.0396,157.9057,3.6909352541056584,13.287366914780371,-14.367400000000004,8.0929,0.6195999999999997,1.1202999999999999,1.280225077867169,16.48991246702056,0,03_15_157_5258_ego_157,0,5258,5258,5261,vehicle_vehicle,0.09329548707913161,2.7549455967670835,2.784218002379627,14.374620329594796,15.0,3.0,3.5,0.8,1.6068658935953555,5.78471721694328
3,157,5192,209,118.9524,-52.5012,157.9057,2.1042,5.1245,-3.4048,1.4249,0.2448,-0.0253,3.6908,0.0396,-0.2364,0.0686,car,157,118.9524,-52.5012,-3.4048,1.4249,3.6908,0.0396,157.9057,3.6909352541056584,13.287366914780371,0.0,0.0,0.0,0.0,0.0,0.0,1,03_15_157_5258_ego_157,1,5258,5258,5261,vehicle_vehicle,0.09329548707913161,2.7549455967670835,2.784218002379627,14.374620329594796,15.0,3.0,3.5,0.8,1.6068658935953555,5.78471721694328
3,15,5193,5193,89.2677,-64.0778,19.6172,2.4422,2.6081,4.6301,1.863,-0.6834,1.0813,4.9868,-0.2004,-0.2807,-1.248,trailer,157,118.8156,-52.4442,-3.3951,1.4243,3.6815,0.0411,157.8808,3.6817569854622394,13.254325147664062,-29.5479,-11.633599999999994,8.0252,0.4387000000000001,8.037181889816853,31.755614359826197,0,03_15_157_5258_ego_157,1,5258,5258,5261,vehicle_vehicle,0.09329548707913161,2.7549455967670835,2.784218002379627,14.374620329594796,15.0,3.0,3.5,0.8,1.6068658935953555,5.78471721694328
3,17,5193,5193,94.5707,-61.3175,35.8746,2.6151,6.8077,3.9237,3.1593,-0.8816,0.7793,5.0308,-0.2606,-0.2576,-1.1481,truck,157,118.8156,-52.4442,-3.3951,1.4243,3.6815,0.0411,157.8808,3.6817569854622394,13.254325147664062,-24.2449,-8.8733,7.3187999999999995,1.735,7.521639345249145,25.81764181523944,0,03_15_157_5258_ego_157,0,5258,5258,5261,vehicle_vehicle,0.09329548707913161,2.7549455967670835,2.784218002379627,14.374620329594796,15.0,3.0,3.5,0.8,1.6068658935953555,5.78471721694328
3,152,5193,312,104.4737,-44.3067,143.0501,3.3232,17.0865,-2.7686,2.5524,0.3644,0.2556,3.7469,0.3756,-0.1376,0.4233,truck,157,118.8156,-52.4442,-3.3951,1.4243,3.6815,0.0411,157.8808,3.6817569854622394,13.254325147664062,-14.34190000000001,8.137500000000003,0.6264999999999996,1.1281,1.290392134197973,16.489663485347428,0,03_15_157_5258_ego_157,0,5258,5258,5261,vehicle_vehicle,0.09329548707913161,2.7549455967670835,2.784218002379627,14.374620329594796,15.0,3.0,3.5,0.8,1.6068658935953555,5.78471721694328
3,157,5193,210,118.8156,-52.4442,157.8808,2.1042,5.1245,-3.3951,1.4243,0.2576,-0.0252,3.6815,0.0411,-0.2482,0.0736,car,157,118.8156,-52.4442,-3.3951,1.4243,3.6815,0.0411,157.8808,3.6817569854622394,13.254325147664062,0.0,0.0,0.0,0.0,0.0,0.0,1,03_15_157_5258_ego_157,1,5258,5258,5261,vehicle_vehicle,0.09329548707913161,2.7549455967670835,2.784218002379627,14.374620329594796,15.0,3.0,3.5,0.8,1.6068658935953555,5.78471721694328
3,15,5194,5194,89.4519,-64.0023,20.1701,2.4422,2.6081,4.6026,1.9061,-0.6895,1.0696,4.9776,-0.2022,-0.2784,-1.2417,trailer,157,118.68,-52.3869,-3.3849,1.4235,3.6718,0.0431,157.8637,3.672043063472976,13.219355028502715,-29.228100000000012,-11.615400000000008,7.9875,0.4825999999999999,8.002065921373054,31.451539656589166,0,03_15_157_5258_ego_157,1,5258,5258,5261,vehicle_vehicle,0.09329548707913161,2.7549455967670835,2.784218002379627,14.374620329594796,15.0,3.0,3.5,0.8,1.6068658935953555,5.78471721694328
3,17,5194,5194,94.7259,-61.191,36.4447,2.6151,6.8077,3.889,3.1906,-0.8755,0.764,5.0238,-0.2564,-0.2504,-1.1346,truck,157,118.68,-52.3869,-3.3849,1.4235,3.6718,0.0431,157.8637,3.672043063472976,13.219355028502715,-23.95410000000001,-8.804100000000005,7.273899999999999,1.7671,7.485470166930063,25.52079708042052,0,03_15_157_5258_ego_157,0,5258,5258,5261,vehicle_vehicle,0.09329548707913161,2.7549455967670835,2.784218002379627,14.374620329594796,15.0,3.0,3.5,0.8,1.6068658935953555,5.78471721694328
3,152,5194,313,104.3641,-44.2052,142.8041,3.3232,17.0865,-2.7532,2.5608,0.3409,0.2778,3.7413,0.3754,-0.1036,0.4274,truck,157,118.68,-52.3869,-3.3849,1.4235,3.6718,0.0431,157.8637,3.672043063472976,13.219355028502715,-14.315900000000013,8.1817,0.6316999999999999,1.1373,1.3009597149796759,16.48894198243175,0,03_15_157_5258_ego_157,0,5258,5258,5261,vehicle_vehicle,0.09329548707913161,2.7549455967670835,2.784218002379627,14.374620329594796,15.0,3.0,3.5,0.8,1.6068658935953555,5.78471721694328
3,157,5194,211,118.68,-52.3869,157.8637,2.1042,5.1245,-3.3849,1.4235,0.2705,-0.0254,3.6718,0.0431,-0.2601,0.0783,car,157,118.68,-52.3869,-3.3849,1.4235,3.6718,0.0431,157.8637,3.672043063472976,13.219355028502715,0.0,0.0,0.0,0.0,0.0,0.0,1,03_15_157_5258_ego_157,1,5258,5258,5261,vehicle_vehicle,0.09329548707913161,2.7549455967670835,2.784218002379627,14.374620329594796,15.0,3.0,3.5,0.8,1.6068658935953555,5.78471721694328
3,15,5195,5195,89.6356,-63.925,20.6846,2.4422,2.6081,4.5748,1.9487,-0.6953,1.0581,4.9682,-0.2072,-0.2767,-1.2355,trailer,157,118.5445,-52.3301,-3.374,1.4228,3.6614,0.0458,157.8514,3.661725800766628,13.18221288275986,-28.908900000000003,-11.594899999999996,7.9488,0.5259,7.966178020230279,31.14749115450553,0,03_15_157_5258_ego_157,1,5258,5258,5261,vehicle_vehicle,0.09329548707913161,2.7549455967670835,2.784218002379627,14.374620329594796,15.0,3.0,3.5,0.8,1.6068658935953555,5.78471721694328
3,17,5195,5195,94.8809,-61.0628,37.0166,2.6151,6.8077,3.8545,3.2214,-0.8699,0.7484,5.0171,-0.2515,-0.244,-1.1213,truck,157,118.5445,-52.3301,-3.374,1.4228,3.6614,0.0458,157.8514,3.661725800766628,13.18221288275986,-23.663600000000002,-8.732700000000001,7.2285,1.7986,7.448904228811108,25.22352105178815,0,03_15_157_5258_ego_157,0,5258,5258,5261,vehicle_vehicle,0.09329548707913161,2.7549455967670835,2.784218002379627,14.374620329594796,15.0,3.0,3.5,0.8,1.6068658935953555,5.78471721694328
3,152,5195,314,104.2541,-44.1031,142.558,3.3232,17.0865,-2.7388,2.5703,0.3167,0.3018,3.7371,0.3756,-0.0679,0.4321,truck,157,118.5445,-52.3301,-3.374,1.4228,3.6614,0.0458,157.8514,3.661725800766628,13.18221288275986,-14.290400000000005,8.227000000000004,0.6352000000000002,1.1475,1.3115774052643634,16.489362060431574,0,03_15_157_5258_ego_157,0,5258,5258,5261,vehicle_vehicle,0.09329548707913161,2.7549455967670835,2.784218002379627,14.374620329594796,15.0,3.0,3.5,0.8,1.6068658935953555,5.78471721694328
3,157,5195,212,118.5445,-52.3301,157.8514,2.1042,5.1245,-3.374,1.4228,0.2833,-0.0259,3.6614,0.0458,-0.2722,0.0828,car,157,118.5445,-52.3301,-3.374,1.4228,3.6614,0.0458,157.8514,3.661725800766628,13.18221288275986,0.0,0.0,0.0,0.0,0.0,0.0,1,03_15_157_5258_ego_157,1,5258,5258,5261,vehicle_vehicle,0.09329548707913161,2.7549455967670835,2.784218002379627,14.374620329594796,15.0,3.0,3.5,0.8,1.6068658935953555,5.78471721694328
3,15,5196,5196,89.8179,-63.8466,21.2981,2.4422,2.6081,4.5468,1.9909,-0.7009,1.0467,4.9594,-0.2035,-0.2729,-1.2298,trailer,157,118.4101,-52.2734,-3.3627,1.4221,3.6507,0.0488,157.8422,3.6510436453156787,13.143757123136444,-28.592200000000005,-11.5732,7.9094999999999995,0.5688,7.929925831305106,30.845629497223758,0,03_15_157_5258_ego_157,1,5258,5258,5261,vehicle_vehicle,0.09329548707913161,2.7549455967670835,2.784218002379627,14.374620329594796,15.0,3.0,3.5,0.8,1.6068658935953555,5.78471721694328
3,17,5196,5196,95.0339,-60.9339,37.5776,2.6151,6.8077,3.8204,3.2517,-0.8649,0.7325,5.0108,-0.2473,-0.2387,-1.108,truck,157,118.4101,-52.2734,-3.3627,1.4221,3.6507,0.0488,157.8422,3.6510436453156787,13.143757123136444,-23.376199999999997,-8.660499999999999,7.1831,1.8296000000000001,7.412446409249783,24.928918682726692,0,03_15_157_5258_ego_157,0,5258,5258,5261,vehicle_vehicle,0.09329548707913161,2.7549455967670835,2.784218002379627,14.374620329594796,15.0,3.0,3.5,0.8,1.6068658935953555,5.78471721694328
3,152,5196,315,104.1449,-44.0006,142.3143,3.3232,17.0865,-2.7253,2.5809,0.2916,0.3273,3.7345,0.3764,-0.0306,0.4373,truck,157,118.4101,-52.2734,-3.3627,1.4221,3.6507,0.0488,157.8422,3.6510436453156787,13.143757123136444,-14.265199999999993,8.272800000000004,0.6374,1.1588000000000003,1.3225340071242027,16.490456357542076,0,03_15_157_5258_ego_157,0,5258,5258,5261,vehicle_vehicle,0.09329548707913161,2.7549455967670835,2.784218002379627,14.374620329594796,15.0,3.0,3.5,0.8,1.6068658935953555,5.78471721694328
3,157,5196,213,118.4101,-52.2734,157.8422,2.1042,5.1245,-3.3627,1.4221,0.2962,-0.0267,3.6507,0.0488,-0.2844,0.087,car,157,118.4101,-52.2734,-3.3627,1.4221,3.6507,0.0488,157.8422,3.6510436453156787,13.143757123136444,0.0,0.0,0.0,0.0,0.0,0.0,1,03_15_157_5258_ego_157,1,5258,5258,5261,vehicle_vehicle,0.09329548707913161,2.7549455967670835,2.784218002379627,14.374620329594796,15.0,3.0,3.5,0.8,1.6068658935953555,5.78471721694328
3,15,5197,5197,89.9983,-63.7662,21.948,2.4422,2.6081,4.5189,2.0327,-0.7065,1.0354,4.9512,-0.1964,-0.2683,-1.2244,trailer,157,118.2764,-52.2168,-3.3511,1.4215,3.6398,0.0524,157.8387,3.6401282202691707,13.104461592969015,-28.278099999999995,-11.549399999999999,7.870000000000001,0.6112000000000002,7.893697830548115,30.545696586753422,0,03_15_157_5258_ego_157,1,5258,5258,5261,vehicle_vehicle,0.09329548707913161,2.7549455967670835,2.784218002379627,14.374620329594796,15.0,3.0,3.5,0.8,1.6068658935953555,5.78471721694328
3,17,5197,5197,95.1852,-60.8034,38.1302,2.6151,6.8077,3.7868,3.2815,-0.8608,0.7162,5.005,-0.2431,-0.2349,-1.0948,truck,157,118.2764,-52.2168,-3.3511,1.4215,3.6398,0.0524,157.8387,3.6401282202691707,13.104461592969015,-23.0912,-8.586600000000004,7.1379,1.8599999999999999,7.376260326886518,24.636014633052973,0,03_15_157_5258_ego_157,0,5258,5258,5261,vehicle_vehicle,0.09329548707913161,2.7549455967670835,2.784218002379627,14.374620329594796,15.0,3.0,3.5,0.8,1.6068658935953555,5.78471721694328
3,152,5197,316,104.0367,-43.8985,142.0677,3.3232,17.0865,-2.7131,2.5931,0.2658,0.354,3.7339,0.3775,0.008,0.4426,truck,157,118.2764,-52.2168,-3.3511,1.4215,3.6398,0.0524,157.8387,3.6401282202691707,13.104461592969015,-14.2397,8.3183,0.6380000000000003,1.1716000000000002,1.3340504338292465,16.491305920999707,0,03_15_157_5258_ego_157,0,5258,5258,5261,vehicle_vehicle,0.09329548707913161,2.7549455967670835,2.784218002379627,14.374620329594796,15.0,3.0,3.5,0.8,1.6068658935953555,5.78471721694328
3,157,5197,214,118.2764,-52.2168,157.8387,2.1042,5.1245,-3.3511,1.4215,0.3092,-0.0279,3.6398,0.0524,-0.2969,0.0908,car,157,118.2764,-52.2168,-3.3511,1.4215,3.6398,0.0524,157.8387,3.6401282202691707,13.104461592969015,0.0,0.0,0.0,0.0,0.0,0.0,1,03_15_157_5258_ego_157,1,5258,5258,5261,vehicle_vehicle,0.09329548707913161,2.7549455967670835,2.784218002379627,14.374620329594796,15.0,3.0,3.5,0.8,1.6068658935953555,5.78471721694328
3,15,5198,5198,90.1782,-63.6842,22.5544,2.4422,2.6081,4.491,2.0742,-0.7124,1.0241,4.9431,-0.193,-0.2651,-1.219,trailer,157,118.1425,-52.1601,-3.339,1.4209,3.6283,0.0562,157.8358,3.6287570613090097,13.063525420712436,-27.964299999999994,-11.524099999999997,7.83,0.6532999999999998,7.857206939491921,30.245775825724813,0,03_15_157_5258_ego_157,1,5258,5258,5261,vehicle_vehicle,0.09329548707913161,2.7549455967670835,2.784218002379627,14.374620329594796,15.0,3.0,3.5,0.8,1.6068658935953555,5.78471721694328
3,17,5198,5198,95.3366,-60.6712,38.6779,2.6151,6.8077,3.7532,3.3105,-0.8576,0.6994,4.9989,-0.2389,-0.2324,-1.0819,truck,157,118.1425,-52.1601,-3.339,1.4209,3.6283,0.0562,157.8358,3.6287570613090097,13.063525420712436,-22.805899999999994,-8.511099999999999,7.0922,1.8896000000000002,7.339610956992203,24.342306752236933,0,03_15_157_5258_ego_157,0,5258,5258,5261,vehicle_vehicle,0.09329548707913161,2.7549455967670835,2.784218002379627,14.374620329594796,15.0,3.0,3.5,0.8,1.6068658935953555,5.78471721694328
3,152,5198,317,103.9288,-43.7956,141.8232,3.3232,17.0865,-2.702,2.6068,0.2395,0.3813,3.7353,0.3792,0.0474,0.4478,truck,157,118.1425,-52.1601,-3.339,1.4209,3.6283,0.0562,157.8358,3.6287570613090097,13.063525420712436,-14.213700000000003,8.3645,0.637,1.1858999999999997,1.3461529667909213,16.49224447854203,0,03_15_157_5258_ego_157,0,5258,5258,5261,vehicle_vehicle,0.09329548707913161,2.7549455967670835,2.784218002379627,14.374620329594796,15.0,3.0,3.5,0.8,1.6068658935953555,5.78471721694328
3,157,5198,215,118.1425,-52.1601,157.8358,2.1042,5.1245,-3.339,1.4209,0.3225,-0.0296,3.6283,0.0562,-0.3098,0.0942,car,157,118.1425,-52.1601,-3.339,1.4209,3.6283,0.0562,157.8358,3.6287570613090097,13.063525420712436,0.0,0.0,0.0,0.0,0.0,0.0,1,03_15_157_5258_ego_157,1,5258,5258,5261,vehicle_vehicle,0.09329548707913161,2.7549455967670835,2.784218002379627,14.374620329594796,15.0,3.0,3.5,0.8,1.6068658935953555,5.78471721694328
3,15,5199,5199,90.3577,-63.6005,23.2665,2.4422,2.6081,4.4626,2.1152,-0.7185,1.0127,4.9352,-0.1804,-0.26,-1.2142,trailer,157,118.009,-52.1029,-3.3263,1.4201,3.6162,0.0597,157.8264,3.6167603874185525,13.02033739470679,-27.651300000000006,-11.497599999999998,7.7889,0.6951000000000003,7.819854680235433,29.946438810816893,0,03_15_157_5258_ego_157,1,5258,5258,5261,vehicle_vehicle,0.09329548707913161,2.7549455967670835,2.784218002379627,14.374620329594796,15.0,3.0,3.5,0.8,1.6068658935953555,5.78471721694328
3,17,5199,5199,95.4864,-60.5378,39.2172,2.6151,6.8077,3.7195,3.3386,-0.8551,0.6824,4.9926,-0.2349,-0.231,-1.0693,truck,157,118.009,-52.1029,-3.3263,1.4201,3.6162,0.0597,157.8264,3.6167603874185525,13.02033739470679,-22.522599999999997,-8.434899999999999,7.0458,1.9185,7.302324279980998,24.05026088777417,0,03_15_157_5258_ego_157,0,5258,5258,5261,vehicle_vehicle,0.09329548707913161,2.7549455967670835,2.784218002379627,14.374620329594796,15.0,3.0,3.5,0.8,1.6068658935953555,5.78471721694328
3,152,5199,318,103.821,-43.6924,141.5794,3.3232,17.0865,-2.692,2.6222,0.2128,0.4088,3.7386,0.3815,0.0873,0.4525,truck,157,118.009,-52.1029,-3.3263,1.4201,3.6162,0.0597,157.8264,3.6167603874185525,13.02033739470679,-14.188000000000002,8.410499999999999,0.6342999999999996,1.2021,1.359183909557496,16.49350945826873,0,03_15_157_5258_ego_157,0,5258,5258,5261,vehicle_vehicle,0.09329548707913161,2.7549455967670835,2.784218002379627,14.374620329594796,15.0,3.0,3.5,0.8,1.6068658935953555,5.78471721694328
3,157,5199,216,118.009,-52.1029,157.8264,2.1042,5.1245,-3.3263,1.4201,0.336,-0.0318,3.6162,0.0597,-0.3231,0.0974,car,157,118.009,-52.1029,-3.3263,1.4201,3.6162,0.0597,157.8264,3.6167603874185525,13.02033739470679,0.0,0.0,0.0,0.0,0.0,0.0,1,03_15_157_5258_ego_157,1,5258,5258,5261,vehicle_vehicle,0.09329548707913161,2.7549455967670835,2.784218002379627,14.374620329594796,15.0,3.0,3.5,0.8,1.6068658935953555,5.78471721694328
3,15,5200,5200,90.5357,-63.5148,24.0608,2.4422,2.6081,4.434,2.1556,-0.7248,1.0014,4.9276,-0.1606,-0.2535,-1.2099,trailer,157,117.8759,-52.046,-3.3129,1.4191,3.6035,0.063,157.8133,3.6040465063592064,12.974567422893143,-27.340199999999996,-11.468800000000002,7.7469,0.7365000000000002,7.781830880968823,29.648269923892688,0,03_15_157_5258_ego_157,1,5258,5258,5261,vehicle_vehicle,0.09329548707913161,2.7549455967670835,2.784218002379627,14.374620329594796,15.0,3.0,3.5,0.8,1.6068658935953555,5.78471721694328
3,17,5200,5200,95.634,-60.4028,39.7437,2.6151,6.8077,3.6862,3.3658,-0.8533,0.6654,4.9863,-0.2312,-0.2307,-1.0572,truck,157,117.8759,-52.046,-3.3129,1.4191,3.6035,0.063,157.8133,3.6040465063592064,12.974567422893143,-22.2419,-8.3568,6.9991,1.9467,7.264780912044079,23.76001308606542,0,03_15_157_5258_ego_157,0,5258,5258,5261,vehicle_vehicle,0.09329548707913161,2.7549455967670835,2.784218002379627,14.374620329594796,15.0,3.0,3.5,0.8,1.6068658935953555,5.78471721694328
3,152,5200,319,103.7142,-43.5887,141.3367,3.3232,17.0865,-2.6834,2.6393,0.1858,0.4359,3.7442,0.3844,0.1272,0.4564,truck,157,117.8759,-52.046,-3.3129,1.4191,3.6035,0.063,157.8133,3.6040465063592064,12.974567422893143,-14.161699999999996,8.457299999999996,0.6295000000000002,1.2202,1.3730106663824575,16.494837682741828,0,03_15_157_5258_ego_157,0,5258,5258,5261,vehicle_vehicle,0.09329548707913161,2.7549455967670835,2.784218002379627,14.374620329594796,15.0,3.0,3.5,0.8,1.6068658935953555,5.78471721694328
3,157,5200,217,117.8759,-52.046,157.8133,2.1042,5.1245,-3.3129,1.4191,0.3495,-0.0343,3.6035,0.063,-0.3366,0.1003,car,157,117.8759,-52.046,-3.3129,1.4191,3.6035,0.063,157.8133,3.6040465063592064,12.974567422893143,0.0,0.0,0.0,0.0,0.0,0.0,1,03_15_157_5258_ego_157,1,5258,5258,5261,vehicle_vehicle,0.09329548707913161,2.7549455967670835,2.784218002379627,14.374620329594796,15.0,3.0,3.5,0.8,1.6068658935953555,5.78471721694328
3,15,5201,5201,90.7126,-63.4285,24.7613,2.4422,2.6081,4.4051,2.1959,-0.7311,0.99,4.9198,-0.149,-0.2492,-1.2052,trailer,157,117.7436,-51.9886,-3.2989,1.4178,3.5901,0.066,157.7959,3.590668189905606,12.926405483660181,-27.031000000000006,-11.439900000000002,7.704000000000001,0.7781,7.743194147766153,29.35210849342855,0,03_15_157_5258_ego_157,1,5258,5258,5261,vehicle_vehicle,0.09329548707913161,2.7549455967670835,2.784218002379627,14.374620329594796,15.0,3.0,3.5,0.8,1.6068658935953555,5.78471721694328
3,17,5201,5201,95.7808,-60.2671,40.2597,2.6151,6.8077,3.6529,3.392,-0.8524,0.6487,4.9797,-0.2278,-0.2312,-1.0459,truck,157,117.7436,-51.9886,-3.2989,1.4178,3.5901,0.066,157.7959,3.590668189905606,12.926405483660181,-21.9628,-8.278500000000001,6.9518,1.9742,7.226685884968296,23.47121952711448,0,03_15_157_5258_ego_157,0,5258,5258,5261,vehicle_vehicle,0.09329548707913161,2.7549455967670835,2.784218002379627,14.374620329594796,15.0,3.0,3.5,0.8,1.6068658935953555,5.78471721694328
3,152,5201,320,103.6071,-43.4835,141.0938,3.3232,17.0865,-2.6759,2.6577,0.1588,0.4621,3.7515,0.3876,0.1666,0.4593,truck,157,117.7436,-51.9886,-3.2989,1.4178,3.5901,0.066,157.7959,3.590668189905606,12.926405483660181,-14.136499999999998,8.505099999999999,0.6230000000000002,1.2399000000000002,1.387617025695491,16.497798588296558,0,03_15_157_5258_ego_157,0,5258,5258,5261,vehicle_vehicle,0.09329548707913161,2.7549455967670835,2.784218002379627,14.374620329594796,15.0,3.0,3.5,0.8,1.6068658935953555,5.78471721694328
3,157,5201,218,117.7436,-51.9886,157.7959,2.1042,5.1245,-3.2989,1.4178,0.3632,-0.037,3.5901,0.066,-0.3502,0.103,car,157,117.7436,-51.9886,-3.2989,1.4178,3.5901,0.066,157.7959,3.590668189905606,12.926405483660181,0.0,0.0,0.0,0.0,0.0,0.0,1,03_15_157_5258_ego_157,1,5258,5258,5261,vehicle_vehicle,0.09329548707913161,2.7549455967670835,2.784218002379627,14.374620329594796,15.0,3.0,3.5,0.8,1.6068658935953555,5.78471721694328
3,15,5202,5202,90.8892,-63.3401,25.4027,2.4422,2.6081,4.3755,2.2358,-0.7372,0.9784,4.9116,-0.1427,-0.2463,-1.2,trailer,157,117.6111,-51.9317,-3.2841,1.4163,3.5758,0.0686,157.7707,3.576481301502917,12.875332685410502,-26.72189999999999,-11.4084,7.659599999999999,0.8194999999999999,7.703314378240057,29.055318448951812,0,03_15_157_5258_ego_157,1,5258,5258,5261,vehicle_vehicle,0.09329548707913161,2.7549455967670835,2.784218002379627,14.374620329594796,15.0,3.0,3.5,0.8,1.6068658935953555,5.78471721694328
3,17,5202,5202,95.9266,-60.1302,40.7793,2.6151,6.8077,3.6194,3.4172,-0.8522,0.6325,4.9727,-0.2236,-0.2322,-1.0356,truck,157,117.6111,-51.9317,-3.2841,1.4163,3.5758,0.0686,157.7707,3.576481301502917,12.875332685410502,-21.6845,-8.198500000000003,6.9035,2.0008999999999997,7.187622211830558,23.182599994392348,0,03_15_157_5258_ego_157,0,5258,5258,5261,vehicle_vehicle,0.09329548707913161,2.7549455967670835,2.784218002379627,14.374620329594796,15.0,3.0,3.5,0.8,1.6068658935953555,5.78471721694328
3,152,5202,321,103.499,-43.3771,140.8535,3.3232,17.0865,-2.6691,2.6773,0.1315,0.4872,3.7602,0.3914,0.2056,0.4609,truck,157,117.6111,-51.9317,-3.2841,1.4163,3.5758,0.0686,157.7707,3.576481301502917,12.875332685410502,-14.112099999999998,8.5546,0.6150000000000002,1.261,1.4029775479315412,16.502501251931477,0,03_15_157_5258_ego_157,0,5258,5258,5261,vehicle_vehicle,0.09329548707913161,2.7549455967670835,2.784218002379627,14.374620329594796,15.0,3.0,3.5,0.8,1.6068658935953555,5.78471721694328
3,157,5202,219,117.6111,-51.9317,157.7707,2.1042,5.1245,-3.2841,1.4163,0.3766,-0.0397,3.5758,0.0686,-0.3637,0.1058,car,157,117.6111,-51.9317,-3.2841,1.4163,3.5758,0.0686,157.7707,3.576481301502917,12.875332685410502,0.0,0.0,0.0,0.0,0.0,0.0,1,03_15_157_5258_ego_157,1,5258,5258,5261,vehicle_vehicle,0.09329548707913161,2.7549455967670835,2.784218002379627,14.374620329594796,15.0,3.0,3.5,0.8,1.6068658935953555,5.78471721694328
3,15,5203,5203,91.0634,-63.2501,26.1334,2.4422,2.6081,4.3458,2.2754,-0.7431,0.9663,4.9037,-0.1286,-0.2415,-1.1948,trailer,157,117.4805,-51.8749,-3.2689,1.4146,3.5611,0.0709,157.7396,3.5618535020407562,12.822672607346723,-26.417100000000005,-11.375200000000007,7.614699999999999,0.8607999999999998,7.6631999014771885,28.762099148879944,0,03_15_157_5258_ego_157,1,5258,5258,5261,vehicle_vehicle,0.09329548707913161,2.7549455967670835,2.784218002379627,14.374620329594796,15.0,3.0,3.5,0.8,1.6068658935953555,5.78471721694328
3,17,5203,5203,96.0707,-59.9924,41.2902,2.6151,6.8077,3.586,3.4416,-0.8526,0.6172,4.9655,-0.2196,-0.2334,-1.0264,truck,157,117.4805,-51.8749,-3.2689,1.4146,3.5611,0.0709,157.7396,3.5618535020407562,12.822672607346723,-21.409800000000004,-8.117500000000007,6.8549,2.027,7.148313298254351,22.897016012790843,0,03_15_157_5258_ego_157,0,5258,5258,5261,vehicle_vehicle,0.09329548707913161,2.7549455967670835,2.784218002379627,14.374620329594796,15.0,3.0,3.5,0.8,1.6068658935953555,5.78471721694328
3,152,5203,322,103.3922,-43.2701,140.6113,3.3232,17.0865,-2.6632,2.6981,0.1037,0.5111,3.7705,0.3953,0.2442,0.4608,truck,157,117.4805,-51.8749,-3.2689,1.4146,3.5611,0.0709,157.7396,3.5618535020407562,12.822672607346723,-14.088300000000004,8.604799999999997,0.6057000000000001,1.2835,1.419240902736389,16.508263988984428,0,03_15_157_5258_ego_157,0,5258,5258,5261,vehicle_vehicle,0.09329548707913161,2.7549455967670835,2.784218002379627,14.374620329594796,15.0,3.0,3.5,0.8,1.6068658935953555,5.78471721694328
3,157,5203,220,117.4805,-51.8749,157.7396,2.1042,5.1245,-3.2689,1.4146,0.3899,-0.0423,3.5611,0.0709,-0.3768,0.1086,car,157,117.4805,-51.8749,-3.2689,1.4146,3.5611,0.0709,157.7396,3.5618535020407562,12.822672607346723,0.0,0.0,0.0,0.0,0.0,0.0,1,03_15_157_5258_ego_157,1,5258,5258,5261,vehicle_vehicle,0.09329548707913161,2.7549455967670835,2.784218002379627,14.374620329594796,15.0,3.0,3.5,0.8,1.6068658935953555,5.78471721694328
3,15,5204,5204,91.2362,-63.1587,26.925,2.4422,2.6081,4.316,2.3146,-0.7489,0.9538,4.8962,-0.1093,-0.2358,-1.1895,trailer,157,117.3502,-51.8187,-3.2532,1.4129,3.5461,0.0723,157.6923,3.5467727090976666,12.7683817527516,-26.114000000000004,-11.340000000000003,7.5692,0.9017,7.622719431410289,28.46992441156106,0,03_15_157_5258_ego_157,1,5258,5258,5261,vehicle_vehicle,0.09329548707913161,2.7549455967670835,2.784218002379627,14.374620329594796,15.0,3.0,3.5,0.8,1.6068658935953555,5.78471721694328
3,17,5204,5204,96.2132,-59.8537,41.7851,2.6151,6.8077,3.5527,3.4651,-0.8538,0.6029,4.958,-0.2165,-0.235,-1.0185,truck,157,117.3502,-51.8187,-3.2532,1.4129,3.5461,0.0723,157.6923,3.5467727090976666,12.7683817527516,-21.137,-8.035000000000004,6.8059,2.0522,7.108572265230199,22.612695416513265,0,03_15_157_5258_ego_157,0,5258,5258,5261,vehicle_vehicle,0.09329548707913161,2.7549455967670835,2.784218002379627,14.374620329594796,15.0,3.0,3.5,0.8,1.6068658935953555,5.78471721694328
3,152,5204,323,103.2854,-43.1618,140.3718,3.3232,17.0865,-2.6583,2.7199,0.0751,0.5337,3.7822,0.3994,0.2826,0.459,truck,157,117.3502,-51.8187,-3.2532,1.4129,3.5461,0.0723,157.6923,3.5467727090976666,12.7683817527516,-14.064800000000005,8.6569,0.5949,1.307,1.4360205465103901,16.51546295596948,0,03_15_157_5258_ego_157,0,5258,5258,5261,vehicle_vehicle,0.09329548707913161,2.7549455967670835,2.784218002379627,14.374620329594796,15.0,3.0,3.5,0.8,1.6068658935953555,5.78471721694328
3,157,5204,221,117.3502,-51.8187,157.6923,2.1042,5.1245,-3.2532,1.4129,0.403,-0.0448,3.5461,0.0723,-0.3899,0.1115,car,157,117.3502,-51.8187,-3.2532,1.4129,3.5461,0.0723,157.6923,3.5467727090976666,12.7683817527516,0.0,0.0,0.0,0.0,0.0,0.0,1,03_15_157_5258_ego_157,1,5258,5258,5261,vehicle_vehicle,0.09329548707913161,2.7549455967670835,2.784218002379627,14.374620329594796,15.0,3.0,3.5,0.8,1.6068658935953555,5.78471721694328
3,15,5205,5205,91.4081,-63.0654,27.7513,2.4422,2.6081,4.286,2.3533,-0.7546,0.9407,4.8888,-0.0869,-0.2298,-1.1838,trailer,157,117.2202,-51.7627,-3.2369,1.4114,3.5305,0.0742,157.6459,3.5312280540910974,12.712420994727951,-25.8121,-11.302699999999994,7.5229,0.9419,7.581635708737264,28.17828124105514,0,03_15_157_5258_ego_157,1,5258,5258,5261,vehicle_vehicle,0.09329548707913161,2.7549455967670835,2.784218002379627,14.374620329594796,15.0,3.0,3.5,0.8,1.6068658935953555,5.78471721694328
3,17,5205,5205,96.3544,-59.7144,42.2776,2.6151,6.8077,3.5194,3.488,-0.8559,0.5898,4.9505,-0.2132,-0.2365,-1.0121,truck,157,117.2202,-51.7627,-3.2369,1.4114,3.5305,0.0742,157.6459,3.5312280540910974,12.712420994727951,-20.865800000000007,-7.951699999999995,6.7562999999999995,2.0766,7.068228720832398,22.329602381815942,0,03_15_157_5258_ego_157,0,5258,5258,5261,vehicle_vehicle,0.09329548707913161,2.7549455967670835,2.784218002379627,14.374620329594796,15.0,3.0,3.5,0.8,1.6068658935953555,5.78471721694328
3,152,5205,324,103.1786,-43.0523,140.1336,3.3232,17.0865,-2.6544,2.7425,0.0458,0.555,3.7953,0.4035,0.3206,0.4553,truck,157,117.2202,-51.7627,-3.2369,1.4114,3.5305,0.0742,157.6459,3.5312280540910974,12.712420994727951,-14.041600000000003,8.7104,0.5825,1.3311000000000002,1.4529740052733222,16.523849391712577,0,03_15_157_5258_ego_157,0,5258,5258,5261,vehicle_vehicle,0.09329548707913161,2.7549455967670835,2.784218002379627,14.374620329594796,15.0,3.0,3.5,0.8,1.6068658935953555,5.78471721694328
3,157,5205,222,117.2202,-51.7627,157.6459,2.1042,5.1245,-3.2369,1.4114,0.4161,-0.0475,3.5305,0.0742,-0.4029,0.1143,car,157,117.2202,-51.7627,-3.2369,1.4114,3.5305,0.0742,157.6459,3.5312280540910974,12.712420994727951,0.0,0.0,0.0,0.0,0.0,0.0,1,03_15_157_5258_ego_157,1,5258,5258,5261,vehicle_vehicle,0.09329548707913161,2.7549455967670835,2.784218002379627,14.374620329594796,15.0,3.0,3.5,0.8,1.6068658935953555,5.78471721694328
3,15,5206,5206,91.5791,-62.9707,28.5347,2.4422,2.6081,4.2558,2.3916,-0.7603,0.927,4.8813,-0.0681,-0.2251,-1.1775,trailer,157,117.0903,-51.7063,-3.2198,1.4097,3.5141,0.0768,157.6078,3.5148778257572486,12.653560172726095,-25.511200000000002,-11.264400000000002,7.4756,0.9819,7.539809213103472,27.887417105210734,0,03_15_157_5258_ego_157,1,5258,5258,5261,vehicle_vehicle,0.09329548707913161,2.7549455967670835,2.784218002379627,14.374620329594796,15.0,3.0,3.5,0.8,1.6068658935953555,5.78471721694328
3,17,5206,5206,96.494,-59.5745,42.7666,2.6151,6.8077,3.4862,3.5104,-0.8589,0.5779,4.943,-0.2099,-0.2381,-1.0074,truck,157,117.0903,-51.7063,-3.2198,1.4097,3.5141,0.0768,157.6078,3.5148778257572486,12.653560172726095,-20.5963,-7.868200000000002,6.706,2.1007000000000002,7.027330680279675,22.048041748191604,0,03_15_157_5258_ego_157,0,5258,5258,5261,vehicle_vehicle,0.09329548707913161,2.7549455967670835,2.784218002379627,14.374620329594796,15.0,3.0,3.5,0.8,1.6068658935953555,5.78471721694328
3,152,5206,325,103.0721,-42.942,139.898,3.3232,17.0865,-2.6515,2.7659,0.0154,0.5751,3.8097,0.4077,0.3587,0.4498,truck,157,117.0903,-51.7063,-3.2198,1.4097,3.5141,0.0768,157.6078,3.5148778257572486,12.653560172726095,-14.018199999999993,8.764299999999999,0.5683000000000002,1.3561999999999999,1.4704568439774082,16.53247972114286,0,03_15_157_5258_ego_157,0,5258,5258,5261,vehicle_vehicle,0.09329548707913161,2.7549455967670835,2.784218002379627,14.374620329594796,15.0,3.0,3.5,0.8,1.6068658935953555,5.78471721694328
3,157,5206,223,117.0903,-51.7063,157.6078,2.1042,5.1245,-3.2198,1.4097,0.4288,-0.0505,3.5141,0.0768,-0.4157,0.1167,car,157,117.0903,-51.7063,-3.2198,1.4097,3.5141,0.0768,157.6078,3.5148778257572486,12.653560172726095,0.0,0.0,0.0,0.0,0.0,0.0,1,03_15_157_5258_ego_157,1,5258,5258,5261,vehicle_vehicle,0.09329548707913161,2.7549455967670835,2.784218002379627,14.374620329594796,15.0,3.0,3.5,0.8,1.6068658935953555,5.78471721694328
3,15,5207,5207,91.7487,-62.8738,29.1858,2.4422,2.6081,4.2253,2.4291,-0.7659,0.9127,4.8734,-0.0603,-0.2236,-1.1703,trailer,157,116.961,-51.6505,-3.2019,1.4081,3.497,0.0796,157.5645,3.4978435099358007,12.592236635768883,-25.2123,-11.223300000000002,7.4272,1.0210000000000001,7.497048808697993,27.597509564813997,0,03_15_157_5258_ego_157,1,5258,5258,5261,vehicle_vehicle,0.09329548707913161,2.7549455967670835,2.784218002379627,14.374620329594796,15.0,3.0,3.5,0.8,1.6068658935953555,5.78471721694328
3,17,5207,5207,96.632,-59.4338,43.2466,2.6151,6.8077,3.4533,3.5324,-0.8631,0.5671,4.9356,-0.2071,-0.2401,-1.0044,truck,157,116.961,-51.6505,-3.2019,1.4081,3.497,0.0796,157.5645,3.4978435099358007,12.592236635768883,-20.328999999999994,-7.783299999999997,6.655200000000001,2.1243,6.98601012953746,21.768049979040377,0,03_15_157_5258_ego_157,0,5258,5258,5261,vehicle_vehicle,0.09329548707913161,2.7549455967670835,2.784218002379627,14.374620329594796,15.0,3.0,3.5,0.8,1.6068658935953555,5.78471721694328
3,152,5207,326,102.9654,-42.8307,139.6648,3.3232,17.0865,-2.6495,2.7899,-0.0162,0.5941,3.8254,0.4118,0.3969,0.4424,truck,157,116.961,-51.6505,-3.2019,1.4081,3.497,0.0796,157.5645,3.4978435099358007,12.592236635768883,-13.995599999999996,8.8198,0.5524,1.3818,1.4881253307433484,16.54284411460133,0,03_15_157_5258_ego_157,0,5258,5258,5261,vehicle_vehicle,0.09329548707913161,2.7549455967670835,2.784218002379627,14.374620329594796,15.0,3.0,3.5,0.8,1.6068658935953555,5.78471721694328
3,157,5207,224,116.961,-51.6505,157.5645,2.1042,5.1245,-3.2019,1.4081,0.4409,-0.0537,3.497,0.0796,-0.4281,0.1186,car,157,116.961,-51.6505,-3.2019,1.4081,3.497,0.0796,157.5645,3.4978435099358007,12.592236635768883,0.0,0.0,0.0,0.0,0.0,0.0,1,03_15_157_5258_ego_157,1,5258,5258,5261,vehicle_vehicle,0.09329548707913161,2.7549455967670835,2.784218002379627,14.374620329594796,15.0,3.0,3.5,0.8,1.6068658935953555,5.78471721694328
3,15,5208,5208,91.9166,-62.7757,29.7354,2.4422,2.6081,4.1948,2.466,-0.7716,0.898,4.8656,-0.0607,-0.2246,-1.1625,trailer,157,116.834,-51.5951,-3.1838,1.4068,3.4797,0.082,157.5109,3.4807569119374024,12.53072488297465,-24.9174,-11.180599999999998,7.3786000000000005,1.0592000000000001,7.454236553799457,27.31085203943663,0,03_15_157_5258_ego_157,1,5258,5258,5261,vehicle_vehicle,0.09329548707913161,2.7549455967670835,2.784218002379627,14.374620329594796,15.0,3.0,3.5,0.8,1.6068658935953555,5.78471721694328
3,17,5208,5208,96.7686,-59.2923,43.7153,2.6151,6.8077,3.4204,3.5541,-0.8688,0.5574,4.9284,-0.2051,-0.2428,-1.0033,truck,157,116.834,-51.5951,-3.1838,1.4068,3.4797,0.082,157.5109,3.4807569119374024,12.53072488297465,-20.065399999999997,-7.697199999999995,6.6042000000000005,2.1473,6.9445197767736255,21.491095016308496,0,03_15_157_5258_ego_157,0,5258,5258,5261,vehicle_vehicle,0.09329548707913161,2.7549455967670835,2.784218002379627,14.374620329594796,15.0,3.0,3.5,0.8,1.6068658935953555,5.78471721694328
3,152,5208,327,102.8597,-42.7192,139.4356,3.3232,17.0865,-2.6489,2.815,-0.0491,0.6119,3.8429,0.4159,0.4352,0.4329,truck,157,116.834,-51.5951,-3.1838,1.4068,3.4797,0.082,157.5109,3.4807569119374024,12.53072488297465,-13.9743,8.875900000000001,0.5349000000000004,1.4082,1.5063682318742653,16.55483800283168,0,03_15_157_5258_ego_157,0,5258,5258,5261,vehicle_vehicle,0.09329548707913161,2.7549455967670835,2.784218002379627,14.374620329594796,15.0,3.0,3.5,0.8,1.6068658935953555,5.78471721694328
3,157,5208,225,116.834,-51.5951,157.5109,2.1042,5.1245,-3.1838,1.4068,0.4524,-0.0576,3.4797,0.082,-0.44,0.1198,car,157,116.834,-51.5951,-3.1838,1.4068,3.4797,0.082,157.5109,3.4807569119374024,12.53072488297465,0.0,0.0,0.0,0.0,0.0,0.0,1,03_15_157_5258_ego_157,1,5258,5258,5261,vehicle_vehicle,0.09329548707913161,2.7549455967670835,2.784218002379627,14.374620329594796,15.0,3.0,3.5,0.8,1.6068658935953555,5.78471721694328
3,15,5209,5209,92.0838,-62.676,30.346,2.4422,2.6081,4.1641,2.5022,-0.7774,0.8831,4.8577,-0.0556,-0.2247,-1.1548,trailer,157,116.7074,-51.5397,-3.1653,1.4056,3.4623,0.0847,157.4578,3.4633560963319954,12.468081946795184,-24.62360000000001,-11.136299999999999,7.3294,1.0966000000000002,7.410980766403323,27.02478223131503,0,03_15_157_5258_ego_157,1,5258,5258,5261,vehicle_vehicle,0.09329548707913161,2.7549455967670835,2.784218002379627,14.374620329594796,15.0,3.0,3.5,0.8,1.6068658935953555,5.78471721694328
3,17,5209,5209,96.9044,-59.1492,44.1768,2.6151,6.8077,3.3875,3.5752,-0.8764,0.5488,4.921,-0.2034,-0.246,-1.0043,truck,157,116.7074,-51.5397,-3.1653,1.4056,3.4623,0.0847,157.4578,3.4633560963319954,12.468081946795184,-19.80300000000001,-7.609499999999997,6.5527999999999995,2.1696,6.90263370026253,21.214695360763503,0,03_15_157_5258_ego_157,0,5258,5258,5261,vehicle_vehicle,0.09329548707913161,2.7549455967670835,2.784218002379627,14.374620329594796,15.0,3.0,3.5,0.8,1.6068658935953555,5.78471721694328
3,152,5209,328,102.7545,-42.6071,139.2067,3.3232,17.0865,-2.65,2.8412,-0.083,0.6282,3.8624,0.4197,0.4733,0.4214,truck,157,116.7074,-51.5397,-3.1653,1.4056,3.4623,0.0847,157.4578,3.4633560963319954,12.468081946795184,-13.952900000000014,8.9326,0.5152999999999999,1.4356000000000002,1.5252807774308312,16.567279836171068,0,03_15_157_5258_ego_157,0,5258,5258,5261,vehicle_vehicle,0.09329548707913161,2.7549455967670835,2.784218002379627,14.374620329594796,15.0,3.0,3.5,0.8,1.6068658935953555,5.78471721694328
3,157,5209,226,116.7074,-51.5397,157.4578,2.1042,5.1245,-3.1653,1.4056,0.4634,-0.0624,3.4623,0.0847,-0.452,0.12,car,157,116.7074,-51.5397,-3.1653,1.4056,3.4623,0.0847,157.4578,3.4633560963319954,12.468081946795184,0.0,0.0,0.0,0.0,0.0,0.0,1,03_15_157_5258_ego_157,1,5258,5258,5261,vehicle_vehicle,0.09329548707913161,2.7549455967670835,2.784218002379627,14.374620329594796,15.0,3.0,3.5,0.8,1.6068658935953555,5.78471721694328
3,15,5210,5210,92.2508,-62.5751,30.8443,2.4422,2.6081,4.1327,2.5377,-0.7831,0.8679,4.8493,-0.0599,-0.2273,-1.1466,trailer,157,116.5825,-51.4842,-3.147,1.4045,3.4451,0.0861,157.3803,3.446190541743158,12.406285950275368,-24.331699999999998,-11.090899999999998,7.2797,1.1332,7.367372281213974,26.74022602185703,0,03_15_157_5258_ego_157,1,5258,5258,5261,vehicle_vehicle,0.09329548707913161,2.7549455967670835,2.784218002379627,14.374620329594796,15.0,3.0,3.5,0.8,1.6068658935953555,5.78471721694328
3,17,5210,5210,97.0404,-59.0056,44.6312,2.6151,6.8077,3.3538,3.5959,-0.8855,0.5415,4.913,-0.2028,-0.2497,-1.0074,truck,157,116.5825,-51.4842,-3.147,1.4045,3.4451,0.0861,157.3803,3.446190541743158,12.406285950275368,-19.54209999999999,-7.5214,6.5008,2.1914,6.860221177192467,20.939558982223087,0,03_15_157_5258_ego_157,0,5258,5258,5261,vehicle_vehicle,0.09329548707913161,2.7549455967670835,2.784218002379627,14.374620329594796,15.0,3.0,3.5,0.8,1.6068658935953555,5.78471721694328
3,152,5210,329,102.6489,-42.4936,138.98,3.3232,17.0865,-2.6526,2.8683,-0.1178,0.6427,3.8838,0.4231,0.5107,0.4076,truck,157,116.5825,-51.4842,-3.147,1.4045,3.4451,0.0861,157.3803,3.446190541743158,12.406285950275368,-13.933599999999998,8.9906,0.49439999999999973,1.4638,1.54503779889037,16.58240324319729,0,03_15_157_5258_ego_157,0,5258,5258,5261,vehicle_vehicle,0.09329548707913161,2.7549455967670835,2.784218002379627,14.374620329594796,15.0,3.0,3.5,0.8,1.6068658935953555,5.78471721694328
3,157,5210,227,116.5825,-51.4842,157.3803,2.1042,5.1245,-3.147,1.4045,0.4744,-0.0686,3.4451,0.0861,-0.4642,0.1192,car,157,116.5825,-51.4842,-3.147,1.4045,3.4451,0.0861,157.3803,3.446190541743158,12.406285950275368,0.0,0.0,0.0,0.0,0.0,0.0,1,03_15_157_5258_ego_157,1,5258,5258,5261,vehicle_vehicle,0.09329548707913161,2.7549455967670835,2.784218002379627,14.374620329594796,15.0,3.0,3.5,0.8,1.6068658935953555,5.78471721694328
3,15,5211,5211,92.4166,-62.4727,31.419,2.4422,2.6081,4.1006,2.5725,-0.7882,0.8525,4.8404,-0.0577,-0.2282,-1.1385,trailer,157,116.4581,-51.4276,-3.1286,1.403,3.4277,0.0866,157.2949,3.4287821394775144,12.343615702119052,-24.0415,-11.045100000000005,7.2292000000000005,1.1694999999999998,7.323186662239329,26.457285504374784,0,03_15_157_5258_ego_157,1,5258,5258,5261,vehicle_vehicle,0.09329548707913161,2.7549455967670835,2.784218002379627,14.374620329594796,15.0,3.0,3.5,0.8,1.6068658935953555,5.78471721694328
3,17,5211,5211,97.175,-58.8613,45.0894,2.6151,6.8077,3.3193,3.6162,-0.8957,0.5355,4.9045,-0.2023,-0.2531,-1.0124,truck,157,116.4581,-51.4276,-3.1286,1.403,3.4277,0.0866,157.2949,3.4287821394775144,12.343615702119052,-19.283100000000005,-7.433700000000002,6.447900000000001,2.2132,6.817159866836042,20.66634562035582,0,03_15_157_5258_ego_157,0,5258,5258,5261,vehicle_vehicle,0.09329548707913161,2.7549455967670835,2.784218002379627,14.374620329594796,15.0,3.0,3.5,0.8,1.6068658935953555,5.78471721694328
3,152,5211,330,102.5427,-42.3787,138.7567,3.3232,17.0865,-2.6566,2.8961,-0.1533,0.6552,3.9068,0.4262,0.5472,0.3915,truck,157,116.4581,-51.4276,-3.1286,1.403,3.4277,0.0866,157.2949,3.4287821394775144,12.343615702119052,-13.915400000000005,9.048899999999996,0.472,1.4931,1.565928354044335,16.59882370440749,0,03_15_157_5258_ego_157,0,5258,5258,5261,vehicle_vehicle,0.09329548707913161,2.7549455967670835,2.784218002379627,14.374620329594796,15.0,3.0,3.5,0.8,1.6068658935953555,5.78471721694328
3,157,5211,228,116.4581,-51.4276,157.2949,2.1042,5.1245,-3.1286,1.403,0.4857,-0.076,3.4277,0.0866,-0.4774,0.1174,car,157,116.4581,-51.4276,-3.1286,1.403,3.4277,0.0866,157.2949,3.4287821394775144,12.343615702119052,0.0,0.0,0.0,0.0,0.0,0.0,1,03_15_157_5258_ego_157,1,5258,5258,5261,vehicle_vehicle,0.09329548707913161,2.7549455967670835,2.784218002379627,14.374620329594796,15.0,3.0,3.5,0.8,1.6068658935953555,5.78471721694328
3,15,5212,5212,92.581,-62.3687,32.0101,2.4422,2.6081,4.0679,2.6066,-0.7925,0.8372,4.8311,-0.054,-0.2282,-1.1299,trailer,157,116.3334,-51.3708,-3.1098,1.4008,3.4097,0.0865,157.2038,3.4107325723369164,12.2786372604129,-23.752399999999994,-10.997899999999994,7.1777,1.2057999999999998,7.278278019559297,26.174993986054698,0,03_15_157_5258_ego_157,1,5258,5258,5261,vehicle_vehicle,0.09329548707913161,2.7549455967670835,2.784218002379627,14.374620329594796,15.0,3.0,3.5,0.8,1.6068658935953555,5.78471721694328
3,17,5212,5212,97.3079,-58.7163,45.5584,2.6151,6.8077,3.284,3.6364,-0.9066,0.5307,4.8957,-0.2015,-0.2559,-1.0189,truck,157,116.3334,-51.3708,-3.1098,1.4008,3.4097,0.0865,157.2038,3.4107325723369164,12.2786372604129,-19.025499999999994,-7.345499999999994,6.3938,2.2356,6.773373295485787,20.394264402032245,0,03_15_157_5258_ego_157,0,5258,5258,5261,vehicle_vehicle,0.09329548707913161,2.7549455967670835,2.784218002379627,14.374620329594796,15.0,3.0,3.5,0.8,1.6068658935953555,5.78471721694328
3,152,5212,331,102.436,-42.2623,138.5347,3.3232,17.0865,-2.6618,2.9243,-0.1896,0.6655,3.9311,0.4288,0.5828,0.3732,truck,157,116.3334,-51.3708,-3.1098,1.4008,3.4097,0.0865,157.2038,3.4107325723369164,12.2786372604129,-13.89739999999999,9.1085,0.44799999999999995,1.5235,1.5880038570482127,16.61633229717075,0,03_15_157_5258_ego_157,0,5258,5258,5261,vehicle_vehicle,0.09329548707913161,2.7549455967670835,2.784218002379627,14.374620329594796,15.0,3.0,3.5,0.8,1.6068658935953555,5.78471721694328
3,157,5212,229,116.3334,-51.3708,157.2038,2.1042,5.1245,-3.1098,1.4008,0.4977,-0.0845,3.4097,0.0865,-0.4916,0.115,car,157,116.3334,-51.3708,-3.1098,1.4008,3.4097,0.0865,157.2038,3.4107325723369164,12.2786372604129,0.0,0.0,0.0,0.0,0.0,0.0,1,03_15_157_5258_ego_157,1,5258,5258,5261,vehicle_vehicle,0.09329548707913161,2.7549455967670835,2.784218002379627,14.374620329594796,15.0,3.0,3.5,0.8,1.6068658935953555,5.78471721694328
3,15,5213,5213,92.7445,-62.2633,32.6993,2.4422,2.6081,4.0345,2.6398,-0.7953,0.8219,4.8213,-0.0419,-0.2252,-1.1213,trailer,157,116.2095,-51.3151,-3.0906,1.3985,3.3912,0.086,157.106,3.3922869291968802,12.212232945108768,-23.465000000000003,-10.9482,7.1251,1.2413,7.2324183852982395,25.89342210369267,0,03_15_157_5258_ego_157,1,5258,5258,5261,vehicle_vehicle,0.09329548707913161,2.7549455967670835,2.784218002379627,14.374620329594796,15.0,3.0,3.5,0.8,1.6068658935953555,5.78471721694328
3,17,5213,5213,97.4389,-58.5702,46.0287,2.6151,6.8077,3.2482,3.6563,-0.9181,0.5272,4.8866,-0.2009,-0.258,-1.0268,truck,157,116.2095,-51.3151,-3.0906,1.3985,3.3912,0.086,157.106,3.3922869291968802,12.212232945108768,-18.7706,-7.255099999999999,6.3388,2.2577999999999996,6.728896364189302,20.12391364446787,0,03_15_157_5258_ego_157,0,5258,5258,5261,vehicle_vehicle,0.09329548707913161,2.7549455967670835,2.784218002379627,14.374620329594796,15.0,3.0,3.5,0.8,1.6068658935953555,5.78471721694328
3,152,5213,332,102.3296,-42.1443,138.3149,3.3232,17.0865,-2.6687,2.9529,-0.2267,0.6739,3.9567,0.4305,0.6175,0.3525,truck,157,116.2095,-51.3151,-3.0906,1.3985,3.3912,0.086,157.106,3.3922869291968802,12.212232945108768,-13.879900000000006,9.1708,0.42189999999999994,1.5544,1.610639304748273,16.635960947597834,0,03_15_157_5258_ego_157,0,5258,5258,5261,vehicle_vehicle,0.09329548707913161,2.7549455967670835,2.784218002379627,14.374620329594796,15.0,3.0,3.5,0.8,1.6068658935953555,5.78471721694328
3,157,5213,230,116.2095,-51.3151,157.106,2.1042,5.1245,-3.0906,1.3985,0.5104,-0.0939,3.3912,0.086,-0.5067,0.1121,car,157,116.2095,-51.3151,-3.0906,1.3985,3.3912,0.086,157.106,3.3922869291968802,12.212232945108768,0.0,0.0,0.0,0.0,0.0,0.0,1,03_15_157_5258_ego_157,1,5258,5258,5261,vehicle_vehicle,0.09329548707913161,2.7549455967670835,2.784218002379627,14.374620329594796,15.0,3.0,3.5,0.8,1.6068658935953555,5.78471721694328
3,15,5214,5214,92.9056,-62.1568,33.387,2.4422,2.6081,4.0008,2.6724,-0.7963,0.8069,4.8112,-0.0297,-0.2209,-1.112,trailer,157,116.0866,-51.2597,-3.071,1.3959,3.3723,0.0857,157.0111,3.373362982247834,12.144106736092203,-23.180999999999997,-10.897099999999995,7.0718,1.2765000000000002,7.1860842946628445,25.61455737290808,0,03_15_157_5258_ego_157,1,5258,5258,5261,vehicle_vehicle,0.09329548707913161,2.7549455967670835,2.784218002379627,14.374620329594796,15.0,3.0,3.5,0.8,1.6068658935953555,5.78471721694328
3,17,5214,5214,97.5684,-58.4236,46.4857,2.6151,6.8077,3.2117,3.676,-0.9299,0.525,4.8773,-0.2019,-0.2595,-1.0358,truck,157,116.0866,-51.2597,-3.071,1.3959,3.3723,0.0857,157.0111,3.373362982247834,12.144106736092203,-18.518200000000007,-7.163899999999998,6.2827,2.2801,6.68364984869794,19.855608639626244,0,03_15_157_5258_ego_157,0,5258,5258,5261,vehicle_vehicle,0.09329548707913161,2.7549455967670835,2.784218002379627,14.374620329594796,15.0,3.0,3.5,0.8,1.6068658935953555,5.78471721694328
3,152,5214,333,102.2239,-42.0251,138.0995,3.3232,17.0865,-2.6775,2.9815,-0.2643,0.6805,3.984,0.431,0.6512,0.33,truck,157,116.0866,-51.2597,-3.071,1.3959,3.3723,0.0857,157.0111,3.373362982247834,12.144106736092203,-13.862700000000004,9.2346,0.39349999999999996,1.5856000000000001,1.6336981391921828,16.656899124687047,0,03_15_157_5258_ego_157,0,5258,5258,5261,vehicle_vehicle,0.09329548707913161,2.7549455967670835,2.784218002379627,14.374620329594796,15.0,3.0,3.5,0.8,1.6068658935953555,5.78471721694328
3,157,5214,231,116.0866,-51.2597,157.0111,2.1042,5.1245,-3.071,1.3959,0.5238,-0.1044,3.3723,0.0857,-0.523,0.1084,car,157,116.0866,-51.2597,-3.071,1.3959,3.3723,0.0857,157.0111,3.373362982247834,12.144106736092203,0.0,0.0,0.0,0.0,0.0,0.0,1,03_15_157_5258_ego_157,1,5258,5258,5261,vehicle_vehicle,0.09329548707913161,2.7549455967670835,2.784218002379627,14.374620329594796,15.0,3.0,3.5,0.8,1.6068658935953555,5.78471721694328
3,15,5215,5215,93.0647,-62.049,34.0735,2.4422,2.6081,3.9672,2.7042,-0.7955,0.7923,4.8012,-0.0173,-0.215,-1.102,trailer,157,115.965,-51.2039,-3.0512,1.3929,3.353,0.085,156.914,3.354100751319197,12.074762704749109,-22.9003,-10.845100000000002,7.0184,1.3113000000000001,7.13984917557787,25.33850694299094,0,03_15_157_5258_ego_157,1,5258,5258,5261,vehicle_vehicle,0.09329548707913161,2.7549455967670835,2.784218002379627,14.374620329594796,15.0,3.0,3.5,0.8,1.6068658935953555,5.78471721694328
3,17,5215,5215,97.6969,-58.276,46.9433,2.6151,6.8077,3.1745,3.6957,-0.9418,0.5242,4.8677,-0.2036,-0.2599,-1.046,truck,157,115.965,-51.2039,-3.0512,1.3929,3.353,0.085,156.914,3.354100751319197,12.074762704749109,-18.268100000000004,-7.072100000000006,6.2257,2.3028,6.637938560276074,19.5892336761804,0,03_15_157_5258_ego_157,0,5258,5258,5261,vehicle_vehicle,0.09329548707913161,2.7549455967670835,2.784218002379627,14.374620329594796,15.0,3.0,3.5,0.8,1.6068658935953555,5.78471721694328
3,152,5215,334,102.1184,-41.9043,137.8899,3.3232,17.0865,-2.6885,3.01,-0.3018,0.6856,4.0128,0.4302,0.6837,0.3062,truck,157,115.965,-51.2039,-3.0512,1.3929,3.353,0.085,156.914,3.354100751319197,12.074762704749109,-13.84660000000001,9.299599999999998,0.36270000000000024,1.6170999999999998,1.6572759878789047,16.679655024010547,0,03_15_157_5258_ego_157,0,5258,5258,5261,vehicle_vehicle,0.09329548707913161,2.7549455967670835,2.784218002379627,14.374620329594796,15.0,3.0,3.5,0.8,1.6068658935953555,5.78471721694328
3,157,5215,232,115.965,-51.2039,156.914,2.1042,5.1245,-3.0512,1.3929,0.5382,-0.1162,3.353,0.085,-0.5407,0.1041,car,157,115.965,-51.2039,-3.0512,1.3929,3.353,0.085,156.914,3.354100751319197,12.074762704749109,0.0,0.0,0.0,0.0,0.0,0.0,1,03_15_157_5258_ego_157,1,5258,5258,5261,vehicle_vehicle,0.09329548707913161,2.7549455967670835,2.784218002379627,14.374620329594796,15.0,3.0,3.5,0.8,1.6068658935953555,5.78471721694328
3,15,5216,5216,93.2223,-61.9393,34.6555,2.4422,2.6081,3.9339,2.7351,-0.7931,0.7784,4.7912,-0.0129,-0.2098,-1.0912,trailer,157,115.8438,-51.1475,-3.031,1.3892,3.3331,0.0844,156.827,3.334192202018354,12.003091927266075,-22.621499999999997,-10.791800000000002,6.9649,1.3459,7.093749278061638,25.063822723000573,0,03_15_157_5258_ego_157,1,5258,5258,5261,vehicle_vehicle,0.09329548707913161,2.7549455967670835,2.784218002379627,14.374620329594796,15.0,3.0,3.5,0.8,1.6068658935953555,5.78471721694328
3,17,5216,5216,97.8235,-58.1277,47.4008,2.6151,6.8077,3.1367,3.7153,-0.9536,0.5248,4.8579,-0.2058,-0.2592,-1.0571,truck,157,115.8438,-51.1475,-3.031,1.3892,3.3331,0.0844,156.827,3.334192202018354,12.003091927266075,-18.020300000000006,-6.980199999999996,6.1677,2.3261000000000003,6.5917573150109225,19.324968412134602,0,03_15_157_5258_ego_157,0,5258,5258,5261,vehicle_vehicle,0.09329548707913161,2.7549455967670835,2.784218002379627,14.374620329594796,15.0,3.0,3.5,0.8,1.6068658935953555,5.78471721694328
3,152,5216,335,102.0116,-41.7828,137.6922,3.3232,17.0865,-2.7014,3.0384,-0.3387,0.6896,4.043,0.4287,0.7147,0.282,truck,157,115.8438,-51.1475,-3.031,1.3892,3.3331,0.0844,156.827,3.334192202018354,12.003091927266075,-13.8322,9.3647,0.3296000000000001,1.6492000000000002,1.681813544956753,16.704112156292535,0,03_15_157_5258_ego_157,0,5258,5258,5261,vehicle_vehicle,0.09329548707913161,2.7549455967670835,2.784218002379627,14.374620329594796,15.0,3.0,3.5,0.8,1.6068658935953555,5.78471721694328
3,157,5216,233,115.8438,-51.1475,156.827,2.1042,5.1245,-3.031,1.3892,0.5538,-0.129,3.3331,0.0844,-0.5599,0.0994,car,157,115.8438,-51.1475,-3.031,1.3892,3.3331,0.0844,156.827,3.334192202018354,12.003091927266075,0.0,0.0,0.0,0.0,0.0,0.0,1,03_15_157_5258_ego_157,1,5258,5258,5261,vehicle_vehicle,0.09329548707913161,2.7549455967670835,2.784218002379627,14.374620329594796,15.0,3.0,3.5,0.8,1.6068658935953555,5.78471721694328
3,15,5217,5217,93.379,-61.8284,35.3515,2.4422,2.6081,3.9006,2.7651,-0.7891,0.7654,4.7813,0.0016,-0.2008,-1.0808,trailer,157,115.7233,-51.0915,-3.0102,1.3847,3.3124,0.0834,156.7402,3.3134118563800667,11.928282682968241,-22.34429999999999,-10.736899999999999,6.9108,1.3803999999999998,7.047315857828425,24.790094072028033,0,03_15_157_5258_ego_157,1,5258,5258,5261,vehicle_vehicle,0.09329548707913161,2.7549455967670835,2.784218002379627,14.374620329594796,15.0,3.0,3.5,0.8,1.6068658935953555,5.78471721694328
3,17,5217,5217,97.9488,-57.9788,47.8628,2.6151,6.8077,3.0981,3.7349,-0.9651,0.5267,4.8481,-0.2084,-0.2569,-1.069,truck,157,115.7233,-51.0915,-3.0102,1.3847,3.3124,0.0834,156.7402,3.3134118563800667,11.928282682968241,-17.77449999999999,-6.887299999999996,6.1083,2.3502,6.544827647081319,19.06220741519721,0,03_15_157_5258_ego_157,0,5258,5258,5261,vehicle_vehicle,0.09329548707913161,2.7549455967670835,2.784218002379627,14.374620329594796,15.0,3.0,3.5,0.8,1.6068658935953555,5.78471721694328
3,152,5217,336,101.9036,-41.6597,137.5007,3.3232,17.0865,-2.7159,3.0667,-0.3747,0.6927,4.0742,0.4262,0.7442,0.2576,truck,157,115.7233,-51.0915,-3.0102,1.3847,3.3124,0.0834,156.7402,3.3134118563800667,11.928282682968241,-13.819699999999997,9.431800000000003,0.29430000000000023,1.682,1.7075527781008704,16.731496027851183,0,03_15_157_5258_ego_157,0,5258,5258,5261,vehicle_vehicle,0.09329548707913161,2.7549455967670835,2.784218002379627,14.374620329594796,15.0,3.0,3.5,0.8,1.6068658935953555,5.78471721694328
3,157,5217,234,115.7233,-51.0915,156.7402,2.1042,5.1245,-3.0102,1.3847,0.5708,-0.1425,3.3124,0.0834,-0.5806,0.0945,car,157,115.7233,-51.0915,-3.0102,1.3847,3.3124,0.0834,156.7402,3.3134118563800667,11.928282682968241,0.0,0.0,0.0,0.0,0.0,0.0,1,03_15_157_5258_ego_157,1,5258,5258,5261,vehicle_vehicle,0.09329548707913161,2.7549455967670835,2.784218002379627,14.374620329594796,15.0,3.0,3.5,0.8,1.6068658935953555,5.78471721694328
3,15,5218,5218,93.5338,-61.7165,35.9955,2.4422,2.6081,3.8677,2.7943,-0.7837,0.7536,4.7715,0.0124,-0.1911,-1.0703,trailer,157,115.6038,-51.0358,-2.989,1.3794,3.2909,0.0826,156.6635,3.291939452663126,11.850982029587254,-22.070000000000007,-10.680700000000002,6.8567,1.4148999999999998,7.001162539178761,24.518610329502778,0,03_15_157_5258_ego_157,1,5258,5258,5261,vehicle_vehicle,0.09329548707913161,2.7549455967670835,2.784218002379627,14.374620329594796,15.0,3.0,3.5,0.8,1.6068658935953555,5.78471721694328
3,17,5218,5218,98.0724,-57.8294,48.326,2.6151,6.8077,3.0589,3.7548,-0.9761,0.5299,4.8385,-0.2118,-0.2532,-1.0814,truck,157,115.6038,-51.0358,-2.989,1.3794,3.2909,0.0826,156.6635,3.291939452663126,11.850982029587254,-17.531400000000005,-6.793599999999998,6.0479,2.3754,6.4976626235901165,18.80167510941512,0,03_15_157_5258_ego_157,0,5258,5258,5261,vehicle_vehicle,0.09329548707913161,2.7549455967670835,2.784218002379627,14.374620329594796,15.0,3.0,3.5,0.8,1.6068658935953555,5.78471721694328
3,152,5218,337,101.7953,-41.5355,137.3125,3.3232,17.0865,-2.7321,3.0946,-0.4095,0.6954,4.1064,0.4224,0.7725,0.2335,truck,157,115.6038,-51.0358,-2.989,1.3794,3.2909,0.0826,156.6635,3.291939452663126,11.850982029587254,-13.80850000000001,9.500300000000003,0.2568999999999999,1.7151999999999998,1.7343323355112767,16.760977666592133,0,03_15_157_5258_ego_157,0,5258,5258,5261,vehicle_vehicle,0.09329548707913161,2.7549455967670835,2.784218002379627,14.374620329594796,15.0,3.0,3.5,0.8,1.6068658935953555,5.78471721694328
3,157,5218,235,115.6038,-51.0358,156.6635,2.1042,5.1245,-2.989,1.3794,0.5892,-0.1566,3.2909,0.0826,-0.6031,0.0896,car,157,115.6038,-51.0358,-2.989,1.3794,3.2909,0.0826,156.6635,3.291939452663126,11.850982029587254,0.0,0.0,0.0,0.0,0.0,0.0,1,03_15_157_5258_ego_157,1,5258,5258,5261,vehicle_vehicle,0.09329548707913161,2.7549455967670835,2.784218002379627,14.374620329594796,15.0,3.0,3.5,0.8,1.6068658935953555,5.78471721694328
3,15,5219,5219,93.6877,-61.6038,36.5263,2.4422,2.6081,3.8351,2.8229,-0.777,0.7434,4.762,0.0142,-0.1819,-1.0598,trailer,157,115.4853,-50.9807,-2.9673,1.3737,3.2688,0.0816,156.5891,3.2698502993256433,11.771461077572317,-21.79759999999999,-10.6231,6.8024000000000004,1.4492000000000003,6.95505761298927,24.248414780558328,0,03_15_157_5258_ego_157,1,5258,5258,5261,vehicle_vehicle,0.09329548707913161,2.7549455967670835,2.784218002379627,14.374620329594796,15.0,3.0,3.5,0.8,1.6068658935953555,5.78471721694328
3,17,5219,5219,98.1947,-57.6792,48.7982,2.6151,6.8077,3.019,3.775,-0.9864,0.5341,4.8289,-0.2152,-0.2479,-1.094,truck,157,115.4853,-50.9807,-2.9673,1.3737,3.2688,0.0816,156.5891,3.2698502993256433,11.771461077572317,-17.290599999999998,-6.698500000000003,5.9863,2.4013,6.449963517726283,18.542781630866497,0,03_15_157_5258_ego_157,0,5258,5258,5261,vehicle_vehicle,0.09329548707913161,2.7549455967670835,2.784218002379627,14.374620329594796,15.0,3.0,3.5,0.8,1.6068658935953555,5.78471721694328
3,152,5219,338,101.6867,-41.41,137.1315,3.3232,17.0865,-2.7501,3.1222,-0.443,0.6981,4.1397,0.4174,0.7996,0.2103,truck,157,115.4853,-50.9807,-2.9673,1.3737,3.2688,0.0816,156.5891,3.2698502993256433,11.771461077572317,-13.798599999999993,9.570700000000002,0.21719999999999962,1.7485,1.7619387304897978,16.79284551378949,0,03_15_157_5258_ego_157,0,5258,5258,5261,vehicle_vehicle,0.09329548707913161,2.7549455967670835,2.784218002379627,14.374620329594796,15.0,3.0,3.5,0.8,1.6068658935953555,5.78471721694328
3,157,5219,236,115.4853,-50.9807,156.5891,2.1042,5.1245,-2.9673,1.3737,0.6094,-0.1712,3.2688,0.0816,-0.6273,0.085,car,157,115.4853,-50.9807,-2.9673,1.3737,3.2688,0.0816,156.5891,3.2698502993256433,11.771461077572317,0.0,0.0,0.0,0.0,0.0,0.0,1,03_15_157_5258_ego_157,1,5258,5258,5261,vehicle_vehicle,0.09329548707913161,2.7549455967670835,2.784218002379627,14.374620329594796,15.0,3.0,3.5,0.8,1.6068658935953555,5.78471721694328
3,15,5220,5220,93.8396,-61.4904,36.9709,2.4422,2.6081,3.8032,2.8511,-0.7692,0.7347,4.7532,0.0094,-0.1727,-1.0496,trailer,157,115.3678,-50.926,-2.945,1.3673,3.246,0.0807,156.5203,3.2469268993927165,11.68893683781378,-21.5282,-10.5644,6.7482,1.4838000000000002,6.909404147971082,23.98061597624214,0,03_15_157_5258_ego_157,1,5258,5258,5261,vehicle_vehicle,0.09329548707913161,2.7549455967670835,2.784218002379627,14.374620329594796,15.0,3.0,3.5,0.8,1.6068658935953555,5.78471721694328
3,17,5220,5220,98.3147,-57.5283,49.2688,2.6151,6.8077,2.9786,3.7956,-0.9957,0.5393,4.8198,-0.2195,-0.2411,-1.1064,truck,157,115.3678,-50.926,-2.945,1.3673,3.246,0.0807,156.5203,3.2469268993927165,11.68893683781378,-17.0531,-6.6023,5.9236,2.4283,6.402005767726237,18.286568428767602,0,03_15_157_5258_ego_157,0,5258,5258,5261,vehicle_vehicle,0.09329548707913161,2.7549455967670835,2.784218002379627,14.374620329594796,15.0,3.0,3.5,0.8,1.6068658935953555,5.78471721694328
3,152,5220,339,101.577,-41.284,136.9643,3.3232,17.0865,-2.7697,3.1497,-0.4747,0.7011,4.174,0.412,0.8254,0.1885,truck,157,115.3678,-50.926,-2.945,1.3673,3.246,0.0807,156.5203,3.2469268993927165,11.68893683781378,-13.790800000000004,9.642000000000003,0.1753,1.7824000000000002,1.7909996789502785,16.82719015878766,0,03_15_157_5258_ego_157,0,5258,5258,5261,vehicle_vehicle,0.09329548707913161,2.7549455967670835,2.784218002379627,14.374620329594796,15.0,3.0,3.5,0.8,1.6068658935953555,5.78471721694328
3,157,5220,237,115.3678,-50.926,156.5203,2.1042,5.1245,-2.945,1.3673,0.6316,-0.1863,3.246,0.0807,-0.6535,0.0808,car,157,115.3678,-50.926,-2.945,1.3673,3.246,0.0807,156.5203,3.2469268993927165,11.68893683781378,0.0,0.0,0.0,0.0,0.0,0.0,1,03_15_157_5258_ego_157,1,5258,5258,5261,vehicle_vehicle,0.09329548707913161,2.7549455967670835,2.784218002379627,14.374620329594796,15.0,3.0,3.5,0.8,1.6068658935953555,5.78471721694328
3,15,5221,5221,93.9901,-61.3761,37.4649,2.4422,2.6081,3.7719,2.8791,-0.7607,0.7275,4.7452,0.0091,-0.1613,-1.0401,trailer,157,115.2507,-50.8717,-2.922,1.3605,3.2222,0.0797,156.4506,3.223204034807601,11.603534525307365,-21.260599999999997,-10.504400000000004,6.6939,1.5186000000000002,6.8639961516597605,23.71403659691871,0,03_15_157_5258_ego_157,1,5258,5258,5261,vehicle_vehicle,0.09329548707913161,2.7549455967670835,2.784218002379627,14.374620329594796,15.0,3.0,3.5,0.8,1.6068658935953555,5.78471721694328
3,17,5221,5221,98.4325,-57.3762,49.7376,2.6151,6.8077,2.9381,3.8164,-1.0043,0.5452,4.8111,-0.2245,-0.2331,-1.1187,truck,157,115.2507,-50.8717,-2.922,1.3605,3.2222,0.0797,156.4506,3.223204034807601,11.603534525307365,-16.81819999999999,-6.5045,5.8601,2.4558999999999997,6.353913504290092,18.03220373359839,0,03_15_157_5258_ego_157,0,5258,5258,5261,vehicle_vehicle,0.09329548707913161,2.7549455967670835,2.784218002379627,14.374620329594796,15.0,3.0,3.5,0.8,1.6068658935953555,5.78471721694328
3,152,5221,340,101.4663,-41.1571,136.8028,3.3232,17.0865,-2.7908,3.1772,-0.5044,0.7046,4.2093,0.4058,0.85,0.1684,truck,157,115.2507,-50.8717,-2.922,1.3605,3.2222,0.0797,156.4506,3.223204034807601,11.603534525307365,-13.78439999999999,9.714599999999997,0.1312000000000002,1.8167,1.821431395908174,16.863663199910025,0,03_15_157_5258_ego_157,0,5258,5258,5261,vehicle_vehicle,0.09329548707913161,2.7549455967670835,2.784218002379627,14.374620329594796,15.0,3.0,3.5,0.8,1.6068658935953555,5.78471721694328
3,157,5221,238,115.2507,-50.8717,156.4506,2.1042,5.1245,-2.922,1.3605,0.656,-0.2019,3.2222,0.0797,-0.682,0.077,car,157,115.2507,-50.8717,-2.922,1.3605,3.2222,0.0797,156.4506,3.223204034807601,11.603534525307365,0.0,0.0,0.0,0.0,0.0,0.0,1,03_15_157_5258_ego_157,1,5258,5258,5261,vehicle_vehicle,0.09329548707913161,2.7549455967670835,2.784218002379627,14.374620329594796,15.0,3.0,3.5,0.8,1.6068658935953555,5.78471721694328
3,15,5222,5222,94.1399,-61.2607,37.9209,2.4422,2.6081,3.7412,2.907,-0.7519,0.7215,4.7378,0.006,-0.1497,-1.0313,trailer,157,115.1345,-50.8172,-2.898,1.3529,3.1973,0.0781,156.3737,3.198240517847274,11.513665864250187,-20.994600000000005,-10.4435,6.639200000000001,1.5541,6.8186658115792715,23.448665663743007,0,03_15_157_5258_ego_157,1,5258,5258,5261,vehicle_vehicle,0.09329548707913161,2.7549455967670835,2.784218002379627,14.374620329594796,15.0,3.0,3.5,0.8,1.6068658935953555,5.78471721694328
3,17,5222,5222,98.549,-57.2233,50.2034,2.6151,6.8077,2.8973,3.8376,-1.0122,0.5518,4.803,-0.2302,-0.224,-1.1309,truck,157,115.1345,-50.8172,-2.898,1.3529,3.1973,0.0781,156.3737,3.198240517847274,11.513665864250187,-16.585499999999996,-6.406100000000002,5.7953,2.4847,6.305492540634712,17.779677372213477,0,03_15_157_5258_ego_157,0,5258,5258,5261,vehicle_vehicle,0.09329548707913161,2.7549455967670835,2.784218002379627,14.374620329594796,15.0,3.0,3.5,0.8,1.6068658935953555,5.78471721694328
3,152,5222,341,101.3542,-41.0289,136.6471,3.3232,17.0865,-2.8131,3.2045,-0.532,0.7089,4.2454,0.399,0.8734,0.1502,truck,157,115.1345,-50.8172,-2.898,1.3529,3.1973,0.0781,156.3737,3.198240517847274,11.513665864250187,-13.780299999999997,9.7883,0.0849000000000002,1.8516,1.8535454054325184,16.90288392494014,0,03_15_157_5258_ego_157,0,5258,5258,5261,vehicle_vehicle,0.09329548707913161,2.7549455967670835,2.784218002379627,14.374620329594796,15.0,3.0,3.5,0.8,1.6068658935953555,5.78471721694328
3,157,5222,239,115.1345,-50.8172,156.3737,2.1042,5.1245,-2.898,1.3529,0.6826,-0.2182,3.1973,0.0781,-0.7128,0.0737,car,157,115.1345,-50.8172,-2.898,1.3529,3.1973,0.0781,156.3737,3.198240517847274,11.513665864250187,0.0,0.0,0.0,0.0,0.0,0.0,1,03_15_157_5258_ego_157,1,5258,5258,5261,vehicle_vehicle,0.09329548707913161,2.7549455967670835,2.784218002379627,14.374620329594796,15.0,3.0,3.5,0.8,1.6068658935953555,5.78471721694328
3,15,5223,5223,94.2884,-61.1446,38.249,2.4422,2.6081,3.711,2.9349,-0.7429,0.7166,4.7313,-0.0074,-0.1398,-1.0227,trailer,157,115.0186,-50.7632,-2.8728,1.3447,3.171,0.076,156.2898,3.1719391434893573,11.418980916561686,-20.73020000000001,-10.3814,6.5838,1.5901999999999998,6.773120291269009,23.184362359142,0,03_15_157_5258_ego_157,1,5258,5258,5261,vehicle_vehicle,0.09329548707913161,2.7549455967670835,2.784218002379627,14.374620329594796,15.0,3.0,3.5,0.8,1.6068658935953555,5.78471721694328
3,17,5223,5223,98.6637,-57.07,50.6798,2.6151,6.8077,2.8564,3.8592,-1.0197,0.5589,4.7955,-0.2357,-0.2137,-1.143,truck,157,115.0186,-50.7632,-2.8728,1.3447,3.171,0.076,156.2898,3.1719391434893573,11.418980916561686,-16.3549,-6.306800000000003,5.7292,2.5145,6.256711827309933,17.528790039532108,0,03_15_157_5258_ego_157,0,5258,5258,5261,vehicle_vehicle,0.09329548707913161,2.7549455967670835,2.784218002379627,14.374620329594796,15.0,3.0,3.5,0.8,1.6068658935953555,5.78471721694328
3,152,5223,342,101.2412,-40.8996,136.498,3.3232,17.0865,-2.8364,3.2319,-0.5575,0.714,4.2821,0.3917,0.8959,0.1341,truck,157,115.0186,-50.7632,-2.8728,1.3447,3.171,0.076,156.2898,3.1719391434893573,11.418980916561686,-13.7774,9.863599999999998,0.03639999999999999,1.8872,1.8875510059333496,16.944242553740782,0,03_15_157_5258_ego_157,0,5258,5258,5261,vehicle_vehicle,0.09329548707913161,2.7549455967670835,2.784218002379627,14.374620329594796,15.0,3.0,3.5,0.8,1.6068658935953555,5.78471721694328
3,157,5223,240,115.0186,-50.7632,156.2898,2.1042,5.1245,-2.8728,1.3447,0.7113,-0.2349,3.171,0.076,-0.7457,0.071,car,157,115.0186,-50.7632,-2.8728,1.3447,3.171,0.076,156.2898,3.1719391434893573,11.418980916561686,0.0,0.0,0.0,0.0,0.0,0.0,1,03_15_157_5258_ego_157,1,5258,5258,5261,vehicle_vehicle,0.09329548707913161,2.7549455967670835,2.784218002379627,14.374620329594796,15.0,3.0,3.5,0.8,1.6068658935953555,5.78471721694328
3,15,5224,5224,94.4357,-61.0265,38.5579,2.4422,2.6081,3.6815,2.9626,-0.7339,0.7127,4.7254,-0.022,-0.1297,-1.0148,trailer,157,114.9032,-50.7097,-2.846,1.3358,3.143,0.0737,156.2002,3.1438952972387617,11.318023070059542,-20.4675,-10.3168,6.5275,1.6268,6.727163926202483,22.920622122664998,0,03_15_157_5258_ego_157,1,5258,5258,5261,vehicle_vehicle,0.09329548707913161,2.7549455967670835,2.784218002379627,14.374620329594796,15.0,3.0,3.5,0.8,1.6068658935953555,5.78471721694328
3,17,5224,5224,98.7771,-56.9154,51.1658,2.6151,6.8077,2.8152,3.8813,-1.0266,0.5664,4.7887,-0.2409,-0.2025,-1.1549,truck,157,114.9032,-50.7097,-2.846,1.3358,3.143,0.0737,156.2002,3.1438952972387617,11.318023070059542,-16.126099999999994,-6.2057,5.6612,2.5454999999999997,6.2071535900120915,17.278941336204593,0,03_15_157_5258_ego_157,0,5258,5258,5261,vehicle_vehicle,0.09329548707913161,2.7549455967670835,2.784218002379627,14.374620329594796,15.0,3.0,3.5,0.8,1.6068658935953555,5.78471721694328
3,152,5224,343,101.1279,-40.7688,136.3552,3.3232,17.0865,-2.861,3.259,-0.5809,0.7203,4.3196,0.3837,0.9175,0.1203,truck,157,114.9032,-50.7097,-2.846,1.3358,3.143,0.0737,156.2002,3.1438952972387617,11.318023070059542,-13.775300000000001,9.9409,-0.015000000000000124,1.9231999999999998,1.9232584953666523,16.987653837419693,0,03_15_157_5258_ego_157,0,5258,5258,5261,vehicle_vehicle,0.09329548707913161,2.7549455967670835,2.784218002379627,14.374620329594796,15.0,3.0,3.5,0.8,1.6068658935953555,5.78471721694328
3,157,5224,241,114.9032,-50.7097,156.2002,2.1042,5.1245,-2.846,1.3358,0.742,-0.2521,3.143,0.0737,-0.7806,0.0688,car,157,114.9032,-50.7097,-2.846,1.3358,3.143,0.0737,156.2002,3.1438952972387617,11.318023070059542,0.0,0.0,0.0,0.0,0.0,0.0,1,03_15_157_5258_ego_157,1,5258,5258,5261,vehicle_vehicle,0.09329548707913161,2.7549455967670835,2.784218002379627,14.374620329594796,15.0,3.0,3.5,0.8,1.6068658935953555,5.78471721694328
3,15,5225,5225,94.5817,-60.9074,38.7709,2.4422,2.6081,3.6526,2.9901,-0.7252,0.7098,4.7202,-0.044,-0.1209,-1.0075,trailer,157,114.7887,-50.6568,-2.8174,1.3264,3.1132,0.0717,156.1096,3.1140134424886483,11.210448392959135,-20.207000000000008,-10.250600000000006,6.470000000000001,1.6637,6.6804788518488705,22.658279929420953,0,03_15_157_5258_ego_157,1,5258,5258,5261,vehicle_vehicle,0.09329548707913161,2.7549455967670835,2.784218002379627,14.374620329594796,15.0,3.0,3.5,0.8,1.6068658935953555,5.78471721694328
3,17,5225,5225,98.8883,-56.76,51.6568,2.6151,6.8077,2.7739,3.9037,-1.0333,0.5742,4.7826,-0.2462,-0.1907,-1.1667,truck,157,114.7887,-50.6568,-2.8174,1.3264,3.1132,0.0717,156.1096,3.1140134424886483,11.210448392959135,-15.900400000000005,-6.103200000000001,5.5913,2.5773,6.156712676420754,17.03149348706684,0,03_15_157_5258_ego_157,0,5258,5258,5261,vehicle_vehicle,0.09329548707913161,2.7549455967670835,2.784218002379627,14.374620329594796,15.0,3.0,3.5,0.8,1.6068658935953555,5.78471721694328
3,152,5225,344,101.0117,-40.6393,136.2211,3.3232,17.0865,-2.886,3.287,-0.6023,0.7278,4.3579,0.3765,0.9384,0.1088,truck,157,114.7887,-50.6568,-2.8174,1.3264,3.1132,0.0717,156.1096,3.1140134424886483,11.210448392959135,-13.777000000000001,10.017499999999998,-0.0686,1.9606,1.9617997655214456,17.033967102527818,0,03_15_157_5258_ego_157,0,5258,5258,5261,vehicle_vehicle,0.09329548707913161,2.7549455967670835,2.784218002379627,14.374620329594796,15.0,3.0,3.5,0.8,1.6068658935953555,5.78471721694328
3,157,5225,242,114.7887,-50.6568,156.1096,2.1042,5.1245,-2.8174,1.3264,0.774,-0.2699,3.1132,0.0717,-0.817,0.0667,car,157,114.7887,-50.6568,-2.8174,1.3264,3.1132,0.0717,156.1096,3.1140134424886483,11.210448392959135,0.0,0.0,0.0,0.0,0.0,0.0,1,03_15_157_5258_ego_157,1,5258,5258,5261,vehicle_vehicle,0.09329548707913161,2.7549455967670835,2.784218002379627,14.374620329594796,15.0,3.0,3.5,0.8,1.6068658935953555,5.78471721694328
3,15,5226,5226,94.7267,-60.7871,39.0026,2.4422,2.6081,3.6242,3.0175,-0.717,0.7079,4.7155,-0.0641,-0.1117,-1.0014,trailer,157,114.6757,-50.6041,-2.7872,1.3163,3.0816,0.0697,156.0162,3.082390230000089,11.09660482800032,-19.949000000000012,-10.183,6.4114,1.7012,6.633259485351075,22.397680460261963,0,03_15_157_5258_ego_157,1,5258,5258,5261,vehicle_vehicle,0.09329548707913161,2.7549455967670835,2.784218002379627,14.374620329594796,15.0,3.0,3.5,0.8,1.6068658935953555,5.78471721694328
3,17,5226,5226,98.9978,-56.6036,52.1568,2.6151,6.8077,2.7327,3.9266,-1.0399,0.5821,4.7773,-0.251,-0.1783,-1.1784,truck,157,114.6757,-50.6041,-2.7872,1.3163,3.0816,0.0697,156.0162,3.082390230000089,11.09660482800032,-15.677900000000008,-5.999499999999998,5.5199,2.6103,6.105977571200208,16.786618142437156,0,03_15_157_5258_ego_157,0,5258,5258,5261,vehicle_vehicle,0.09329548707913161,2.7549455967670835,2.784218002379627,14.374620329594796,15.0,3.0,3.5,0.8,1.6068658935953555,5.78471721694328
3,152,5226,345,100.8927,-40.5112,136.0889,3.3232,17.0865,-2.9106,3.3169,-0.6225,0.7352,4.3973,0.3709,0.9584,0.098,truck,157,114.6757,-50.6041,-2.7872,1.3163,3.0816,0.0697,156.0162,3.082390230000089,11.09660482800032,-13.783000000000001,10.0929,-0.12340000000000018,2.0006,2.0044021353011976,17.08325845411232,0,03_15_157_5258_ego_157,0,5258,5258,5261,vehicle_vehicle,0.09329548707913161,2.7549455967670835,2.784218002379627,14.374620329594796,15.0,3.0,3.5,0.8,1.6068658935953555,5.78471721694328
3,157,5226,243,114.6757,-50.6041,156.0162,2.1042,5.1245,-2.7872,1.3163,0.8069,-0.2884,3.0816,0.0697,-0.8545,0.0645,car,157,114.6757,-50.6041,-2.7872,1.3163,3.0816,0.0697,156.0162,3.082390230000089,11.09660482800032,0.0,0.0,0.0,0.0,0.0,0.0,1,03_15_157_5258_ego_157,1,5258,5258,5261,vehicle_vehicle,0.09329548707913161,2.7549455967670835,2.784218002379627,14.374620329594796,15.0,3.0,3.5,0.8,1.6068658935953555,5.78471721694328
3,15,5227,5227,94.8709,-60.6658,39.3047,2.4422,2.6081,3.5962,3.0447,-0.7095,0.707,4.7113,-0.078,-0.1012,-0.9965,trailer,157,114.5642,-50.5519,-2.7554,1.3055,3.0483,0.0681,155.9283,3.0490259772589674,10.976493518132283,-19.693299999999994,-10.113899999999994,6.3515999999999995,1.7392,6.585411088155393,22.138587084545385,0,03_15_157_5258_ego_157,1,5258,5258,5261,vehicle_vehicle,0.09329548707913161,2.7549455967670835,2.784218002379627,14.374620329594796,15.0,3.0,3.5,0.8,1.6068658935953555,5.78471721694328
3,17,5227,5227,99.106,-56.4462,52.6629,2.6151,6.8077,2.6912,3.9498,-1.0467,0.5901,4.7727,-0.2558,-0.1656,-1.1901,truck,157,114.5642,-50.5519,-2.7554,1.3055,3.0483,0.0681,155.9283,3.0490259772589674,10.976493518132283,-15.458200000000005,-5.894299999999994,5.4466,2.6443000000000003,6.054566380014344,16.54384235085671,0,03_15_157_5258_ego_157,0,5258,5258,5261,vehicle_vehicle,0.09329548707913161,2.7549455967670835,2.784218002379627,14.374620329594796,15.0,3.0,3.5,0.8,1.6068658935953555,5.78471721694328
3,152,5227,346,100.774,-40.3811,135.9542,3.3232,17.0865,-2.9353,3.3484,-0.6425,0.7413,4.4378,0.366,0.9772,0.0862,truck,157,114.5642,-50.5519,-2.7554,1.3055,3.0483,0.0681,155.9283,3.0490259772589674,10.976493518132283,-13.790199999999999,10.1708,-0.17989999999999995,2.0428999999999995,2.0508057977292724,17.135191527380133,0,03_15_157_5258_ego_157,0,5258,5258,5261,vehicle_vehicle,0.09329548707913161,2.7549455967670835,2.784218002379627,14.374620329594796,15.0,3.0,3.5,0.8,1.6068658935953555,5.78471721694328
3,157,5227,244,114.5642,-50.5519,155.9283,2.1042,5.1245,-2.7554,1.3055,0.8405,-0.3076,3.0483,0.0681,-0.8929,0.062,car,157,114.5642,-50.5519,-2.7554,1.3055,3.0483,0.0681,155.9283,3.0490259772589674,10.976493518132283,0.0,0.0,0.0,0.0,0.0,0.0,1,03_15_157_5258_ego_157,1,5258,5258,5261,vehicle_vehicle,0.09329548707913161,2.7549455967670835,2.784218002379627,14.374620329594796,15.0,3.0,3.5,0.8,1.6068658935953555,5.78471721694328
3,15,5228,5228,95.0143,-60.5437,39.7074,2.4422,2.6081,3.5684,3.0721,-0.7026,0.7072,4.7079,-0.0837,-0.0888,-0.9929,trailer,157,114.4543,-50.4999,-2.7222,1.294,3.0133,0.067,155.848,3.0141016638461284,10.850765989846062,-19.439999999999998,-10.043800000000005,6.2905999999999995,1.7780999999999998,6.537070289510432,21.881305227065408,0,03_15_157_5258_ego_157,1,5258,5258,5261,vehicle_vehicle,0.09329548707913161,2.7549455967670835,2.784218002379627,14.374620329594796,15.0,3.0,3.5,0.8,1.6068658935953555,5.78471721694328
3,17,5228,5228,99.2131,-56.2884,53.172,2.6151,6.8077,2.6494,3.9736,-1.0535,0.598,4.7687,-0.2612,-0.1528,-1.2017,truck,157,114.4543,-50.4999,-2.7222,1.294,3.0133,0.067,155.848,3.0141016638461284,10.850765989846062,-15.241200000000006,-5.788500000000006,5.3716,2.6795999999999998,6.002861211122576,16.303401782756882,0,03_15_157_5258_ego_157,0,5258,5258,5261,vehicle_vehicle,0.09329548707913161,2.7549455967670835,2.784218002379627,14.374620329594796,15.0,3.0,3.5,0.8,1.6068658935953555,5.78471721694328
3,152,5228,347,100.6551,-40.2493,135.8302,3.3232,17.0865,-2.9605,3.3811,-0.6629,0.7448,4.4794,0.3624,0.9944,0.0723,truck,157,114.4543,-50.4999,-2.7222,1.294,3.0133,0.067,155.848,3.0141016638461284,10.850765989846062,-13.799199999999999,10.250599999999999,-0.23830000000000018,2.0871,2.100660205744851,17.18990171583305,0,03_15_157_5258_ego_157,0,5258,5258,5261,vehicle_vehicle,0.09329548707913161,2.7549455967670835,2.784218002379627,14.374620329594796,15.0,3.0,3.5,0.8,1.6068658935953555,5.78471721694328
3,157,5228,245,114.4543,-50.4999,155.848,2.1042,5.1245,-2.7222,1.294,0.8745,-0.3276,3.0133,0.067,-0.932,0.0589,car,157,114.4543,-50.4999,-2.7222,1.294,3.0133,0.067,155.848,3.0141016638461284,10.850765989846062,0.0,0.0,0.0,0.0,0.0,0.0,1,03_15_157_5258_ego_157,1,5258,5258,5261,vehicle_vehicle,0.09329548707913161,2.7549455967670835,2.784218002379627,14.374620329594796,15.0,3.0,3.5,0.8,1.6068658935953555,5.78471721694328
3,15,5229,5229,95.1561,-60.4208,40.0797,2.4422,2.6081,3.5411,3.0996,-0.6965,0.7081,4.7052,-0.0917,-0.077,-0.9903,trailer,157,114.3457,-50.4478,-2.6874,1.2815,2.9766,0.0659,155.7746,2.977307678087705,10.718307641115738,-19.1896,-9.972999999999999,6.2285,1.8181,6.488428150176281,21.626406940590016,0,03_15_157_5258_ego_157,1,5258,5258,5261,vehicle_vehicle,0.09329548707913161,2.7549455967670835,2.784218002379627,14.374620329594796,15.0,3.0,3.5,0.8,1.6068658935953555,5.78471721694328
3,17,5229,5229,99.3188,-56.13,53.6882,2.6151,6.8077,2.6071,3.9982,-1.0603,0.6055,4.7656,-0.2668,-0.1399,-1.213,truck,157,114.3457,-50.4478,-2.6874,1.2815,2.9766,0.0659,155.7746,2.977307678087705,10.718307641115738,-15.026899999999998,-5.682200000000002,5.294499999999999,2.7167000000000003,5.9508141577434595,16.06533910161874,0,03_15_157_5258_ego_157,0,5258,5258,5261,vehicle_vehicle,0.09329548707913161,2.7549455967670835,2.784218002379627,14.374620329594796,15.0,3.0,3.5,0.8,1.6068658935953555,5.78471721694328
3,152,5229,348,100.5366,-40.1151,135.7055,3.3232,17.0865,-2.9866,3.4147,-0.6837,0.7448,4.5223,0.3584,1.0095,0.0556,truck,157,114.3457,-50.4478,-2.6874,1.2815,2.9766,0.0659,155.7746,2.977307678087705,10.718307641115738,-13.809099999999987,10.332700000000003,-0.29920000000000035,2.1331999999999995,2.154080518457933,17.24691079874885,0,03_15_157_5258_ego_157,0,5258,5258,5261,vehicle_vehicle,0.09329548707913161,2.7549455967670835,2.784218002379627,14.374620329594796,15.0,3.0,3.5,0.8,1.6068658935953555,5.78471721694328
3,157,5229,246,114.3457,-50.4478,155.7746,2.1042,5.1245,-2.6874,1.2815,0.9088,-0.3483,2.9766,0.0659,-0.9717,0.0553,car,157,114.3457,-50.4478,-2.6874,1.2815,2.9766,0.0659,155.7746,2.977307678087705,10.718307641115738,0.0,0.0,0.0,0.0,0.0,0.0,1,03_15_157_5258_ego_157,1,5258,5258,5261,vehicle_vehicle,0.09329548707913161,2.7549455967670835,2.784218002379627,14.374620329594796,15.0,3.0,3.5,0.8,1.6068658935953555,5.78471721694328
3,15,5230,5230,95.2973,-60.2967,40.4973,2.4422,2.6081,3.514,3.1274,-0.6911,0.7097,4.7031,-0.0962,-0.0646,-0.9885,trailer,157,114.238,-50.3956,-2.6509,1.2676,2.9376,0.0644,155.6996,2.93838060332558,10.578170171972088,-18.940699999999993,-9.9011,6.164899999999999,1.8598000000000001,6.43932046492485,21.37245652001659,0,03_15_157_5258_ego_157,1,5258,5258,5261,vehicle_vehicle,0.09329548707913161,2.7549455967670835,2.784218002379627,14.374620329594796,15.0,3.0,3.5,0.8,1.6068658935953555,5.78471721694328
3,17,5230,5230,99.4229,-55.9703,54.2063,2.6151,6.8077,2.5642,4.0233,-1.0668,0.6123,4.7632,-0.2732,-0.1273,-1.2234,truck,157,114.238,-50.3956,-2.6509,1.2676,2.9376,0.0644,155.6996,2.93838060332558,10.578170171972088,-14.815100000000001,-5.5747,5.2151,2.7557,5.898402368438423,15.829228285042833,0,03_15_157_5258_ego_157,0,5258,5258,5261,vehicle_vehicle,0.09329548707913161,2.7549455967670835,2.784218002379627,14.374620329594796,15.0,3.0,3.5,0.8,1.6068658935953555,5.78471721694328
3,152,5230,349,100.4175,-39.9786,135.583,3.3232,17.0865,-3.0139,3.4485,-0.7048,0.741,4.5663,0.3538,1.022,0.036,truck,157,114.238,-50.3956,-2.6509,1.2676,2.9376,0.0644,155.6996,2.93838060332558,10.578170171972088,-13.820499999999996,10.417000000000002,-0.363,2.1809000000000003,2.2109033922810832,17.306649278528756,0,03_15_157_5258_ego_157,0,5258,5258,5261,vehicle_vehicle,0.09329548707913161,2.7549455967670835,2.784218002379627,14.374620329594796,15.0,3.0,3.5,0.8,1.6068658935953555,5.78471721694328
3,157,5230,247,114.238,-50.3956,155.6996,2.1042,5.1245,-2.6509,1.2676,0.9431,-0.3693,2.9376,0.0644,-1.0115,0.0515,car,157,114.238,-50.3956,-2.6509,1.2676,2.9376,0.0644,155.6996,2.93838060332558,10.578170171972088,0.0,0.0,0.0,0.0,0.0,0.0,1,03_15_157_5258_ego_157,1,5258,5258,5261,vehicle_vehicle,0.09329548707913161,2.7549455967670835,2.784218002379627,14.374620329594796,15.0,3.0,3.5,0.8,1.6068658935953555,5.78471721694328
3,15,5231,5231,95.4361,-60.1711,40.9411,2.4422,2.6081,3.4876,3.1553,-0.6867,0.7119,4.702,-0.0981,-0.0522,-0.9877,trailer,157,114.1306,-50.3437,-2.6121,1.2523,2.8961,0.0627,155.6261,2.896777813364359,10.428400128111694,-18.694500000000005,-9.827400000000004,6.0997,1.903,6.389659544138483,21.120182788271514,0,03_15_157_5258_ego_157,1,5258,5258,5261,vehicle_vehicle,0.09329548707913161,2.7549455967670835,2.784218002379627,14.374620329594796,15.0,3.0,3.5,0.8,1.6068658935953555,5.78471721694328
3,17,5231,5231,99.5237,-55.8095,54.7357,2.6151,6.8077,2.5215,4.049,-1.073,0.618,4.7618,-0.2789,-0.1149,-1.2329,truck,157,114.1306,-50.3437,-2.6121,1.2523,2.8961,0.0627,155.6261,2.896777813364359,10.428400128111694,-14.606899999999996,-5.4658000000000015,5.1335999999999995,2.7967000000000004,5.84597124950166,15.5960410761834,0,03_15_157_5258_ego_157,0,5258,5258,5261,vehicle_vehicle,0.09329548707913161,2.7549455967670835,2.784218002379627,14.374620329594796,15.0,3.0,3.5,0.8,1.6068658935953555,5.78471721694328
3,152,5231,350,100.2972,-39.839,135.4657,3.3232,17.0865,-3.0424,3.4818,-0.7258,0.7333,4.6106,0.3482,1.0316,0.0137,truck,157,114.1306,-50.3437,-2.6121,1.2523,2.8961,0.0627,155.6261,2.896777813364359,10.428400128111694,-13.833399999999997,10.5047,-0.43030000000000035,2.2295,2.270644917198636,17.36984967263678,0,03_15_157_5258_ego_157,0,5258,5258,5261,vehicle_vehicle,0.09329548707913161,2.7549455967670835,2.784218002379627,14.374620329594796,15.0,3.0,3.5,0.8,1.6068658935953555,5.78471721694328
3,157,5231,248,114.1306,-50.3437,155.6261,2.1042,5.1245,-2.6121,1.2523,0.9768,-0.3901,2.8961,0.0627,-1.0507,0.0478,car,157,114.1306,-50.3437,-2.6121,1.2523,2.8961,0.0627,155.6261,2.896777813364359,10.428400128111694,0.0,0.0,0.0,0.0,0.0,0.0,1,03_15_157_5258_ego_157,1,5258,5258,5261,vehicle_vehicle,0.09329548707913161,2.7549455967670835,2.784218002379627,14.374620329594796,15.0,3.0,3.5,0.8,1.6068658935953555,5.78471721694328
3,15,5232,5232,95.5739,-60.0443,41.4153,2.4422,2.6081,3.4618,3.1832,-0.6838,0.7146,4.7019,-0.0971,-0.0401,-0.9882,trailer,157,114.025,-50.2926,-2.5712,1.2356,2.8521,0.0611,155.5592,2.8526788813324226,10.269643972796722,-18.45110000000001,-9.7517,6.033,1.9475999999999998,6.339576859696552,20.869565019424826,0,03_15_157_5258_ego_157,1,5258,5258,5261,vehicle_vehicle,0.09329548707913161,2.7549455967670835,2.784218002379627,14.374620329594796,15.0,3.0,3.5,0.8,1.6068658935953555,5.78471721694328
3,17,5232,5232,99.6228,-55.6475,55.2762,2.6151,6.8077,2.4789,4.075,-1.0793,0.6224,4.7613,-0.2838,-0.1032,-1.2416,truck,157,114.025,-50.2926,-2.5712,1.2356,2.8521,0.0611,155.5592,2.8526788813324226,10.269643972796722,-14.402200000000008,-5.354900000000001,5.0501000000000005,2.8394000000000004,5.793591491467103,15.365491168524365,0,03_15_157_5258_ego_157,0,5258,5258,5261,vehicle_vehicle,0.09329548707913161,2.7549455967670835,2.784218002379627,14.374620329594796,15.0,3.0,3.5,0.8,1.6068658935953555,5.78471721694328
3,152,5232,351,100.175,-39.6954,135.3558,3.3232,17.0865,-3.0718,3.5133,-0.7464,0.7227,4.6543,0.3411,1.0389,-0.0103,truck,157,114.025,-50.2926,-2.5712,1.2356,2.8521,0.0611,155.5592,2.8526788813324226,10.269643972796722,-13.850000000000009,10.5972,-0.5005999999999999,2.2777000000000003,2.3320629601277925,17.439126923100257,0,03_15_157_5258_ego_157,0,5258,5258,5261,vehicle_vehicle,0.09329548707913161,2.7549455967670835,2.784218002379627,14.374620329594796,15.0,3.0,3.5,0.8,1.6068658935953555,5.78471721694328
3,157,5232,249,114.025,-50.2926,155.5592,2.1042,5.1245,-2.5712,1.2356,1.009,-0.41,2.8521,0.0611,-1.0883,0.0442,car,157,114.025,-50.2926,-2.5712,1.2356,2.8521,0.0611,155.5592,2.8526788813324226,10.269643972796722,0.0,0.0,0.0,0.0,0.0,0.0,1,03_15_157_5258_ego_157,1,5258,5258,5261,vehicle_vehicle,0.09329548707913161,2.7549455967670835,2.784218002379627,14.374620329594796,15.0,3.0,3.5,0.8,1.6068658935953555,5.78471721694328
3,15,5233,5233,95.7104,-59.9164,41.9698,2.4422,2.6081,3.4367,3.2112,-0.6828,0.7179,4.7027,-0.0893,-0.0276,-0.9904,trailer,157,113.9212,-50.2419,-2.5284,1.2175,2.8056,0.0594,155.5008,2.806263139835607,10.102547303408185,-18.210799999999992,-9.674500000000002,5.9651,1.9936999999999998,6.28945607346136,20.621085977464904,0,03_15_157_5258_ego_157,1,5258,5258,5261,vehicle_vehicle,0.09329548707913161,2.7549455967670835,2.784218002379627,14.374620329594796,15.0,3.0,3.5,0.8,1.6068658935953555,5.78471721694328
3,17,5233,5233,99.72,-55.4841,55.8294,2.6151,6.8077,2.4365,4.1013,-1.0862,0.6255,4.7617,-0.2877,-0.0925,-1.25,truck,157,113.9212,-50.2419,-2.5284,1.2175,2.8056,0.0594,155.5008,2.806263139835607,10.102547303408185,-14.2012,-5.242199999999997,4.9649,2.8838,5.741649105440004,15.137857915834722,0,03_15_157_5258_ego_157,0,5258,5258,5261,vehicle_vehicle,0.09329548707913161,2.7549455967670835,2.784218002379627,14.374620329594796,15.0,3.0,3.5,0.8,1.6068658935953555,5.78471721694328
3,152,5233,352,100.0529,-39.5496,135.2523,3.3232,17.0865,-3.1025,3.5424,-0.7664,0.7109,4.6973,0.3318,1.0448,-0.0347,truck,157,113.9212,-50.2419,-2.5284,1.2175,2.8056,0.0594,155.5008,2.806263139835607,10.102547303408185,-13.868300000000005,10.692300000000003,-0.5741,2.3249000000000004,2.3947339768750937,17.511568295843755,0,03_15_157_5258_ego_157,0,5258,5258,5261,vehicle_vehicle,0.09329548707913161,2.7549455967670835,2.784218002379627,14.374620329594796,15.0,3.0,3.5,0.8,1.6068658935953555,5.78471721694328
3,157,5233,250,113.9212,-50.2419,155.5008,2.1042,5.1245,-2.5284,1.2175,1.0392,-0.4286,2.8056,0.0594,-1.1234,0.0409,car,157,113.9212,-50.2419,-2.5284,1.2175,2.8056,0.0594,155.5008,2.806263139835607,10.102547303408185,0.0,0.0,0.0,0.0,0.0,0.0,1,03_15_157_5258_ego_157,1,5258,5258,5261,vehicle_vehicle,0.09329548707913161,2.7549455967670835,2.784218002379627,14.374620329594796,15.0,3.0,3.5,0.8,1.6068658935953555,5.78471721694328
3,15,5234,5234,95.8461,-59.7876,42.5206,2.4422,2.6081,3.4122,3.2395,-0.6844,0.7216,4.7043,-0.0815,-0.0167,-0.9944,trailer,157,113.8201,-50.1926,-2.484,1.1983,2.7573,0.0581,155.4543,2.7579301822199924,9.928548655991973,-17.97399999999999,-9.594999999999999,5.8962,2.0412,6.239524972303581,20.37470738440186,0,03_15_157_5258_ego_157,1,5258,5258,5261,vehicle_vehicle,0.09329548707913161,2.7549455967670835,2.784218002379627,14.374620329594796,15.0,3.0,3.5,0.8,1.6068658935953555,5.78471721694328
3,17,5234,5234,99.816,-55.3192,56.3863,2.6151,6.8077,2.394,4.1275,-1.0939,0.6273,4.7627,-0.2913,-0.0831,-1.2583,truck,157,113.8201,-50.1926,-2.484,1.1983,2.7573,0.0581,155.4543,2.7579301822199924,9.928548655991973,-14.004099999999994,-5.126600000000003,4.878,2.9292000000000007,5.689911830599838,14.912975704734448,0,03_15_157_5258_ego_157,0,5258,5258,5261,vehicle_vehicle,0.09329548707913161,2.7549455967670835,2.784218002379627,14.374620329594796,15.0,3.0,3.5,0.8,1.6068658935953555,5.78471721694328
3,152,5234,353,99.9253,-39.4095,135.1501,3.3232,17.0865,-3.1329,3.572,-0.7861,0.6984,4.7402,0.3229,1.0499,-0.0593,truck,157,113.8201,-50.1926,-2.484,1.1983,2.7573,0.0581,155.4543,2.7579301822199924,9.928548655991973,-13.894800000000004,10.783099999999997,-0.6488999999999998,2.3737000000000004,2.460797208223384,17.588084393986744,0,03_15_157_5258_ego_157,0,5258,5258,5261,vehicle_vehicle,0.09329548707913161,2.7549455967670835,2.784218002379627,14.374620329594796,15.0,3.0,3.5,0.8,1.6068658935953555,5.78471721694328
3,157,5234,251,113.8201,-50.1926,155.4543,2.1042,5.1245,-2.484,1.1983,1.0667,-0.4453,2.7573,0.0581,-1.1553,0.0381,car,157,113.8201,-50.1926,-2.484,1.1983,2.7573,0.0581,155.4543,2.7579301822199924,9.928548655991973,0.0,0.0,0.0,0.0,0.0,0.0,1,03_15_157_5258_ego_157,1,5258,5258,5261,vehicle_vehicle,0.09329548707913161,2.7549455967670835,2.784218002379627,14.374620329594796,15.0,3.0,3.5,0.8,1.6068658935953555,5.78471721694328
3,15,5235,5235,95.9814,-59.6579,43.1626,2.4422,2.6081,3.3878,3.2681,-0.6888,0.7257,4.7067,-0.0663,-0.006,-1.0005,trailer,157,113.7208,-50.1452,-2.4383,1.1785,2.7075,0.0567,155.4032,2.7081671181815943,9.74940162545374,-17.739400000000003,-9.512699999999995,5.8261,2.0896,6.189496697632207,20.129028134761004,0,03_15_157_5258_ego_157,1,5258,5258,5261,vehicle_vehicle,0.09329548707913161,2.7549455967670835,2.784218002379627,14.374620329594796,15.0,3.0,3.5,0.8,1.6068658935953555,5.78471721694328
3,17,5235,5235,99.9107,-55.1536,56.9598,2.6151,6.8077,2.3513,4.1539,-1.1026,0.6279,4.7641,-0.2938,-0.0748,-1.2666,truck,157,113.7208,-50.1452,-2.4383,1.1785,2.7075,0.0567,155.4032,2.7081671181815943,9.74940162545374,-13.810099999999991,-5.008399999999995,4.7896,2.9754,5.638552413518917,14.69023255670242,0,03_15_157_5258_ego_157,0,5258,5258,5261,vehicle_vehicle,0.09329548707913161,2.7549455967670835,2.784218002379627,14.374620329594796,15.0,3.0,3.5,0.8,1.6068658935953555,5.78471721694328
3,152,5235,354,99.7972,-39.2675,135.0586,3.3232,17.0865,-3.1632,3.6016,-0.8066,0.6845,4.7831,0.3149,1.0544,-0.0852,truck,157,113.7208,-50.1452,-2.4383,1.1785,2.7075,0.0567,155.4032,2.7081671181815943,9.74940162545374,-13.923599999999993,10.877700000000004,-0.7248999999999999,2.4231,2.529208101362954,17.668927365575986,0,03_15_157_5258_ego_157,0,5258,5258,5261,vehicle_vehicle,0.09329548707913161,2.7549455967670835,2.784218002379627,14.374620329594796,15.0,3.0,3.5,0.8,1.6068658935953555,5.78471721694328
3,157,5235,252,113.7208,-50.1452,155.4032,2.1042,5.1245,-2.4383,1.1785,1.0912,-0.4599,2.7075,0.0567,-1.1837,0.036,car,157,113.7208,-50.1452,-2.4383,1.1785,2.7075,0.0567,155.4032,2.7081671181815943,9.74940162545374,0.0,0.0,0.0,0.0,0.0,0.0,1,03_15_157_5258_ego_157,1,5258,5258,5261,vehicle_vehicle,0.09329548707913161,2.7549455967670835,2.784218002379627,14.374620329594796,15.0,3.0,3.5,0.8,1.6068658935953555,5.78471721694328
3,15,5236,5236,96.1166,-59.5274,43.8242,2.4422,2.6081,3.3631,3.2972,-0.6962,0.7299,4.7095,-0.05,0.0031,-1.0087,trailer,157,113.6233,-50.0988,-2.3911,1.1582,2.6563,0.0556,155.3541,2.656837678519333,9.5646156426696,-17.506699999999995,-9.428600000000003,5.7542,2.1390000000000002,6.138903700173183,19.884241067991503,0,03_15_157_5258_ego_157,1,5258,5258,5261,vehicle_vehicle,0.09329548707913161,2.7549455967670835,2.784218002379627,14.374620329594796,15.0,3.0,3.5,0.8,1.6068658935953555,5.78471721694328
3,17,5236,5236,100.004,-54.9869,57.5546,2.6151,6.8077,2.3081,4.1802,-1.1123,0.6272,4.766,-0.2948,-0.0674,-1.2752,truck,157,113.6233,-50.0988,-2.3911,1.1582,2.6563,0.0556,155.3541,2.656837678519333,9.5646156426696,-13.619299999999996,-4.888100000000001,4.699199999999999,3.0220000000000002,5.587035407083079,14.469929305286875,0,03_15_157_5258_ego_157,0,5258,5258,5261,vehicle_vehicle,0.09329548707913161,2.7549455967670835,2.784218002379627,14.374620329594796,15.0,3.0,3.5,0.8,1.6068658935953555,5.78471721694328
3,152,5236,355,99.6689,-39.1233,134.9733,3.3232,17.0865,-3.1939,3.6309,-0.8283,0.6688,4.826,0.3068,1.0586,-0.1133,truck,157,113.6233,-50.0988,-2.3911,1.1582,2.6563,0.0556,155.3541,2.656837678519333,9.5646156426696,-13.954400000000007,10.975499999999997,-0.8028000000000004,2.4727,2.599756359738351,17.753503305263447,0,03_15_157_5258_ego_157,0,5258,5258,5261,vehicle_vehicle,0.09329548707913161,2.7549455967670835,2.784218002379627,14.374620329594796,15.0,3.0,3.5,0.8,1.6068658935953555,5.78471721694328
3,157,5236,253,113.6233,-50.0988,155.3541,2.1042,5.1245,-2.3911,1.1582,1.1125,-0.4727,2.6563,0.0556,-1.2083,0.0343,car,157,113.6233,-50.0988,-2.3911,1.1582,2.6563,0.0556,155.3541,2.656837678519333,9.5646156426696,0.0,0.0,0.0,0.0,0.0,0.0,1,03_15_157_5258_ego_157,1,5258,5258,5261,vehicle_vehicle,0.09329548707913161,2.7549455967670835,2.784218002379627,14.374620329594796,15.0,3.0,3.5,0.8,1.6068658935953555,5.78471721694328
3,15,5237,5237,96.2506,-59.3956,44.4442,2.4422,2.6081,3.3382,3.3267,-0.7065,0.734,4.7126,-0.0376,0.0095,-1.0187,trailer,157,113.5275,-50.0529,-2.3427,1.1375,2.6037,0.0547,155.3047,2.604256043479596,9.375321756526546,-17.276899999999998,-9.3427,5.680899999999999,2.1892000000000005,6.088121339953729,19.641214751129827,0,03_15_157_5258_ego_157,1,5258,5258,5261,vehicle_vehicle,0.09329548707913161,2.7549455967670835,2.784218002379627,14.374620329594796,15.0,3.0,3.5,0.8,1.6068658935953555,5.78471721694328
3,17,5237,5237,100.0953,-54.819,58.1584,2.6151,6.8077,2.2647,4.2064,-1.123,0.6254,4.7682,-0.2953,-0.0612,-1.284,truck,157,113.5275,-50.0529,-2.3427,1.1375,2.6037,0.0547,155.3047,2.604256043479596,9.375321756526546,-13.432200000000009,-4.766100000000002,4.6074,3.0689,5.535908414162937,14.252708726764897,0,03_15_157_5258_ego_157,0,5258,5258,5261,vehicle_vehicle,0.09329548707913161,2.7549455967670835,2.784218002379627,14.374620329594796,15.0,3.0,3.5,0.8,1.6068658935953555,5.78471721694328
3,152,5237,356,99.5404,-38.9773,134.8943,3.3232,17.0865,-3.2254,3.6594,-0.8517,0.6513,4.8689,0.2979,1.0625,-0.1436,truck,157,113.5275,-50.0529,-2.3427,1.1375,2.6037,0.0547,155.3047,2.604256043479596,9.375321756526546,-13.987099999999998,11.075600000000001,-0.8827000000000003,2.5219000000000005,2.6719167090311786,17.841184987830825,0,03_15_157_5258_ego_157,0,5258,5258,5261,vehicle_vehicle,0.09329548707913161,2.7549455967670835,2.784218002379627,14.374620329594796,15.0,3.0,3.5,0.8,1.6068658935953555,5.78471721694328
3,157,5237,254,113.5275,-50.0529,155.3047,2.1042,5.1245,-2.3427,1.1375,1.1301,-0.4836,2.6037,0.0547,-1.2288,0.0328,car,157,113.5275,-50.0529,-2.3427,1.1375,2.6037,0.0547,155.3047,2.604256043479596,9.375321756526546,0.0,0.0,0.0,0.0,0.0,0.0,1,03_15_157_5258_ego_157,1,5258,5258,5261,vehicle_vehicle,0.09329548707913161,2.7549455967670835,2.784218002379627,14.374620329594796,15.0,3.0,3.5,0.8,1.6068658935953555,5.78471721694328
3,15,5238,5238,96.3835,-59.2625,45.0712,2.4422,2.6081,3.3129,3.3566,-0.7198,0.7376,4.716,-0.025,0.0139,-1.0305,trailer,157,113.4333,-50.0075,-2.2931,1.1162,2.5498,0.0541,155.2592,2.5503352818796197,9.181207014766631,-17.049800000000005,-9.255000000000003,5.606,2.2403999999999997,6.0371042859967226,19.399760437696138,0,03_15_157_5258_ego_157,1,5258,5258,5261,vehicle_vehicle,0.09329548707913161,2.7549455967670835,2.784218002379627,14.374620329594796,15.0,3.0,3.5,0.8,1.6068658935953555,5.78471721694328
3,17,5238,5238,100.1845,-54.6495,58.773,2.6151,6.8077,2.221,4.2323,-1.1349,0.6226,4.7705,-0.2949,-0.056,-1.2932,truck,157,113.4333,-50.0075,-2.2931,1.1162,2.5498,0.0541,155.2592,2.5503352818796197,9.181207014766631,-13.248800000000003,-4.642000000000003,4.5141,3.1161000000000003,5.485178029927561,14.03847803146766,0,03_15_157_5258_ego_157,0,5258,5258,5261,vehicle_vehicle,0.09329548707913161,2.7549455967670835,2.784218002379627,14.374620329594796,15.0,3.0,3.5,0.8,1.6068658935953555,5.78471721694328
3,152,5238,357,99.4085,-38.8324,134.8235,3.3232,17.0865,-3.257,3.688,-0.8771,0.6316,4.9118,0.2897,1.0663,-0.1769,truck,157,113.4333,-50.0075,-2.2931,1.1162,2.5498,0.0541,155.2592,2.5503352818796197,9.181207014766631,-14.024799999999999,11.1751,-0.9639000000000002,2.5718,2.7464993082103626,17.932592535659754,0,03_15_157_5258_ego_157,0,5258,5258,5261,vehicle_vehicle,0.09329548707913161,2.7549455967670835,2.784218002379627,14.374620329594796,15.0,3.0,3.5,0.8,1.6068658935953555,5.78471721694328
3,157,5238,255,113.4333,-50.0075,155.2592,2.1042,5.1245,-2.2931,1.1162,1.1435,-0.4925,2.5498,0.0541,-1.2447,0.0312,car,157,113.4333,-50.0075,-2.2931,1.1162,2.5498,0.0541,155.2592,2.5503352818796197,9.181207014766631,0.0,0.0,0.0,0.0,0.0,0.0,1,03_15_157_5258_ego_157,1,5258,5258,5261,vehicle_vehicle,0.09329548707913161,2.7549455967670835,2.784218002379627,14.374620329594796,15.0,3.0,3.5,0.8,1.6068658935953555,5.78471721694328
3,15,5239,5239,96.5157,-59.1279,45.6651,2.4422,2.6081,3.2869,3.3867,-0.7359,0.7406,4.7194,-0.0158,0.0155,-1.0439,trailer,157,113.3421,-49.9631,-2.2428,1.0945,2.495,0.0532,155.2078,2.495612568088244,8.984205245117678,-16.826400000000007,-9.1648,5.5297,2.2922,5.985963826319033,19.160409598962133,0,03_15_157_5258_ego_157,1,5258,5258,5261,vehicle_vehicle,0.09329548707913161,2.7549455967670835,2.784218002379627,14.374620329594796,15.0,3.0,3.5,0.8,1.6068658935953555,5.78471721694328
3,17,5239,5239,100.2723,-54.4795,59.3923,2.6151,6.8077,2.1769,4.2579,-1.148,0.619,4.7731,-0.2944,-0.0518,-1.3032,truck,157,113.3421,-49.9631,-2.2428,1.0945,2.495,0.0532,155.2078,2.495612568088244,8.984205245117678,-13.0698,-4.516400000000004,4.4197,3.1634,5.435149275778909,13.828143078519258,0,03_15_157_5258_ego_157,0,5258,5258,5261,vehicle_vehicle,0.09329548707913161,2.7549455967670835,2.784218002379627,14.374620329594796,15.0,3.0,3.5,0.8,1.6068658935953555,5.78471721694328
3,152,5239,358,99.2768,-38.6854,134.7656,3.3232,17.0865,-3.2892,3.7163,-0.9052,0.6092,4.9548,0.2817,1.07,-0.2137,truck,157,113.3421,-49.9631,-2.2428,1.0945,2.495,0.0532,155.2078,2.495612568088244,8.984205245117678,-14.065300000000008,11.277699999999996,-1.0464000000000002,2.6218,2.8229042137486706,18.028288365233127,0,03_15_157_5258_ego_157,0,5258,5258,5261,vehicle_vehicle,0.09329548707913161,2.7549455967670835,2.784218002379627,14.374620329594796,15.0,3.0,3.5,0.8,1.6068658935953555,5.78471721694328
3,157,5239,256,113.3421,-49.9631,155.2078,2.1042,5.1245,-2.2428,1.0945,1.1524,-0.4995,2.495,0.0532,-1.2557,0.0297,car,157,113.3421,-49.9631,-2.2428,1.0945,2.495,0.0532,155.2078,2.495612568088244,8.984205245117678,0.0,0.0,0.0,0.0,0.0,0.0,1,03_15_157_5258_ego_157,1,5258,5258,5261,vehicle_vehicle,0.09329548707913161,2.7549455967670835,2.784218002379627,14.374620329594796,15.0,3.0,3.5,0.8,1.6068658935953555,5.78471721694328
3,15,5240,5240,96.648,-58.9919,46.2385,2.4422,2.6081,3.2597,3.417,-0.7545,0.743,4.7224,-0.0091,0.0148,-1.0588,trailer,157,113.2535,-49.9199,-2.1922,1.0726,2.4399,0.0523,155.1558,2.440535105258681,8.785926378931253,-16.605500000000006,-9.072000000000003,5.4519,2.3444,5.934595602903369,18.92204572053456,0,03_15_157_5258_ego_157,1,5258,5258,5261,vehicle_vehicle,0.09329548707913161,2.7549455967670835,2.784218002379627,14.374620329594796,15.0,3.0,3.5,0.8,1.6068658935953555,5.78471721694328
3,17,5240,5240,100.3589,-54.3084,60.0158,2.6151,6.8077,2.1321,4.2833,-1.1624,0.6147,4.7756,-0.2939,-0.0485,-1.314,truck,157,113.2535,-49.9199,-2.1922,1.0726,2.4399,0.0523,155.1558,2.440535105258681,8.785926378931253,-12.894599999999997,-4.3885000000000005,4.3243,3.2106999999999997,5.385922853142254,13.620926598803766,0,03_15_157_5258_ego_157,0,5258,5258,5261,vehicle_vehicle,0.09329548707913161,2.7549455967670835,2.784218002379627,14.374620329594796,15.0,3.0,3.5,0.8,1.6068658935953555,5.78471721694328
3,152,5240,359,99.1453,-38.5363,134.718,3.3232,17.0865,-3.323,3.7436,-0.9359,0.5838,4.9983,0.2728,1.0734,-0.2543,truck,157,113.2535,-49.9199,-2.1922,1.0726,2.4399,0.0523,155.1558,2.440535105258681,8.785926378931253,-14.108199999999997,11.383600000000001,-1.1307999999999998,2.671,2.900508514036806,18.12809025242317,0,03_15_157_5258_ego_157,0,5258,5258,5261,vehicle_vehicle,0.09329548707913161,2.7549455967670835,2.784218002379627,14.374620329594796,15.0,3.0,3.5,0.8,1.6068658935953555,5.78471721694328
3,157,5240,257,113.2535,-49.9199,155.1558,2.1042,5.1245,-2.1922,1.0726,1.1567,-0.5046,2.4399,0.0523,-1.2617,0.0281,car,157,113.2535,-49.9199,-2.1922,1.0726,2.4399,0.0523,155.1558,2.440535105258681,8.785926378931253,0.0,0.0,0.0,0.0,0.0,0.0,1,03_15_157_5258_ego_157,1,5258,5258,5261,vehicle_vehicle,0.09329548707913161,2.7549455967670835,2.784218002379627,14.374620329594796,15.0,3.0,3.5,0.8,1.6068658935953555,5.78471721694328
3,15,5241,5241,96.7797,-58.8548,46.7171,2.4422,2.6081,3.231,3.4474,-0.775,0.7447,4.7248,-0.0115,0.0108,-1.0747,trailer,157,113.167,-49.8773,-2.1415,1.0504,2.3847,0.0512,155.1012,2.3852384388148704,8.586858379733533,-16.387299999999996,-8.9775,5.3725000000000005,2.3970000000000002,5.882972484212382,18.685264449292653,0,03_15_157_5258_ego_157,1,5258,5258,5261,vehicle_vehicle,0.09329548707913161,2.7549455967670835,2.784218002379627,14.374620329594796,15.0,3.0,3.5,0.8,1.6068658935953555,5.78471721694328
3,17,5241,5241,100.444,-54.1367,60.6458,2.6151,6.8077,2.0864,4.3086,-1.1777,0.6097,4.7782,-0.2936,-0.0459,-1.3254,truck,157,113.167,-49.8773,-2.1415,1.0504,2.3847,0.0512,155.1012,2.3852384388148704,8.586858379733533,-12.722999999999999,-4.259399999999999,4.2279,3.2582000000000004,5.337696661482367,13.417049502778172,0,03_15_157_5258_ego_157,0,5258,5258,5261,vehicle_vehicle,0.09329548707913161,2.7549455967670835,2.784218002379627,14.374620329594796,15.0,3.0,3.5,0.8,1.6068658935953555,5.78471721694328
3,152,5241,360,99.0137,-38.3845,134.6854,3.3232,17.0865,-3.3588,3.7694,-0.9687,0.5557,5.0419,0.2626,1.0763,-0.298,truck,157,113.167,-49.8773,-2.1415,1.0504,2.3847,0.0512,155.1012,2.3852384388148704,8.586858379733533,-14.153300000000002,11.492799999999995,-1.2172999999999998,2.7190000000000003,2.979056946417775,18.231849953583975,0,03_15_157_5258_ego_157,0,5258,5258,5261,vehicle_vehicle,0.09329548707913161,2.7549455967670835,2.784218002379627,14.374620329594796,15.0,3.0,3.5,0.8,1.6068658935953555,5.78471721694328
3,157,5241,258,113.167,-49.8773,155.1012,2.1042,5.1245,-2.1415,1.0504,1.1566,-0.5076,2.3847,0.0512,-1.2629,0.0265,car,157,113.167,-49.8773,-2.1415,1.0504,2.3847,0.0512,155.1012,2.3852384388148704,8.586858379733533,0.0,0.0,0.0,0.0,0.0,0.0,1,03_15_157_5258_ego_157,1,5258,5258,5261,vehicle_vehicle,0.09329548707913161,2.7549455967670835,2.784218002379627,14.374620329594796,15.0,3.0,3.5,0.8,1.6068658935953555,5.78471721694328
3,15,5242,5242,96.9101,-58.716,47.1163,2.4422,2.6081,3.2008,3.4778,-0.7966,0.7457,4.7265,-0.0214,0.0043,-1.0912,trailer,157,113.0826,-49.8356,-2.0909,1.0281,2.3295,0.0505,155.0581,2.3299897896771995,8.387963242837918,-16.1725,-8.880400000000002,5.2917000000000005,2.4497,5.831219339040507,18.450237407957655,0,03_15_157_5258_ego_157,1,5258,5258,5261,vehicle_vehicle,0.09329548707913161,2.7549455967670835,2.784218002379627,14.374620329594796,15.0,3.0,3.5,0.8,1.6068658935953555,5.78471721694328
3,17,5242,5242,100.528,-53.9639,61.2852,2.6151,6.8077,2.0395,4.3337,-1.1935,0.604,4.7806,-0.2934,-0.0437,-1.3369,truck,157,113.0826,-49.8356,-2.0909,1.0281,2.3295,0.0505,155.0581,2.3299897896771995,8.387963242837918,-12.554599999999994,-4.128300000000003,4.1304,3.3056,5.290292574139921,13.215931372778835,0,03_15_157_5258_ego_157,0,5258,5258,5261,vehicle_vehicle,0.09329548707913161,2.7549455967670835,2.784218002379627,14.374620329594796,15.0,3.0,3.5,0.8,1.6068658935953555,5.78471721694328
3,152,5242,361,98.882,-38.2306,134.659,3.3232,17.0865,-3.3973,3.7929,-1.0024,0.5258,5.0858,0.2495,1.0786,-0.3435,truck,157,113.0826,-49.8356,-2.0909,1.0281,2.3295,0.0505,155.0581,2.3299897896771995,8.387963242837918,-14.200599999999994,11.604999999999997,-1.3064,2.7648,3.0579077814741242,18.339385632021585,0,03_15_157_5258_ego_157,0,5258,5258,5261,vehicle_vehicle,0.09329548707913161,2.7549455967670835,2.784218002379627,14.374620329594796,15.0,3.0,3.5,0.8,1.6068658935953555,5.78471721694328
3,157,5242,259,113.0826,-49.8356,155.0581,2.1042,5.1245,-2.0909,1.0281,1.1522,-0.5087,2.3295,0.0505,-1.2593,0.0246,car,157,113.0826,-49.8356,-2.0909,1.0281,2.3295,0.0505,155.0581,2.3299897896771995,8.387963242837918,0.0,0.0,0.0,0.0,0.0,0.0,1,03_15_157_5258_ego_157,1,5258,5258,5261,vehicle_vehicle,0.09329548707913161,2.7549455967670835,2.784218002379627,14.374620329594796,15.0,3.0,3.5,0.8,1.6068658935953555,5.78471721694328
3,15,5243,5243,97.0389,-58.576,47.4351,2.4422,2.6081,3.1692,3.5082,-0.8188,0.7461,4.7275,-0.0389,-0.0043,-1.1078,trailer,157,113.0001,-49.7944,-2.0407,1.0056,2.2744,0.0498,155.0211,2.2750138131448785,8.190049727321563,-15.961200000000005,-8.781599999999997,5.2099,2.5026,5.7797979869542155,18.217475236706104,0,03_15_157_5258_ego_157,1,5258,5258,5261,vehicle_vehicle,0.09329548707913161,2.7549455967670835,2.784218002379627,14.374620329594796,15.0,3.0,3.5,0.8,1.6068658935953555,5.78471721694328
3,17,5243,5243,100.6094,-53.7897,61.9321,2.6151,6.8077,1.9917,4.3584,-1.2094,0.5977,4.783,-0.2932,-0.0416,-1.3484,truck,157,113.0001,-49.7944,-2.0407,1.0056,2.2744,0.0498,155.0211,2.2750138131448785,8.190049727321563,-12.39070000000001,-3.9953000000000003,4.0324,3.3527999999999993,5.244188936337057,13.01890427724239,0,03_15_157_5258_ego_157,0,5258,5258,5261,vehicle_vehicle,0.09329548707913161,2.7549455967670835,2.784218002379627,14.374620329594796,15.0,3.0,3.5,0.8,1.6068658935953555,5.78471721694328
3,152,5243,362,98.7439,-38.0809,134.6334,3.3232,17.0865,-3.4365,3.8161,-1.0367,0.4941,5.13,0.2356,1.0799,-0.3906,truck,157,113.0001,-49.7944,-2.0407,1.0056,2.2744,0.0498,155.0211,2.2750138131448785,8.190049727321563,-14.256200000000007,11.713500000000003,-1.3958,2.8105,3.138019740218344,18.451160415811255,0,03_15_157_5258_ego_157,0,5258,5258,5261,vehicle_vehicle,0.09329548707913161,2.7549455967670835,2.784218002379627,14.374620329594796,15.0,3.0,3.5,0.8,1.6068658935953555,5.78471721694328
3,157,5243,260,113.0001,-49.7944,155.0211,2.1042,5.1245,-2.0407,1.0056,1.1435,-0.5077,2.2744,0.0498,-1.2509,0.0226,car,157,113.0001,-49.7944,-2.0407,1.0056,2.2744,0.0498,155.0211,2.2750138131448785,8.190049727321563,0.0,0.0,0.0,0.0,0.0,0.0,1,03_15_157_5258_ego_157,1,5258,5258,5261,vehicle_vehicle,0.09329548707913161,2.7549455967670835,2.784218002379627,14.374620329594796,15.0,3.0,3.5,0.8,1.6068658935953555,5.78471721694328
3,15,5244,5244,97.1659,-58.435,47.7304,2.4422,2.6081,3.1363,3.5385,-0.841,0.7461,4.728,-0.0592,-0.0135,-1.1242,trailer,157,112.9193,-49.7547,-1.9907,0.9831,2.2197,0.0493,154.9889,2.220218930646255,7.992788150326519,-15.753400000000013,-8.680300000000003,5.127,2.5554,5.728542411469081,17.98658443535071,0,03_15_157_5258_ego_157,1,5258,5258,5261,vehicle_vehicle,0.09329548707913161,2.7549455967670835,2.784218002379627,14.374620329594796,15.0,3.0,3.5,0.8,1.6068658935953555,5.78471721694328
3,17,5244,5244,100.6886,-53.6142,62.5799,2.6151,6.8077,1.943,4.3826,-1.2251,0.591,4.785,-0.2935,-0.0396,-1.3596,truck,157,112.9193,-49.7547,-1.9907,0.9831,2.2197,0.0493,154.9889,2.220218930646255,7.992788150326519,-12.230700000000013,-3.859499999999997,3.9337,3.3995,5.199095684828276,12.825200300190259,0,03_15_157_5258_ego_157,0,5258,5258,5261,vehicle_vehicle,0.09329548707913161,2.7549455967670835,2.784218002379627,14.374620329594796,15.0,3.0,3.5,0.8,1.6068658935953555,5.78471721694328
3,152,5244,363,98.6043,-37.9297,134.616,3.3232,17.0865,-3.4766,3.8389,-1.0721,0.4597,5.1745,0.2215,1.0802,-0.4402,truck,157,112.9193,-49.7547,-1.9907,0.9831,2.2197,0.0493,154.9889,2.220218930646255,7.992788150326519,-14.315000000000012,11.825000000000003,-1.4859,2.8558000000000003,3.219237867881154,18.567440588298656,0,03_15_157_5258_ego_157,0,5258,5258,5261,vehicle_vehicle,0.09329548707913161,2.7549455967670835,2.784218002379627,14.374620329594796,15.0,3.0,3.5,0.8,1.6068658935953555,5.78471721694328
3,157,5244,261,112.9193,-49.7547,154.9889,2.1042,5.1245,-1.9907,0.9831,1.1306,-0.5045,2.2197,0.0493,-1.2379,0.0208,car,157,112.9193,-49.7547,-1.9907,0.9831,2.2197,0.0493,154.9889,2.220218930646255,7.992788150326519,0.0,0.0,0.0,0.0,0.0,0.0,1,03_15_157_5258_ego_157,1,5258,5258,5261,vehicle_vehicle,0.09329548707913161,2.7549455967670835,2.784218002379627,14.374620329594796,15.0,3.0,3.5,0.8,1.6068658935953555,5.78471721694328
3,15,5245,5245,97.291,-58.2926,47.899,2.4422,2.6081,3.1024,3.5687,-0.863,0.7457,4.7278,-0.0907,-0.0253,-1.1402,trailer,157,112.841,-49.7158,-1.9414,0.9608,2.1656,0.0486,154.9562,2.16614186977677,7.798110731196371,-15.549999999999997,-8.576799999999999,5.0438,2.6079000000000003,5.678121242981696,17.758490877324004,0,03_15_157_5258_ego_157,1,5258,5258,5261,vehicle_vehicle,0.09329548707913161,2.7549455967670835,2.784218002379627,14.374620329594796,15.0,3.0,3.5,0.8,1.6068658935953555,5.78471721694328
3,17,5245,5245,100.7657,-53.438,63.2288,2.6151,6.8077,1.8936,4.4064,-1.2405,0.5841,4.787,-0.2941,-0.0373,-1.3706,truck,157,112.841,-49.7158,-1.9414,0.9608,2.1656,0.0486,154.9562,2.16614186977677,7.798110731196371,-12.075299999999999,-3.722200000000001,3.835,3.4455999999999998,5.15551979532617,12.635966244415185,0,03_15_157_5258_ego_157,0,5258,5258,5261,vehicle_vehicle,0.09329548707913161,2.7549455967670835,2.784218002379627,14.374620329594796,15.0,3.0,3.5,0.8,1.6068658935953555,5.78471721694328
3,152,5245,364,98.4652,-37.7761,134.6051,3.3232,17.0865,-3.5185,3.8604,-1.1086,0.4223,5.2192,0.2058,1.0792,-0.4927,truck,157,112.841,-49.7158,-1.9414,0.9608,2.1656,0.0486,154.9562,2.16614186977677,7.798110731196371,-14.375799999999998,11.939700000000002,-1.5771,2.8996,3.300746062634931,18.68743058127575,0,03_15_157_5258_ego_157,0,5258,5258,5261,vehicle_vehicle,0.09329548707913161,2.7549455967670835,2.784218002379627,14.374620329594796,15.0,3.0,3.5,0.8,1.6068658935953555,5.78471721694328
3,157,5245,262,112.841,-49.7158,154.9562,2.1042,5.1245,-1.9414,0.9608,1.1135,-0.4992,2.1656,0.0486,-1.2201,0.0191,car,157,112.841,-49.7158,-1.9414,0.9608,2.1656,0.0486,154.9562,2.16614186977677,7.798110731196371,0.0,0.0,0.0,0.0,0.0,0.0,1,03_15_157_5258_ego_157,1,5258,5258,5261,vehicle_vehicle,0.09329548707913161,2.7549455967670835,2.784218002379627,14.374620329594796,15.0,3.0,3.5,0.8,1.6068658935953555,5.78471721694328
3,15,5246,5246,97.4154,-58.1494,48.1517,2.4422,2.6081,3.0672,3.5989,-0.8845,0.7449,4.7272,-0.1163,-0.0352,-1.1558,trailer,157,112.7656,-49.6781,-1.8933,0.9388,2.1128,0.0476,154.9157,2.113274788095481,7.607789237143732,-15.350200000000001,-8.4713,4.9605,2.6601,5.628738069940721,17.532585768505456,0,03_15_157_5258_ego_157,1,5258,5258,5261,vehicle_vehicle,0.09329548707913161,2.7549455967670835,2.784218002379627,14.374620329594796,15.0,3.0,3.5,0.8,1.6068658935953555,5.78471721694328
3,17,5246,5246,100.8414,-53.2614,63.8711,2.6151,6.8077,1.8432,4.4299,-1.2552,0.577,4.7889,-0.2961,-0.0347,-1.3811,truck,157,112.7656,-49.6781,-1.8933,0.9388,2.1128,0.0476,154.9157,2.113274788095481,7.607789237143732,-11.924200000000013,-3.5833000000000013,3.7365,3.4911,5.113629969014183,12.450967212630523,0,03_15_157_5258_ego_157,0,5258,5258,5261,vehicle_vehicle,0.09329548707913161,2.7549455967670835,2.784218002379627,14.374620329594796,15.0,3.0,3.5,0.8,1.6068658935953555,5.78471721694328
3,152,5246,365,98.3262,-37.6199,134.6087,3.3232,17.0865,-3.5629,3.8799,-1.1457,0.3821,5.2642,0.1882,1.0766,-0.5473,truck,157,112.7656,-49.6781,-1.8933,0.9388,2.1128,0.0476,154.9157,2.113274788095481,7.607789237143732,-14.439400000000006,12.0582,-1.6696,2.9411,3.381957032547871,18.812135965913072,0,03_15_157_5258_ego_157,0,5258,5258,5261,vehicle_vehicle,0.09329548707913161,2.7549455967670835,2.784218002379627,14.374620329594796,15.0,3.0,3.5,0.8,1.6068658935953555,5.78471721694328
3,157,5246,263,112.7656,-49.6781,154.9157,2.1042,5.1245,-1.8933,0.9388,1.0926,-0.4918,2.1128,0.0476,-1.1981,0.0178,car,157,112.7656,-49.6781,-1.8933,0.9388,2.1128,0.0476,154.9157,2.113274788095481,7.607789237143732,0.0,0.0,0.0,0.0,0.0,0.0,1,03_15_157_5258_ego_157,1,5258,5258,5261,vehicle_vehicle,0.09329548707913161,2.7549455967670835,2.784218002379627,14.374620329594796,15.0,3.0,3.5,0.8,1.6068658935953555,5.78471721694328
3,15,5247,5247,97.538,-58.0047,48.3538,2.4422,2.6081,3.0309,3.6291,-0.9052,0.7437,4.726,-0.1468,-0.0458,-1.1706,trailer,157,112.6921,-49.6416,-1.8467,0.9174,2.0614,0.0465,154.8747,2.0620193136825855,7.423269529257308,-15.1541,-8.363100000000003,4.8776,2.7117000000000004,5.5807077194563774,17.308616016885928,0,03_15_157_5258_ego_157,1,5258,5258,5261,vehicle_vehicle,0.09329548707913161,2.7549455967670835,2.784218002379627,14.374620329594796,15.0,3.0,3.5,0.8,1.6068658935953555,5.78471721694328
3,17,5247,5247,100.9152,-53.0838,64.5162,2.6151,6.8077,1.7917,4.4531,-1.2689,0.5698,4.7908,-0.2986,-0.0316,-1.3906,truck,157,112.6921,-49.6416,-1.8467,0.9174,2.0614,0.0465,154.8747,2.0620193136825855,7.423269529257308,-11.776899999999998,-3.4421999999999997,3.6384,3.5357000000000003,5.073374522938357,12.269641985404462,0,03_15_157_5258_ego_157,0,5258,5258,5261,vehicle_vehicle,0.09329548707913161,2.7549455967670835,2.784218002379627,14.374620329594796,15.0,3.0,3.5,0.8,1.6068658935953555,5.78471721694328
3,152,5247,366,98.1862,-37.4622,134.6262,3.3232,17.0865,-3.6101,3.8968,-1.1821,0.3398,5.3094,0.1681,1.0722,-0.6026,truck,157,112.6921,-49.6416,-1.8467,0.9174,2.0614,0.0465,154.8747,2.0620193136825855,7.423269529257308,-14.505899999999997,12.179399999999994,-1.7634,2.9794,3.4621386338504703,18.940932373302,0,03_15_157_5258_ego_157,0,5258,5258,5261,vehicle_vehicle,0.09329548707913161,2.7549455967670835,2.784218002379627,14.374620329594796,15.0,3.0,3.5,0.8,1.6068658935953555,5.78471721694328
3,157,5247,264,112.6921,-49.6416,154.8747,2.1042,5.1245,-1.8467,0.9174,1.0686,-0.4825,2.0614,0.0465,-1.1723,0.0169,car,157,112.6921,-49.6416,-1.8467,0.9174,2.0614,0.0465,154.8747,2.0620193136825855,7.423269529257308,0.0,0.0,0.0,0.0,0.0,0.0,1,03_15_157_5258_ego_157,1,5258,5258,5261,vehicle_vehicle,0.09329548707913161,2.7549455967670835,2.784218002379627,14.374620329594796,15.0,3.0,3.5,0.8,1.6068658935953555,5.78471721694328
3,15,5248,5248,97.6583,-57.8585,48.4916,2.4422,2.6081,2.9938,3.659,-0.925,0.7422,4.7242,-0.183,-0.0572,-1.1846,trailer,157,112.62,-49.6055,-1.8013,0.8964,2.0115,0.0452,154.8322,2.0120175570804544,7.243263205489636,-14.961700000000008,-8.253,4.7951,2.7626,5.533980734516519,17.08696801337207,0,03_15_157_5258_ego_157,1,5258,5258,5261,vehicle_vehicle,0.09329548707913161,2.7549455967670835,2.784218002379627,14.374620329594796,15.0,3.0,3.5,0.8,1.6068658935953555,5.78471721694328
3,17,5248,5248,100.986,-52.905,65.1628,2.6151,6.8077,1.7397,4.476,-1.2814,0.5625,4.7927,-0.3013,-0.0278,-1.3991,truck,157,112.62,-49.6055,-1.8013,0.8964,2.0115,0.0452,154.8322,2.0120175570804544,7.243263205489636,-11.634,-3.299500000000002,3.541,3.5796,5.035098525351812,12.092834913699932,0,03_15_157_5258_ego_157,0,5258,5258,5261,vehicle_vehicle,0.09329548707913161,2.7549455967670835,2.784218002379627,14.374620329594796,15.0,3.0,3.5,0.8,1.6068658935953555,5.78471721694328
3,152,5248,367,98.043,-37.304,134.6539,3.3232,17.0865,-3.6596,3.9112,-1.2166,0.2962,5.3544,0.1456,1.0658,-0.6573,truck,157,112.62,-49.6055,-1.8013,0.8964,2.0115,0.0452,154.8322,2.0120175570804544,7.243263205489636,-14.576999999999998,12.301499999999997,-1.8583000000000003,3.0148,3.5415106847219873,19.073956884978006,0,03_15_157_5258_ego_157,0,5258,5258,5261,vehicle_vehicle,0.09329548707913161,2.7549455967670835,2.784218002379627,14.374620329594796,15.0,3.0,3.5,0.8,1.6068658935953555,5.78471721694328
3,157,5248,265,112.62,-49.6055,154.8322,2.1042,5.1245,-1.8013,0.8964,1.0417,-0.4715,2.0115,0.0452,-1.1433,0.0163,car,157,112.62,-49.6055,-1.8013,0.8964,2.0115,0.0452,154.8322,2.0120175570804544,7.243263205489636,0.0,0.0,0.0,0.0,0.0,0.0,1,03_15_157_5258_ego_157,1,5258,5258,5261,vehicle_vehicle,0.09329548707913161,2.7549455967670835,2.784218002379627,14.374620329594796,15.0,3.0,3.5,0.8,1.6068658935953555,5.78471721694328
3,15,5249,5249,97.778,-57.7117,48.8924,2.4422,2.6081,2.9558,3.6889,-0.9439,0.7405,4.7229,-0.1983,-0.0627,-1.1981,trailer,157,112.5486,-49.5706,-1.757,0.8761,1.9628,0.0443,154.7895,1.9633135791309546,7.067928884871437,-14.770599999999988,-8.141100000000002,4.7128,2.8127999999999997,5.488381152944828,16.865590222995447,0,03_15_157_5258_ego_157,1,5258,5258,5261,vehicle_vehicle,0.09329548707913161,2.7549455967670835,2.784218002379627,14.374620329594796,15.0,3.0,3.5,0.8,1.6068658935953555,5.78471721694328
3,17,5249,5249,101.0542,-52.7254,65.8146,2.6151,6.8077,1.6873,4.4986,-1.2926,0.555,4.795,-0.3039,-0.0232,-1.4065,truck,157,112.5486,-49.5706,-1.757,0.8761,1.9628,0.0443,154.7895,1.9633135791309546,7.067928884871437,-11.494399999999999,-3.1548000000000016,3.4443,3.6224999999999996,4.99857066970149,11.919479619513595,0,03_15_157_5258_ego_157,0,5258,5258,5261,vehicle_vehicle,0.09329548707913161,2.7549455967670835,2.784218002379627,14.374620329594796,15.0,3.0,3.5,0.8,1.6068658935953555,5.78471721694328
3,152,5249,368,97.8961,-37.1462,134.7,3.3232,17.0865,-3.7107,3.9235,-1.2488,0.252,5.3989,0.1222,1.0575,-0.7104,truck,157,112.5486,-49.5706,-1.757,0.8761,1.9628,0.0443,154.7895,1.9633135791309546,7.067928884871437,-14.65249999999999,12.424399999999999,-1.9537000000000002,3.0474,3.6198881819746864,19.21097268776362,0,03_15_157_5258_ego_157,0,5258,5258,5261,vehicle_vehicle,0.09329548707913161,2.7549455967670835,2.784218002379627,14.374620329594796,15.0,3.0,3.5,0.8,1.6068658935953555,5.78471721694328
3,157,5249,266,112.5486,-49.5706,154.7895,2.1042,5.1245,-1.757,0.8761,1.0122,-0.4589,1.9628,0.0443,-1.1112,0.0159,car,157,112.5486,-49.5706,-1.757,0.8761,1.9628,0.0443,154.7895,1.9633135791309546,7.067928884871437,0.0,0.0,0.0,0.0,0.0,0.0,1,03_15_157_5258_ego_157,1,5258,5258,5261,vehicle_vehicle,0.09329548707913161,2.7549455967670835,2.784218002379627,14.374620329594796,15.0,3.0,3.5,0.8,1.6068658935953555,5.78471721694328
3,15,5250,5250,97.8963,-57.5641,49.3586,2.4422,2.6081,2.9166,3.719,-0.9615,0.7384,4.7216,-0.2092,-0.0659,-1.2106,trailer,157,112.4795,-49.5369,-1.714,0.8567,1.9157,0.0436,154.7474,1.9161761114260871,6.898234001133914,-14.583200000000005,-8.0272,4.630599999999999,2.8623,5.443823807766008,16.64649098398819,0,03_15_157_5258_ego_157,1,5258,5258,5261,vehicle_vehicle,0.09329548707913161,2.7549455967670835,2.784218002379627,14.374620329594796,15.0,3.0,3.5,0.8,1.6068658935953555,5.78471721694328
3,17,5250,5250,101.1203,-52.5457,66.4682,2.6151,6.8077,1.6346,4.5211,-1.3027,0.5474,4.7978,-0.3064,-0.0182,-1.413,truck,157,112.4795,-49.5369,-1.714,0.8567,1.9157,0.0436,154.7474,1.9161761114260871,6.898234001133914,-11.359200000000001,-3.0087999999999937,3.3486000000000002,3.6643999999999997,4.963965080457355,11.750927711461765,0,03_15_157_5258_ego_157,0,5258,5258,5261,vehicle_vehicle,0.09329548707913161,2.7549455967670835,2.784218002379627,14.374620329594796,15.0,3.0,3.5,0.8,1.6068658935953555,5.78471721694328
3,152,5250,369,97.7464,-36.9898,134.758,3.3232,17.0865,-3.763,3.9343,-1.2786,0.2072,5.4433,0.0981,1.0474,-0.762,truck,157,112.4795,-49.5369,-1.714,0.8567,1.9157,0.0436,154.7474,1.9161761114260871,6.898234001133914,-14.733100000000007,12.5471,-2.049,3.0776,3.6972993873907476,19.351846269025607,0,03_15_157_5258_ego_157,0,5258,5258,5261,vehicle_vehicle,0.09329548707913161,2.7549455967670835,2.784218002379627,14.374620329594796,15.0,3.0,3.5,0.8,1.6068658935953555,5.78471721694328
3,157,5250,267,112.4795,-49.5369,154.7474,2.1042,5.1245,-1.714,0.8567,0.9801,-0.4451,1.9157,0.0436,-1.0763,0.0155,car,157,112.4795,-49.5369,-1.714,0.8567,1.9157,0.0436,154.7474,1.9161761114260871,6.898234001133914,0.0,0.0,0.0,0.0,0.0,0.0,1,03_15_157_5258_ego_157,1,5258,5258,5261,vehicle_vehicle,0.09329548707913161,2.7549455967670835,2.784218002379627,14.374620329594796,15.0,3.0,3.5,0.8,1.6068658935953555,5.78471721694328
3,15,5251,5251,98.0127,-57.415,49.7959,2.4422,2.6081,2.8765,3.7491,-0.9777,0.7359,4.7202,-0.2232,-0.0691,-1.2217,trailer,157,112.4118,-49.5036,-1.6723,0.8381,1.87,0.0435,154.7127,1.8705611190228455,6.734020028482244,-14.399100000000004,-7.9114,4.5488,2.911,5.4005094611527165,16.429374022463552,0,03_15_157_5258_ego_157,1,5258,5258,5261,vehicle_vehicle,0.09329548707913161,2.7549455967670835,2.784218002379627,14.374620329594796,15.0,3.0,3.5,0.8,1.6068658935953555,5.78471721694328
3,17,5251,5251,101.184,-52.3657,67.1114,2.6151,6.8077,1.5817,4.5439,-1.312,0.5392,4.8013,-0.3101,-0.0136,-1.4184,truck,157,112.4118,-49.5036,-1.6723,0.8381,1.87,0.0435,154.7127,1.8705611190228455,6.734020028482244,-11.227800000000002,-2.862099999999998,3.254,3.7058,4.931680204555036,11.586850704570248,0,03_15_157_5258_ego_157,0,5258,5258,5261,vehicle_vehicle,0.09329548707913161,2.7549455967670835,2.784218002379627,14.374620329594796,15.0,3.0,3.5,0.8,1.6068658935953555,5.78471721694328
3,152,5251,370,97.5959,-36.8312,134.83,3.3232,17.0865,-3.8169,3.9428,-1.3059,0.162,5.4872,0.0728,1.0356,-0.8119,truck,157,112.4118,-49.5036,-1.6723,0.8381,1.87,0.0435,154.7127,1.8705611190228455,6.734020028482244,-14.8159,12.672399999999996,-2.1446,3.1047000000000002,3.773389888415985,19.4961692280817,0,03_15_157_5258_ego_157,0,5258,5258,5261,vehicle_vehicle,0.09329548707913161,2.7549455967670835,2.784218002379627,14.374620329594796,15.0,3.0,3.5,0.8,1.6068658935953555,5.78471721694328
3,157,5251,268,112.4118,-49.5036,154.7127,2.1042,5.1245,-1.6723,0.8381,0.9454,-0.4304,1.87,0.0435,-1.0387,0.0147,car,157,112.4118,-49.5036,-1.6723,0.8381,1.87,0.0435,154.7127,1.8705611190228455,6.734020028482244,0.0,0.0,0.0,0.0,0.0,0.0,1,03_15_157_5258_ego_157,1,5258,5258,5261,vehicle_vehicle,0.09329548707913161,2.7549455967670835,2.784218002379627,14.374620329594796,15.0,3.0,3.5,0.8,1.6068658935953555,5.78471721694328
3,15,5252,5252,98.1273,-57.2645,50.3294,2.4422,2.6081,2.8356,3.7791,-0.9921,0.7328,4.7191,-0.2298,-0.0693,-1.2314,trailer,157,112.3461,-49.4707,-1.6321,0.8202,1.8261,0.0435,154.6844,1.8266029809457776,6.575770731404799,-14.218800000000002,-7.793799999999997,4.4677,2.9589,5.358678241880175,16.214733789982493,0,03_15_157_5258_ego_157,1,5258,5258,5261,vehicle_vehicle,0.09329548707913161,2.7549455967670835,2.784218002379627,14.374620329594796,15.0,3.0,3.5,0.8,1.6068658935953555,5.78471721694328
3,17,5252,5252,101.2454,-52.1844,67.7639,2.6151,6.8077,1.5288,4.5667,-1.3207,0.5299,4.8056,-0.313,-0.0093,-1.423,truck,157,112.3461,-49.4707,-1.6321,0.8202,1.8261,0.0435,154.6844,1.8266029809457776,6.575770731404799,-11.100700000000003,-2.713699999999996,3.1609,3.7465,4.901790597322575,11.427585404625075,0,03_15_157_5258_ego_157,0,5258,5258,5261,vehicle_vehicle,0.09329548707913161,2.7549455967670835,2.784218002379627,14.374620329594796,15.0,3.0,3.5,0.8,1.6068658935953555,5.78471721694328
3,152,5252,371,97.4427,-36.6728,134.918,3.3232,17.0865,-3.872,3.9494,-1.3304,0.1166,5.5307,0.0468,1.0219,-0.8597,truck,157,112.3461,-49.4707,-1.6321,0.8202,1.8261,0.0435,154.6844,1.8266029809457776,6.575770731404799,-14.903400000000005,12.797899999999998,-2.2398999999999996,3.1292,3.848252155199812,19.644275908518495,0,03_15_157_5258_ego_157,0,5258,5258,5261,vehicle_vehicle,0.09329548707913161,2.7549455967670835,2.784218002379627,14.374620329594796,15.0,3.0,3.5,0.8,1.6068658935953555,5.78471721694328
3,157,5252,269,112.3461,-49.4707,154.6844,2.1042,5.1245,-1.6321,0.8202,0.9084,-0.4149,1.8261,0.0435,-0.9986,0.0134,car,157,112.3461,-49.4707,-1.6321,0.8202,1.8261,0.0435,154.6844,1.8266029809457776,6.575770731404799,0.0,0.0,0.0,0.0,0.0,0.0,1,03_15_157_5258_ego_157,1,5258,5258,5261,vehicle_vehicle,0.09329548707913161,2.7549455967670835,2.784218002379627,14.374620329594796,15.0,3.0,3.5,0.8,1.6068658935953555,5.78471721694328
3,15,5253,5253,98.2413,-57.1131,50.8777,2.4422,2.6081,2.7937,3.8092,-1.0045,0.729,4.7179,-0.2362,-0.0683,-1.2392,trailer,157,112.2825,-49.4385,-1.5938,0.803,1.7842,0.0433,154.6508,1.784658914190608,6.424772091086189,-14.041200000000003,-7.674600000000005,4.3875,3.0062,5.318589539530194,16.001711864672487,0,03_15_157_5258_ego_157,1,5258,5258,5261,vehicle_vehicle,0.09329548707913161,2.7549455967670835,2.784218002379627,14.374620329594796,15.0,3.0,3.5,0.8,1.6068658935953555,5.78471721694328
3,17,5253,5253,101.3058,-52.0023,68.4232,2.6151,6.8077,1.4754,4.5894,-1.3289,0.5193,4.8104,-0.3157,-0.0058,-1.4268,truck,157,112.2825,-49.4385,-1.5938,0.803,1.7842,0.0433,154.6508,1.784658914190608,6.424772091086189,-10.976699999999994,-2.5638000000000005,3.0692000000000004,3.7864000000000004,4.874096182883552,11.27213437331191,0,03_15_157_5258_ego_157,0,5258,5258,5261,vehicle_vehicle,0.09329548707913161,2.7549455967670835,2.784218002379627,14.374620329594796,15.0,3.0,3.5,0.8,1.6068658935953555,5.78471721694328
3,152,5253,372,97.2867,-36.5145,135.0182,3.3232,17.0865,-3.9282,3.954,-1.3519,0.0712,5.5735,0.02,1.0065,-0.9053,truck,157,112.2825,-49.4385,-1.5938,0.803,1.7842,0.0433,154.6508,1.784658914190608,6.424772091086189,-14.995800000000003,12.924,-2.3343999999999996,3.1510000000000002,3.9215079191555895,19.796560146651743,0,03_15_157_5258_ego_157,0,5258,5258,5261,vehicle_vehicle,0.09329548707913161,2.7549455967670835,2.784218002379627,14.374620329594796,15.0,3.0,3.5,0.8,1.6068658935953555,5.78471721694328
3,157,5253,270,112.2825,-49.4385,154.6508,2.1042,5.1245,-1.5938,0.803,0.8692,-0.3988,1.7842,0.0433,-0.9563,0.0117,car,157,112.2825,-49.4385,-1.5938,0.803,1.7842,0.0433,154.6508,1.784658914190608,6.424772091086189,0.0,0.0,0.0,0.0,0.0,0.0,1,03_15_157_5258_ego_157,1,5258,5258,5261,vehicle_vehicle,0.09329548707913161,2.7549455967670835,2.784218002379627,14.374620329594796,15.0,3.0,3.5,0.8,1.6068658935953555,5.78471721694328
3,15,5254,5254,98.3532,-56.9597,51.4519,2.4422,2.6081,2.7508,3.8389,-1.0144,0.7245,4.7166,-0.2409,-0.0655,-1.2448,trailer,157,112.2205,-49.4064,-1.5575,0.7864,1.7443,0.0428,154.6161,1.7447725381837027,6.2811811374613296,-13.8673,-7.5533,4.3083,3.0525,5.280076243767698,15.790957861383838,0,03_15_157_5258_ego_157,1,5258,5258,5261,vehicle_vehicle,0.09329548707913161,2.7549455967670835,2.784218002379627,14.374620329594796,15.0,3.0,3.5,0.8,1.6068658935953555,5.78471721694328
3,17,5254,5254,101.3641,-51.8183,69.0726,2.6151,6.8077,1.4216,4.6118,-1.3365,0.507,4.8153,-0.3195,-0.0038,-1.4294,truck,157,112.2205,-49.4064,-1.5575,0.7864,1.7443,0.0428,154.6161,1.7447725381837027,6.2811811374613296,-10.856400000000008,-2.411900000000003,2.9791,3.8253999999999997,4.848579376477196,11.121091788579042,0,03_15_157_5258_ego_157,0,5258,5258,5261,vehicle_vehicle,0.09329548707913161,2.7549455967670835,2.784218002379627,14.374620329594796,15.0,3.0,3.5,0.8,1.6068658935953555,5.78471721694328
3,152,5254,373,97.1281,-36.3562,135.1408,3.3232,17.0865,-3.985,3.9568,-1.3706,0.0258,5.6157,-0.0062,0.9897,-0.9485,truck,157,112.2205,-49.4064,-1.5575,0.7864,1.7443,0.0428,154.6161,1.7447725381837027,6.2811811374613296,-15.092399999999998,13.050199999999997,-2.4274999999999998,3.1704,3.9930179576355527,19.952149202529533,0,03_15_157_5258_ego_157,0,5258,5258,5261,vehicle_vehicle,0.09329548707913161,2.7549455967670835,2.784218002379627,14.374620329594796,15.0,3.0,3.5,0.8,1.6068658935953555,5.78471721694328
3,157,5254,271,112.2205,-49.4064,154.6161,2.1042,5.1245,-1.5575,0.7864,0.8283,-0.3821,1.7443,0.0428,-0.9122,0.0099,car,157,112.2205,-49.4064,-1.5575,0.7864,1.7443,0.0428,154.6161,1.7447725381837027,6.2811811374613296,0.0,0.0,0.0,0.0,0.0,0.0,1,03_15_157_5258_ego_157,1,5258,5258,5261,vehicle_vehicle,0.09329548707913161,2.7549455967670835,2.784218002379627,14.374620329594796,15.0,3.0,3.5,0.8,1.6068658935953555,5.78471721694328
3,15,5255,5255,98.4626,-56.8048,52.0994,2.4422,2.6081,2.7075,3.8681,-1.0216,0.7197,4.7154,-0.2398,-0.0596,-1.2482,trailer,157,112.1598,-49.3752,-1.5233,0.7704,1.7065,0.0419,154.5795,1.7070322346107,6.145316044598521,-13.69720000000001,-7.429600000000001,4.2308,3.0977,5.243606958001334,15.582433827871698,0,03_15_157_5258_ego_157,1,5258,5258,5261,vehicle_vehicle,0.09329548707913161,2.7549455967670835,2.784218002379627,14.374620329594796,15.0,3.0,3.5,0.8,1.6068658935953555,5.78471721694328
3,17,5255,5255,101.4202,-51.6328,69.7227,2.6151,6.8077,1.3673,4.6334,-1.3433,0.4933,4.8201,-0.3232,-0.0028,-1.4311,truck,157,112.1598,-49.3752,-1.5233,0.7704,1.7065,0.0419,154.5795,1.7070322346107,6.145316044598521,-10.73960000000001,-2.2576000000000036,2.8906,3.863,4.824762933036192,10.97432302786829,0,03_15_157_5258_ego_157,0,5258,5258,5261,vehicle_vehicle,0.09329548707913161,2.7549455967670835,2.784218002379627,14.374620329594796,15.0,3.0,3.5,0.8,1.6068658935953555,5.78471721694328
3,152,5255,374,96.9673,-36.1983,135.2763,3.3232,17.0865,-4.0425,3.9579,-1.3865,-0.0195,5.6574,-0.0326,0.9714,-0.9895,truck,157,112.1598,-49.3752,-1.5233,0.7704,1.7065,0.0419,154.5795,1.7070322346107,6.145316044598521,-15.19250000000001,13.176899999999996,-2.5192000000000005,3.1875,4.062822281370427,20.110762040758182,0,03_15_157_5258_ego_157,0,5258,5258,5261,vehicle_vehicle,0.09329548707913161,2.7549455967670835,2.784218002379627,14.374620329594796,15.0,3.0,3.5,0.8,1.6068658935953555,5.78471721694328
3,157,5255,272,112.1598,-49.3752,154.5795,2.1042,5.1245,-1.5233,0.7704,0.7861,-0.3646,1.7065,0.0419,-0.8665,0.0081,car,157,112.1598,-49.3752,-1.5233,0.7704,1.7065,0.0419,154.5795,1.7070322346107,6.145316044598521,0.0,0.0,0.0,0.0,0.0,0.0,1,03_15_157_5258_ego_157,1,5258,5258,5261,vehicle_vehicle,0.09329548707913161,2.7549455967670835,2.784218002379627,14.374620329594796,15.0,3.0,3.5,0.8,1.6068658935953555,5.78471721694328
3,15,5256,5256,98.5689,-56.6484,52.6613,2.4422,2.6081,2.6643,3.8967,-1.0263,0.7148,4.7141,-0.2452,-0.0541,-1.2495,trailer,157,112.1001,-49.3445,-1.4909,0.755,1.6707,0.0407,154.5379,1.6711695934285065,6.016210536342624,-13.531199999999998,-7.303900000000006,4.1552,3.1417,5.209219320589218,15.376616293905498,0,03_15_157_5258_ego_157,1,5258,5258,5261,vehicle_vehicle,0.09329548707913161,2.7549455967670835,2.784218002379627,14.374620329594796,15.0,3.0,3.5,0.8,1.6068658935953555,5.78471721694328
3,17,5256,5256,101.4735,-51.446,70.3734,2.6151,6.8077,1.3129,4.6541,-1.3494,0.4785,4.8247,-0.3266,-0.0026,-1.4317,truck,157,112.1001,-49.3445,-1.4909,0.755,1.6707,0.0407,154.5379,1.6711695934285065,6.016210536342624,-10.626599999999996,-2.1015000000000015,2.8038,3.8991,4.802528006165086,10.832401848620643,0,03_15_157_5258_ego_157,0,5258,5258,5261,vehicle_vehicle,0.09329548707913161,2.7549455967670835,2.784218002379627,14.374620329594796,15.0,3.0,3.5,0.8,1.6068658935953555,5.78471721694328
3,152,5256,375,96.8039,-36.0404,135.4224,3.3232,17.0865,-4.1004,3.9573,-1.3999,-0.065,5.6983,-0.0592,0.9515,-1.0289,truck,157,112.1001,-49.3445,-1.4909,0.755,1.6707,0.0407,154.5379,1.6711695934285065,6.016210536342624,-15.296199999999999,13.304099999999998,-2.6094999999999997,3.2023,4.130885563653392,20.272464360555674,0,03_15_157_5258_ego_157,0,5258,5258,5261,vehicle_vehicle,0.09329548707913161,2.7549455967670835,2.784218002379627,14.374620329594796,15.0,3.0,3.5,0.8,1.6068658935953555,5.78471721694328
3,157,5256,273,112.1001,-49.3445,154.5379,2.1042,5.1245,-1.4909,0.755,0.7428,-0.3464,1.6707,0.0407,-0.8196,0.0066,car,157,112.1001,-49.3445,-1.4909,0.755,1.6707,0.0407,154.5379,1.6711695934285065,6.016210536342624,0.0,0.0,0.0,0.0,0.0,0.0,1,03_15_157_5258_ego_157,1,5258,5258,5261,vehicle_vehicle,0.09329548707913161,2.7549455967670835,2.784218002379627,14.374620329594796,15.0,3.0,3.5,0.8,1.6068658935953555,5.78471721694328
3,15,5257,5257,98.6733,-56.4908,53.2326,2.4422,2.6081,2.6215,3.9247,-1.0289,0.7104,4.7131,-0.2492,-0.0468,-1.2494,trailer,157,112.0422,-49.3149,-1.4608,0.7405,1.6373,0.0393,154.494,1.6377658226987155,5.895956961715376,-13.368899999999996,-7.175899999999999,4.0823,3.1842,5.177287217259634,15.173036216262053,0,03_15_157_5258_ego_157,1,5258,5258,5261,vehicle_vehicle,0.09329548707913161,2.7549455967670835,2.784218002379627,14.374620329594796,15.0,3.0,3.5,0.8,1.6068658935953555,5.78471721694328
3,17,5257,5257,101.5251,-51.2584,71.0172,2.6151,6.8077,1.2582,4.6737,-1.3548,0.4629,4.8288,-0.3305,-0.0029,-1.4317,truck,157,112.0422,-49.3149,-1.4608,0.7405,1.6373,0.0393,154.494,1.6377658226987155,5.895956961715376,-10.5171,-1.9435000000000002,2.7190000000000003,3.9332000000000003,4.781529382948515,10.695166415722571,0,03_15_157_5258_ego_157,0,5258,5258,5261,vehicle_vehicle,0.09329548707913161,2.7549455967670835,2.784218002379627,14.374620329594796,15.0,3.0,3.5,0.8,1.6068658935953555,5.78471721694328
3,152,5257,376,96.6387,-35.8821,135.5775,3.3232,17.0865,-4.1588,3.9549,-1.4109,-0.1108,5.7384,-0.0863,0.9301,-1.0667,truck,157,112.0422,-49.3149,-1.4608,0.7405,1.6373,0.0393,154.494,1.6377658226987155,5.895956961715376,-15.403499999999994,13.4328,-2.6980000000000004,3.2144,4.196614273435194,20.437904200039686,0,03_15_157_5258_ego_157,0,5258,5258,5261,vehicle_vehicle,0.09329548707913161,2.7549455967670835,2.784218002379627,14.374620329594796,15.0,3.0,3.5,0.8,1.6068658935953555,5.78471721694328
3,157,5257,274,112.0422,-49.3149,154.494,2.1042,5.1245,-1.4608,0.7405,0.6989,-0.3275,1.6373,0.0393,-0.7718,0.0054,car,157,112.0422,-49.3149,-1.4608,0.7405,1.6373,0.0393,154.494,1.6377658226987155,5.895956961715376,0.0,0.0,0.0,0.0,0.0,0.0,1,03_15_157_5258_ego_157,1,5258,5258,5261,vehicle_vehicle,0.09329548707913161,2.7549455967670835,2.784218002379627,14.374620329594796,15.0,3.0,3.5,0.8,1.6068658935953555,5.78471721694328
3,15,5258,5258,98.776,-56.3318,53.6712,2.4422,2.6081,2.5791,3.9518,-1.03,0.7069,4.7117,-0.2633,-0.0407,-1.2486,trailer,157,111.9859,-49.2862,-1.433,0.727,1.6064,0.0377,154.4467,1.6068658935953555,5.78471721694328,-13.209900000000005,-7.0456,4.0121,3.2248,5.147453880317919,14.97137059089782,0,03_15_157_5258_ego_157,1,5258,5258,5261,vehicle_vehicle,0.09329548707913161,2.7549455967670835,2.784218002379627,14.374620329594796,15.0,3.0,3.5,0.8,1.6068658935953555,5.78471721694328
3,17,5258,5258,101.5745,-51.0699,71.6554,2.6151,6.8077,1.2032,4.6922,-1.3594,0.4472,4.8324,-0.3348,-0.0034,-1.4311,truck,157,111.9859,-49.2862,-1.433,0.727,1.6064,0.0377,154.4467,1.6068658935953555,5.78471721694328,-10.4114,-1.783699999999996,2.6362,3.9652,4.761550323161565,10.563088357578005,0,03_15_157_5258_ego_157,0,5258,5258,5261,vehicle_vehicle,0.09329548707913161,2.7549455967670835,2.784218002379627,14.374620329594796,15.0,3.0,3.5,0.8,1.6068658935953555,5.78471721694328
3,152,5258,377,96.4715,-35.7237,135.7489,3.3232,17.0865,-4.2177,3.9506,-1.4195,-0.1567,5.7779,-0.1134,0.9074,-1.1028,truck,157,111.9859,-49.2862,-1.433,0.727,1.6064,0.0377,154.4467,1.6068658935953555,5.78471721694328,-15.514399999999995,13.5625,-2.7847,3.2236000000000002,4.259829932051279,20.60674679831826,0,03_15_157_5258_ego_157,0,5258,5258,5261,vehicle_vehicle,0.09329548707913161,2.7549455967670835,2.784218002379627,14.374620329594796,15.0,3.0,3.5,0.8,1.6068658935953555,5.78471721694328
3,157,5258,275,111.9859,-49.2862,154.4467,2.1042,5.1245,-1.433,0.727,0.6548,-0.308,1.6064,0.0377,-0.7237,0.0045,car,157,111.9859,-49.2862,-1.433,0.727,1.6064,0.0377,154.4467,1.6068658935953555,5.78471721694328,0.0,0.0,0.0,0.0,0.0,0.0,1,03_15_157_5258_ego_157,1,5258,5258,5261,vehicle_vehicle,0.09329548707913161,2.7549455967670835,2.784218002379627,14.374620329594796,15.0,3.0,3.5,0.8,1.6068658935953555,5.78471721694328
3,15,5259,5259,98.8766,-56.1723,54.1118,2.4422,2.6081,2.5374,3.9785,-1.0303,0.7048,4.7107,-0.2765,-0.033,-1.2479,trailer,157,111.9301,-49.2579,-1.4074,0.7145,1.5779,0.0364,154.4073,1.5783805022870752,5.68216980823347,-13.0535,-6.9144000000000005,3.9448,3.264,5.120072561985816,14.77168878666214,0,03_15_157_5258_ego_157,1,5258,5258,5261,vehicle_vehicle,0.09329548707913161,2.7549455967670835,2.784218002379627,14.374620329594796,15.0,3.0,3.5,0.8,1.6068658935953555,5.78471721694328
3,17,5259,5259,101.6213,-50.8806,72.2955,2.6151,6.8077,1.1481,4.7096,-1.3632,0.4316,4.8357,-0.3385,-0.0034,-1.4299,truck,157,111.9301,-49.2579,-1.4074,0.7145,1.5779,0.0364,154.4073,1.5783805022870752,5.68216980823347,-10.30879999999999,-1.6227000000000018,2.5555,3.9951,4.7425103331463605,10.435732496092443,0,03_15_157_5258_ego_157,0,5258,5258,5261,vehicle_vehicle,0.09329548707913161,2.7549455967670835,2.784218002379627,14.374620329594796,15.0,3.0,3.5,0.8,1.6068658935953555,5.78471721694328
3,152,5259,378,96.3011,-35.5658,135.9288,3.3232,17.0865,-4.2768,3.9444,-1.4257,-0.2027,5.8163,-0.1407,0.8834,-1.1372,truck,157,111.9301,-49.2579,-1.4074,0.7145,1.5779,0.0364,154.4073,1.5783805022870752,5.68216980823347,-15.62899999999999,13.692099999999996,-2.8693999999999997,3.2298999999999998,4.32038312768671,20.778335915322952,0,03_15_157_5258_ego_157,0,5258,5258,5261,vehicle_vehicle,0.09329548707913161,2.7549455967670835,2.784218002379627,14.374620329594796,15.0,3.0,3.5,0.8,1.6068658935953555,5.78471721694328
3,157,5259,276,111.9301,-49.2579,154.4073,2.1042,5.1245,-1.4074,0.7145,0.6112,-0.2883,1.5779,0.0364,-0.6757,0.004,car,157,111.9301,-49.2579,-1.4074,0.7145,1.5779,0.0364,154.4073,1.5783805022870752,5.68216980823347,0.0,0.0,0.0,0.0,0.0,0.0,1,03_15_157_5258_ego_157,1,5258,5258,5261,vehicle_vehicle,0.09329548707913161,2.7549455967670835,2.784218002379627,14.374620329594796,15.0,3.0,3.5,0.8,1.6068658935953555,5.78471721694328
3,15,5260,5260,98.9764,-56.0115,54.4761,2.4422,2.6081,2.496,4.0047,-1.0303,0.7045,4.7096,-0.2954,-0.0253,-1.2479,trailer,157,111.8754,-49.2299,-1.3839,0.7029,1.5518,0.0351,154.3711,1.5521751254288287,5.587830451543784,-12.899000000000001,-6.781599999999997,3.8799,3.3017999999999996,5.094654772406075,14.573067609806797,0,03_15_157_5258_ego_157,1,5258,5258,5261,vehicle_vehicle,0.09329548707913161,2.7549455967670835,2.784218002379627,14.374620329594796,15.0,3.0,3.5,0.8,1.6068658935953555,5.78471721694328
3,17,5260,5260,101.6661,-50.6908,72.9391,2.6151,6.8077,1.0929,4.726,-1.3664,0.4167,4.8386,-0.3418,-0.0025,-1.4285,truck,157,111.8754,-49.2299,-1.3839,0.7029,1.5518,0.0351,154.3711,1.5521751254288287,5.587830451543784,-10.209299999999999,-1.4609000000000023,2.4768,4.0231,4.724391161832391,10.313294105182882,0,03_15_157_5258_ego_157,0,5258,5258,5261,vehicle_vehicle,0.09329548707913161,2.7549455967670835,2.784218002379627,14.374620329594796,15.0,3.0,3.5,0.8,1.6068658935953555,5.78471721694328
3,152,5260,379,96.1283,-35.4081,136.1244,3.3232,17.0865,-4.3358,3.9364,-1.4297,-0.2487,5.8538,-0.1676,0.8582,-1.1702,truck,157,111.8754,-49.2299,-1.3839,0.7029,1.5518,0.0351,154.3711,1.5521751254288287,5.587830451543784,-15.747100000000003,13.821800000000003,-2.9519,3.2335,4.378268591578182,20.952644550270982,0,03_15_157_5258_ego_157,0,5258,5258,5261,vehicle_vehicle,0.09329548707913161,2.7549455967670835,2.784218002379627,14.374620329594796,15.0,3.0,3.5,0.8,1.6068658935953555,5.78471721694328
3,157,5260,277,111.8754,-49.2299,154.3711,2.1042,5.1245,-1.3839,0.7029,0.5683,-0.2684,1.5518,0.0351,-0.6285,0.0038,car,157,111.8754,-49.2299,-1.3839,0.7029,1.5518,0.0351,154.3711,1.5521751254288287,5.587830451543784,0.0,0.0,0.0,0.0,0.0,0.0,1,03_15_157_5258_ego_157,1,5258,5258,5261,vehicle_vehicle,0.09329548707913161,2.7549455967670835,2.784218002379627,14.374620329594796,15.0,3.0,3.5,0.8,1.6068658935953555,5.78471721694328
3,15,5261,5261,99.0756,-55.8503,55.2102,2.4422,2.6081,2.4546,4.0307,-1.03,0.7063,4.7107,-0.284,-0.0076,-1.2489,trailer,157,111.8205,-49.2022,-1.3622,0.6922,1.5276,0.034,154.3401,1.5279822250275035,5.500736010099013,-12.744900000000001,-6.6480999999999995,3.8168,3.3385000000000002,5.07085244214422,14.374620329594796,0,03_15_157_5258_ego_157,1,5258,5258,5261,vehicle_vehicle,0.09329548707913161,2.7549455967670835,2.784218002379627,14.374620329594796,15.0,3.0,3.5,0.8,1.6068658935953555,5.78471721694328
3,17,5261,5261,101.7077,-50.5002,73.5723,2.6151,6.8077,1.0379,4.7413,-1.369,0.403,4.8412,-0.3453,-0.0006,-1.4271,truck,157,111.8205,-49.2022,-1.3622,0.6922,1.5276,0.034,154.3401,1.5279822250275035,5.500736010099013,-10.112799999999993,-1.2980000000000018,2.4001,4.0491,4.706983197335636,10.195760287492044,0,03_15_157_5258_ego_157,0,5258,5258,5261,vehicle_vehicle,0.09329548707913161,2.7549455967670835,2.784218002379627,14.374620329594796,15.0,3.0,3.5,0.8,1.6068658935953555,5.78471721694328
3,152,5261,380,95.9537,-35.2507,136.3401,3.3232,17.0865,-4.395,3.9265,-1.4317,-0.2949,5.8903,-0.1936,0.8322,-1.2018,truck,157,111.8205,-49.2022,-1.3622,0.6922,1.5276,0.034,154.3401,1.5279822250275035,5.500736010099013,-15.866799999999998,13.951499999999996,-3.0327999999999995,3.2342999999999997,4.4337988598943,21.12817300407207,0,03_15_157_5258_ego_157,0,5258,5258,5261,vehicle_vehicle,0.09329548707913161,2.7549455967670835,2.784218002379627,14.374620329594796,15.0,3.0,3.5,0.8,1.6068658935953555,5.78471721694328
3,157,5261,278,111.8205,-49.2022,154.3401,2.1042,5.1245,-1.3622,0.6922,0.5264,-0.2485,1.5276,0.034,-0.5821,0.0039,car,157,111.8205,-49.2022,-1.3622,0.6922,1.5276,0.034,154.3401,1.5279822250275035,5.500736010099013,0.0,0.0,0.0,0.0,0.0,0.0,1,03_15_157_5258_ego_157,1,5258,5258,5261,vehicle_vehicle,0.09329548707913161,2.7549455967670835,2.784218002379627,14.374620329594796,15.0,3.0,3.5,0.8,1.6068658935953555,5.78471721694328
3,15,5262,5262,99.1717,-55.6886,55.9531,2.4422,2.6081,2.4137,4.0568,-1.0298,0.7103,4.7127,-0.2714,0.012,-1.251,trailer,157,111.7661,-49.1751,-1.3421,0.6824,1.5053,0.0334,154.3171,1.5056235153583382,5.420244655290017,-12.594399999999993,-6.5135000000000005,3.7558,3.3744,5.049020598096229,14.179019486903876,0,03_15_157_5258_ego_157,1,5258,5258,5261,vehicle_vehicle,0.09329548707913161,2.7549455967670835,2.784218002379627,14.374620329594796,15.0,3.0,3.5,0.8,1.6068658935953555,5.78471721694328
3,17,5262,5262,101.7469,-50.3094,74.2004,2.6151,6.8077,0.9834,4.7556,-1.3716,0.3909,4.8437,-0.3486,0.0027,-1.4263,truck,157,111.7661,-49.1751,-1.3421,0.6824,1.5053,0.0334,154.3171,1.5056235153583382,5.420244655290017,-10.019199999999998,-1.134299999999996,2.3255,4.0732,4.690299403023222,10.083204110301445,0,03_15_157_5258_ego_157,0,5258,5258,5261,vehicle_vehicle,0.09329548707913161,2.7549455967670835,2.784218002379627,14.374620329594796,15.0,3.0,3.5,0.8,1.6068658935953555,5.78471721694328
3,152,5262,381,95.7767,-35.0938,136.569,3.3232,17.0865,-4.4543,3.9146,-1.4317,-0.341,5.926,-0.2195,0.8053,-1.2319,truck,157,111.7661,-49.1751,-1.3421,0.6824,1.5053,0.0334,154.3171,1.5056235153583382,5.420244655290017,-15.98939999999999,14.081299999999999,-3.1121999999999996,3.2322,4.486970657358927,21.30595977772416,0,03_15_157_5258_ego_157,0,5258,5258,5261,vehicle_vehicle,0.09329548707913161,2.7549455967670835,2.784218002379627,14.374620329594796,15.0,3.0,3.5,0.8,1.6068658935953555,5.78471721694328
3,157,5262,279,111.7661,-49.1751,154.3171,2.1042,5.1245,-1.3421,0.6824,0.4855,-0.2287,1.5053,0.0334,-0.5367,0.0043,car,157,111.7661,-49.1751,-1.3421,0.6824,1.5053,0.0334,154.3171,1.5056235153583382,5.420244655290017,0.0,0.0,0.0,0.0,0.0,0.0,1,03_15_157_5258_ego_157,1,5258,5258,5261,vehicle_vehicle,0.09329548707913161,2.7549455967670835,2.784218002379627,14.374620329594796,15.0,3.0,3.5,0.8,1.6068658935953555,5.78471721694328
3,15,5263,5263,99.2669,-55.5259,56.7209,2.4422,2.6081,2.3729,4.0831,-1.03,0.7165,4.7155,-0.2567,0.0338,-1.2542,trailer,157,111.7128,-49.1485,-1.3235,0.6737,1.4848,0.033,154.2985,1.4851006497877508,5.346362339235903,-12.445899999999995,-6.3774000000000015,3.6963999999999997,3.4093999999999998,5.028656015278833,13.984693688815636,0,03_15_157_5258_ego_157,1,5258,5258,5261,vehicle_vehicle,0.09329548707913161,2.7549455967670835,2.784218002379627,14.374620329594796,15.0,3.0,3.5,0.8,1.6068658935953555,5.78471721694328
3,17,5263,5263,101.7844,-50.1187,74.8246,2.6151,6.8077,0.929,4.7695,-1.3746,0.3805,4.8463,-0.3519,0.0074,-1.4263,truck,157,111.7128,-49.1485,-1.3235,0.6737,1.4848,0.033,154.2985,1.4851006497877508,5.346362339235903,-9.928399999999996,-0.9701999999999984,2.2525,4.0958,4.674327105584289,9.975691184073408,0,03_15_157_5258_ego_157,0,5258,5258,5261,vehicle_vehicle,0.09329548707913161,2.7549455967670835,2.784218002379627,14.374620329594796,15.0,3.0,3.5,0.8,1.6068658935953555,5.78471721694328
3,152,5263,382,95.5987,-34.9367,136.8129,3.3232,17.0865,-4.5142,3.9007,-1.4294,-0.3869,5.9609,-0.2453,0.7774,-1.2604,truck,157,111.7128,-49.1485,-1.3235,0.6737,1.4848,0.033,154.2985,1.4851006497877508,5.346362339235903,-16.114100000000008,14.211799999999997,-3.1906999999999996,3.2270000000000003,4.5380717810541515,21.48579712391421,0,03_15_157_5258_ego_157,0,5258,5258,5261,vehicle_vehicle,0.09329548707913161,2.7549455967670835,2.784218002379627,14.374620329594796,15.0,3.0,3.5,0.8,1.6068658935953555,5.78471721694328
3,157,5263,280,111.7128,-49.1485,154.2985,2.1042,5.1245,-1.3235,0.6737,0.4455,-0.2093,1.4848,0.033,-0.4922,0.0046,car,157,111.7128,-49.1485,-1.3235,0.6737,1.4848,0.033,154.2985,1.4851006497877508,5.346362339235903,0.0,0.0,0.0,0.0,0.0,0.0,1,03_15_157_5258_ego_157,1,5258,5258,5261,vehicle_vehicle,0.09329548707913161,2.7549455967670835,2.784218002379627,14.374620329594796,15.0,3.0,3.5,0.8,1.6068658935953555,5.78471721694328
3,15,5264,5264,99.3608,-55.3628,57.5604,2.4422,2.6081,2.3323,4.1099,-1.0306,0.7246,4.7197,-0.2362,0.0587,-1.2585,trailer,157,111.6606,-49.1222,-1.3068,0.6659,1.4663,0.0329,154.2835,1.4666796003217608,5.280046561158339,-12.299800000000005,-6.240600000000001,3.6391,3.4439999999999995,5.010407649084054,13.79239531046004,0,03_15_157_5258_ego_157,1,5258,5258,5261,vehicle_vehicle,0.09329548707913161,2.7549455967670835,2.784218002379627,14.374620329594796,15.0,3.0,3.5,0.8,1.6068658935953555,5.78471721694328
3,17,5264,5264,101.8202,-49.9282,75.4475,2.6151,6.8077,0.8746,4.7831,-1.3781,0.3718,4.8495,-0.3553,0.0136,-1.4273,truck,157,111.6606,-49.1222,-1.3068,0.6659,1.4663,0.0329,154.2835,1.4666796003217608,5.280046561158339,-9.840400000000002,-0.8059999999999974,2.1814,4.1172,4.659382126419769,9.87335344044768,0,03_15_157_5258_ego_157,0,5258,5258,5261,vehicle_vehicle,0.09329548707913161,2.7549455967670835,2.784218002379627,14.374620329594796,15.0,3.0,3.5,0.8,1.6068658935953555,5.78471721694328
3,152,5264,383,95.4185,-34.7802,137.0751,3.3232,17.0865,-4.5745,3.8845,-1.4242,-0.4323,5.9952,-0.271,0.7485,-1.2865,truck,157,111.6606,-49.1222,-1.3068,0.6659,1.4663,0.0329,154.2835,1.4666796003217608,5.280046561158339,-16.242100000000008,14.341999999999999,-3.2676999999999996,3.2186,4.586638120671828,21.667920444980414,0,03_15_157_5258_ego_157,0,5258,5258,5261,vehicle_vehicle,0.09329548707913161,2.7549455967670835,2.784218002379627,14.374620329594796,15.0,3.0,3.5,0.8,1.6068658935953555,5.78471721694328
3,157,5264,281,111.6606,-49.1222,154.2835,2.1042,5.1245,-1.3068,0.6659,0.4064,-0.1903,1.4663,0.0329,-0.4487,0.0049,car,157,111.6606,-49.1222,-1.3068,0.6659,1.4663,0.0329,154.2835,1.4666796003217608,5.280046561158339,0.0,0.0,0.0,0.0,0.0,0.0,1,03_15_157_5258_ego_157,1,5258,5258,5261,vehicle_vehicle,0.09329548707913161,2.7549455967670835,2.784218002379627,14.374620329594796,15.0,3.0,3.5,0.8,1.6068658935953555,5.78471721694328
3,15,5265,5265,99.4537,-55.1992,58.3355,2.4422,2.6081,2.2915,4.1377,-1.0317,0.7342,4.7246,-0.2217,0.0833,-1.2636,trailer,157,111.6094,-49.0961,-1.2918,0.659,1.4499,0.0327,154.2646,1.4501821402844541,5.220655705024035,-12.155699999999996,-6.103099999999998,3.5833000000000004,3.4787,4.9941358191382825,13.60179664970771,0,03_15_157_5258_ego_157,1,5258,5258,5261,vehicle_vehicle,0.09329548707913161,2.7549455967670835,2.784218002379627,14.374620329594796,15.0,3.0,3.5,0.8,1.6068658935953555,5.78471721694328
3,17,5265,5265,101.8546,-49.7371,76.0763,2.6151,6.8077,0.8199,4.7967,-1.3821,0.3646,4.853,-0.3584,0.0213,-1.4292,truck,157,111.6094,-49.0961,-1.2918,0.659,1.4499,0.0327,154.2646,1.4501821402844541,5.220655705024035,-9.754799999999989,-0.6409999999999982,2.1117,4.137700000000001,4.6454104425766305,9.775837766657126,0,03_15_157_5258_ego_157,0,5258,5258,5261,vehicle_vehicle,0.09329548707913161,2.7549455967670835,2.784218002379627,14.374620329594796,15.0,3.0,3.5,0.8,1.6068658935953555,5.78471721694328
3,152,5265,384,95.2356,-34.6249,137.3476,3.3232,17.0865,-4.6351,3.8665,-1.4157,-0.4771,6.0287,-0.2968,0.718,-1.3101,truck,157,111.6094,-49.0961,-1.2918,0.659,1.4499,0.0327,154.2646,1.4501821402844541,5.220655705024035,-16.37379999999999,14.471200000000003,-3.3433,3.2074999999999996,4.633110309500519,21.852161354886608,0,03_15_157_5258_ego_157,0,5258,5258,5261,vehicle_vehicle,0.09329548707913161,2.7549455967670835,2.784218002379627,14.374620329594796,15.0,3.0,3.5,0.8,1.6068658935953555,5.78471721694328
3,157,5265,282,111.6094,-49.0961,154.2646,2.1042,5.1245,-1.2918,0.659,0.3685,-0.172,1.4499,0.0327,-0.4066,0.0051,car,157,111.6094,-49.0961,-1.2918,0.659,1.4499,0.0327,154.2646,1.4501821402844541,5.220655705024035,0.0,0.0,0.0,0.0,0.0,0.0,1,03_15_157_5258_ego_157,1,5258,5258,5261,vehicle_vehicle,0.09329548707913161,2.7549455967670835,2.784218002379627,14.374620329594796,15.0,3.0,3.5,0.8,1.6068658935953555,5.78471721694328
3,15,5266,5266,99.5452,-55.0346,59.0625,2.4422,2.6081,2.2503,4.1664,-1.0331,0.7448,4.7305,-0.2118,0.1077,-1.269,trailer,157,111.5582,-49.0701,-1.2785,0.653,1.4353,0.0324,154.2411,1.4356083205387185,5.168189953939387,-12.013000000000005,-5.964500000000001,3.5288000000000004,3.5134000000000003,4.979599281066701,13.412211944716656,0,03_15_157_5258_ego_157,1,5258,5258,5261,vehicle_vehicle,0.09329548707913161,2.7549455967670835,2.784218002379627,14.374620329594796,15.0,3.0,3.5,0.8,1.6068658935953555,5.78471721694328
3,17,5266,5266,101.8869,-49.5453,76.7122,2.6151,6.8077,0.7647,4.81,-1.3863,0.3586,4.857,-0.3613,0.0304,-1.4317,truck,157,111.5582,-49.0701,-1.2785,0.653,1.4353,0.0324,154.2411,1.4356083205387185,5.168189953939387,-9.671300000000002,-0.47520000000000095,2.0432,4.157,4.631988259916038,9.68296745476303,0,03_15_157_5258_ego_157,0,5258,5258,5261,vehicle_vehicle,0.09329548707913161,2.7549455967670835,2.784218002379627,14.374620329594796,15.0,3.0,3.5,0.8,1.6068658935953555,5.78471721694328
3,152,5266,385,95.0486,-34.4716,137.6295,3.3232,17.0865,-4.6951,3.8471,-1.4036,-0.5212,6.0614,-0.3219,0.6857,-1.331,truck,157,111.5582,-49.0701,-1.2785,0.653,1.4353,0.0324,154.2411,1.4356083205387185,5.168189953939387,-16.509600000000006,14.598499999999994,-3.4166,3.1941,4.6771177417294085,22.038218948227193,0,03_15_157_5258_ego_157,0,5258,5258,5261,vehicle_vehicle,0.09329548707913161,2.7549455967670835,2.784218002379627,14.374620329594796,15.0,3.0,3.5,0.8,1.6068658935953555,5.78471721694328
3,157,5266,283,111.5582,-49.0701,154.2411,2.1042,5.1245,-1.2785,0.653,0.332,-0.1544,1.4353,0.0324,-0.3662,0.0052,car,157,111.5582,-49.0701,-1.2785,0.653,1.4353,0.0324,154.2411,1.4356083205387185,5.168189953939387,0.0,0.0,0.0,0.0,0.0,0.0,1,03_15_157_5258_ego_157,1,5258,5258,5261,vehicle_vehicle,0.09329548707913161,2.7549455967670835,2.784218002379627,14.374620329594796,15.0,3.0,3.5,0.8,1.6068658935953555,5.78471721694328
3,15,5267,5267,99.6348,-54.8687,59.7984,2.4422,2.6081,2.2089,4.1961,-1.0345,0.7557,4.7377,-0.2017,0.1327,-1.2742,trailer,157,111.5077,-49.0438,-1.2668,0.6475,1.4223,0.032,154.2147,1.4226870667859464,5.121673440429407,-11.872900000000001,-5.8248999999999995,3.4757,3.5486000000000004,4.967197645554282,13.224795439627792,0,03_15_157_5258_ego_157,1,5258,5258,5261,vehicle_vehicle,0.09329548707913161,2.7549455967670835,2.784218002379627,14.374620329594796,15.0,3.0,3.5,0.8,1.6068658935953555,5.78471721694328
3,17,5267,5267,101.9163,-49.353,77.3479,2.6151,6.8077,0.7095,4.8233,-1.3908,0.3538,4.8616,-0.3642,0.0406,-1.4345,truck,157,111.5077,-49.0438,-1.2668,0.6475,1.4223,0.032,154.2147,1.4226870667859464,5.121673440429407,-9.591399999999993,-0.30920000000000414,1.9763,4.1758,4.619855769393672,9.596382578867928,0,03_15_157_5258_ego_157,0,5258,5258,5261,vehicle_vehicle,0.09329548707913161,2.7549455967670835,2.784218002379627,14.374620329594796,15.0,3.0,3.5,0.8,1.6068658935953555,5.78471721694328
3,152,5267,386,94.8601,-34.3181,137.9263,3.3232,17.0865,-4.7549,3.8258,-1.388,-0.5651,6.0931,-0.3463,0.6517,-1.3495,truck,157,111.5077,-49.0438,-1.2668,0.6475,1.4223,0.032,154.2147,1.4226870667859464,5.121673440429407,-16.647599999999997,14.725699999999996,-3.4881,3.1783,4.718944002634488,22.22585940408154,0,03_15_157_5258_ego_157,0,5258,5258,5261,vehicle_vehicle,0.09329548707913161,2.7549455967670835,2.784218002379627,14.374620329594796,15.0,3.0,3.5,0.8,1.6068658935953555,5.78471721694328
3,157,5267,284,111.5077,-49.0438,154.2147,2.1042,5.1245,-1.2668,0.6475,0.297,-0.1377,1.4223,0.032,-0.3273,0.0052,car,157,111.5077,-49.0438,-1.2668,0.6475,1.4223,0.032,154.2147,1.4226870667859464,5.121673440429407,0.0,0.0,0.0,0.0,0.0,0.0,1,03_15_157_5258_ego_157,1,5258,5258,5261,vehicle_vehicle,0.09329548707913161,2.7549455967670835,2.784218002379627,14.374620329594796,15.0,3.0,3.5,0.8,1.6068658935953555,5.78471721694328
3,15,5268,5268,99.7227,-54.7012,60.6102,2.4422,2.6081,2.1674,4.2266,-1.0358,0.7665,4.7463,-0.1858,0.1595,-1.2787,trailer,157,111.4579,-49.0176,-1.2568,0.6425,1.4111,0.0311,154.1841,1.4115071696594388,5.08142581077398,-11.735199999999992,-5.683599999999998,3.4242,3.5841000000000003,4.95690613689628,13.039103803559499,0,03_15_157_5258_ego_157,1,5258,5258,5261,vehicle_vehicle,0.09329548707913161,2.7549455967670835,2.784218002379627,14.374620329594796,15.0,3.0,3.5,0.8,1.6068658935953555,5.78471721694328
3,17,5268,5268,101.944,-49.1599,77.9864,2.6151,6.8077,0.6538,4.8364,-1.3953,0.3501,4.8666,-0.3672,0.052,-1.4376,truck,157,111.4579,-49.0176,-1.2568,0.6425,1.4111,0.0311,154.1841,1.4115071696594388,5.08142581077398,-9.513899999999992,-0.14229999999999876,1.9106,4.1939,4.608599523716506,9.514964135507809,0,03_15_157_5258_ego_157,0,5258,5258,5261,vehicle_vehicle,0.09329548707913161,2.7549455967670835,2.784218002379627,14.374620329594796,15.0,3.0,3.5,0.8,1.6068658935953555,5.78471721694328
3,152,5268,387,94.6702,-34.1649,138.2426,3.3232,17.0865,-4.8146,3.8026,-1.3685,-0.6084,6.124,-0.3698,0.6157,-1.3652,truck,157,111.4579,-49.0176,-1.2568,0.6425,1.4111,0.0311,154.1841,1.4115071696594388,5.08142581077398,-16.7877,14.852699999999999,-3.5578000000000003,3.1601,4.758589376065139,22.414940744512354,0,03_15_157_5258_ego_157,0,5258,5258,5261,vehicle_vehicle,0.09329548707913161,2.7549455967670835,2.784218002379627,14.374620329594796,15.0,3.0,3.5,0.8,1.6068658935953555,5.78471721694328
3,157,5268,285,111.4579,-49.0176,154.1841,2.1042,5.1245,-1.2568,0.6425,0.2637,-0.1215,1.4111,0.0311,-0.2903,0.0055,car,157,111.4579,-49.0176,-1.2568,0.6425,1.4111,0.0311,154.1841,1.4115071696594388,5.08142581077398,0.0,0.0,0.0,0.0,0.0,0.0,1,03_15_157_5258_ego_157,1,5258,5258,5261,vehicle_vehicle,0.09329548707913161,2.7549455967670835,2.784218002379627,14.374620329594796,15.0,3.0,3.5,0.8,1.6068658935953555,5.78471721694328
3,15,5269,5269,99.8087,-54.5326,61.4032,2.4422,2.6081,2.1257,4.258,-1.0369,0.7768,4.756,-0.1717,0.1858,-1.2822,trailer,157,111.4082,-48.9916,-1.2482,0.6381,1.4015,0.03,154.1504,1.4018469424298787,5.0466489927475635,-11.599499999999992,-5.541000000000004,3.3739,3.6199,4.948421689791604,12.855002187864452,0,03_15_157_5258_ego_157,1,5258,5258,5261,vehicle_vehicle,0.09329548707913161,2.7549455967670835,2.784218002379627,14.374620329594796,15.0,3.0,3.5,0.8,1.6068658935953555,5.78471721694328
3,17,5269,5269,101.9697,-48.9666,78.6306,2.6151,6.8077,0.5978,4.8496,-1.3996,0.3473,4.8723,-0.37,0.0645,-1.4406,truck,157,111.4082,-48.9916,-1.2482,0.6381,1.4015,0.03,154.1504,1.4018469424298787,5.0466489927475635,-9.43849999999999,0.02499999999999858,1.846,4.2115,4.598309281681693,9.438533109016454,0,03_15_157_5258_ego_157,0,5258,5258,5261,vehicle_vehicle,0.09329548707913161,2.7549455967670835,2.784218002379627,14.374620329594796,15.0,3.0,3.5,0.8,1.6068658935953555,5.78471721694328
3,152,5269,388,94.4771,-34.0136,138.5682,3.3232,17.0865,-4.8738,3.7778,-1.3447,-0.6511,6.1539,-0.3928,0.5773,-1.378,truck,157,111.4082,-48.9916,-1.2482,0.6381,1.4015,0.03,154.1504,1.4018469424298787,5.0466489927475635,-16.9311,14.978000000000002,-3.6256000000000004,3.1397,4.796112118164045,22.605367309778444,0,03_15_157_5258_ego_157,0,5258,5258,5261,vehicle_vehicle,0.09329548707913161,2.7549455967670835,2.784218002379627,14.374620329594796,15.0,3.0,3.5,0.8,1.6068658935953555,5.78471721694328
3,157,5269,286,111.4082,-48.9916,154.1504,2.1042,5.1245,-1.2482,0.6381,0.2323,-0.1058,1.4015,0.03,-0.2552,0.006,car,157,111.4082,-48.9916,-1.2482,0.6381,1.4015,0.03,154.1504,1.4018469424298787,5.0466489927475635,0.0,0.0,0.0,0.0,0.0,0.0,1,03_15_157_5258_ego_157,1,5258,5258,5261,vehicle_vehicle,0.09329548707913161,2.7549455967670835,2.784218002379627,14.374620329594796,15.0,3.0,3.5,0.8,1.6068658935953555,5.78471721694328
3,15,5270,5270,99.8928,-54.3624,62.125,2.4422,2.6081,2.084,4.2901,-1.0377,0.7863,4.7666,-0.1636,0.2099,-1.2849,trailer,157,111.3592,-48.9658,-1.2412,0.6341,1.3934,0.0286,154.114,1.3937934746582796,5.017656508769806,-11.466400000000007,-5.396599999999999,3.3252,3.6559999999999997,4.941992618367616,12.67286946669933,0,03_15_157_5258_ego_157,1,5258,5258,5261,vehicle_vehicle,0.09329548707913161,2.7549455967670835,2.784218002379627,14.374620329594796,15.0,3.0,3.5,0.8,1.6068658935953555,5.78471721694328
3,17,5270,5270,101.9931,-48.7726,79.2734,2.6151,6.8077,0.5413,4.8628,-1.4036,0.3452,4.8785,-0.3733,0.0779,-1.4434,truck,157,111.3592,-48.9658,-1.2412,0.6341,1.3934,0.0286,154.114,1.3937934746582796,5.017656508769806,-9.366100000000003,0.19320000000000448,1.7825000000000002,4.2287,4.5890314816963285,9.3680924125459,0,03_15_157_5258_ego_157,0,5258,5258,5261,vehicle_vehicle,0.09329548707913161,2.7549455967670835,2.784218002379627,14.374620329594796,15.0,3.0,3.5,0.8,1.6068658935953555,5.78471721694328
3,152,5270,389,94.2816,-33.8633,138.9023,3.3232,17.0865,-4.9322,3.7514,-1.3164,-0.6934,6.1828,-0.4152,0.5362,-1.3879,truck,157,111.3592,-48.9658,-1.2412,0.6341,1.3934,0.0286,154.114,1.3937934746582796,5.017656508769806,-17.077600000000004,15.1025,-3.691,3.1172999999999997,4.831256595338318,22.79758601277776,0,03_15_157_5258_ego_157,0,5258,5258,5261,vehicle_vehicle,0.09329548707913161,2.7549455967670835,2.784218002379627,14.374620329594796,15.0,3.0,3.5,0.8,1.6068658935953555,5.78471721694328
3,157,5270,287,111.3592,-48.9658,154.114,2.1042,5.1245,-1.2412,0.6341,0.203,-0.0905,1.3934,0.0286,-0.2222,0.0073,car,157,111.3592,-48.9658,-1.2412,0.6341,1.3934,0.0286,154.114,1.3937934746582796,5.017656508769806,0.0,0.0,0.0,0.0,0.0,0.0,1,03_15_157_5258_ego_157,1,5258,5258,5261,vehicle_vehicle,0.09329548707913161,2.7549455967670835,2.784218002379627,14.374620329594796,15.0,3.0,3.5,0.8,1.6068658935953555,5.78471721694328
3,15,5271,5271,99.9751,-54.1902,62.9479,2.4422,2.6081,2.0424,4.3225,-1.0384,0.7948,4.7785,-0.147,0.2356,-1.2862,trailer,157,111.3105,-48.9408,-1.2356,0.6308,1.3871,0.0271,154.0745,1.3873053016549746,4.994299085957908,-11.335400000000007,-5.249399999999994,3.2780000000000005,3.6917,4.936996342919448,12.491897114529886,0,03_15_157_5258_ego_157,1,5258,5258,5261,vehicle_vehicle,0.09329548707913161,2.7549455967670835,2.784218002379627,14.374620329594796,15.0,3.0,3.5,0.8,1.6068658935953555,5.78471721694328
3,17,5271,5271,102.0143,-48.5782,79.9289,2.6151,6.8077,0.4843,4.876,-1.407,0.3438,4.8856,-0.3758,0.0924,-1.4454,truck,157,111.3105,-48.9408,-1.2356,0.6308,1.3871,0.0271,154.0745,1.3873053016549746,4.994299085957908,-9.296199999999999,0.3626000000000005,1.7199,4.2452000000000005,4.5803688770665625,9.303268952362927,0,03_15_157_5258_ego_157,0,5258,5258,5261,vehicle_vehicle,0.09329548707913161,2.7549455967670835,2.784218002379627,14.374620329594796,15.0,3.0,3.5,0.8,1.6068658935953555,5.78471721694328
3,152,5271,390,94.0833,-33.7142,139.2516,3.3232,17.0865,-4.9895,3.7234,-1.2834,-0.7354,6.2104,-0.4361,0.4922,-1.3949,truck,157,111.3105,-48.9408,-1.2356,0.6308,1.3871,0.0271,154.0745,1.3873053016549746,4.994299085957908,-17.22720000000001,15.226600000000005,-3.7539,3.0926,4.863737243108431,22.991863069355656,0,03_15_157_5258_ego_157,0,5258,5258,5261,vehicle_vehicle,0.09329548707913161,2.7549455967670835,2.784218002379627,14.374620329594796,15.0,3.0,3.5,0.8,1.6068658935953555,5.78471721694328
3,157,5271,288,111.3105,-48.9408,154.0745,2.1042,5.1245,-1.2356,0.6308,0.1762,-0.0754,1.3871,0.0271,-0.1914,0.0092,car,157,111.3105,-48.9408,-1.2356,0.6308,1.3871,0.0271,154.0745,1.3873053016549746,4.994299085957908,0.0,0.0,0.0,0.0,0.0,0.0,1,03_15_157_5258_ego_157,1,5258,5258,5261,vehicle_vehicle,0.09329548707913161,2.7549455967670835,2.784218002379627,14.374620329594796,15.0,3.0,3.5,0.8,1.6068658935953555,5.78471721694328
3,15,5272,5272,100.0547,-54.017,63.7529,2.4422,2.6081,2.0012,4.3555,-1.0392,0.8021,4.7914,-0.1313,0.2599,-1.2867,trailer,157,111.2617,-48.9158,-1.2313,0.6282,1.3821,0.0259,154.0427,1.3822933588786426,4.976256091963114,-11.207000000000008,-5.101200000000006,3.2325,3.7273,4.933743157076582,12.313370393194555,0,03_15_157_5258_ego_157,1,5258,5258,5261,vehicle_vehicle,0.09329548707913161,2.7549455967670835,2.784218002379627,14.374620329594796,15.0,3.0,3.5,0.8,1.6068658935953555,5.78471721694328
3,17,5272,5272,102.0331,-48.3833,80.5935,2.6151,6.8077,0.4271,4.8894,-1.4095,0.3428,4.8934,-0.3778,0.1079,-1.4465,truck,157,111.2617,-48.9158,-1.2313,0.6282,1.3821,0.0259,154.0427,1.3822933588786426,4.976256091963114,-9.2286,0.5324999999999989,1.6584,4.2612000000000005,4.572539338267086,9.243950141038193,0,03_15_157_5258_ego_157,0,5258,5258,5261,vehicle_vehicle,0.09329548707913161,2.7549455967670835,2.784218002379627,14.374620329594796,15.0,3.0,3.5,0.8,1.6068658935953555,5.78471721694328
3,152,5272,391,93.8827,-33.5661,139.6119,3.3232,17.0865,-5.0455,3.6939,-1.2457,-0.7773,6.2365,-0.4558,0.4452,-1.3992,truck,157,111.2617,-48.9158,-1.2313,0.6282,1.3821,0.0259,154.0427,1.3822933588786426,4.976256091963114,-17.379000000000005,15.349699999999999,-3.8141999999999996,3.0657,4.893530231846943,23.187128565003476,0,03_15_157_5258_ego_157,0,5258,5258,5261,vehicle_vehicle,0.09329548707913161,2.7549455967670835,2.784218002379627,14.374620329594796,15.0,3.0,3.5,0.8,1.6068658935953555,5.78471721694328
3,157,5272,289,111.2617,-48.9158,154.0427,2.1042,5.1245,-1.2313,0.6282,0.152,-0.0607,1.3821,0.0259,-0.1632,0.0119,car,157,111.2617,-48.9158,-1.2313,0.6282,1.3821,0.0259,154.0427,1.3822933588786426,4.976256091963114,0.0,0.0,0.0,0.0,0.0,0.0,1,03_15_157_5258_ego_157,1,5258,5258,5261,vehicle_vehicle,0.09329548707913161,2.7549455967670835,2.784218002379627,14.374620329594796,15.0,3.0,3.5,0.8,1.6068658935953555,5.78471721694328
3,15,5273,5273,100.1334,-53.8419,64.5581,2.4422,2.6081,1.9602,4.3886,-1.0404,0.8084,4.8051,-0.1152,0.283,-1.2868,trailer,157,111.212,-48.8905,-1.2278,0.6261,1.378,0.0248,154.0104,1.378221335635173,4.961596808286623,-11.078600000000009,-4.9514,3.1879999999999997,3.7625,4.931505880560216,12.134732791454462,0,03_15_157_5258_ego_157,1,5258,5258,5261,vehicle_vehicle,0.09329548707913161,2.7549455967670835,2.784218002379627,14.374620329594796,15.0,3.0,3.5,0.8,1.6068658935953555,5.78471721694328
3,17,5273,5273,102.0492,-48.1875,81.2579,2.6151,6.8077,0.3697,4.9027,-1.4109,0.3423,4.9019,-0.3798,0.1239,-1.4465,truck,157,111.212,-48.8905,-1.2278,0.6261,1.378,0.0248,154.0104,1.378221335635173,4.961596808286623,-9.162800000000004,0.703000000000003,1.5975,4.2766,4.565228779590351,9.189728659759226,0,03_15_157_5258_ego_157,0,5258,5258,5261,vehicle_vehicle,0.09329548707913161,2.7549455967670835,2.784218002379627,14.374620329594796,15.0,3.0,3.5,0.8,1.6068658935953555,5.78471721694328
3,152,5273,392,93.6785,-33.4195,139.9841,3.3232,17.0865,-5.0994,3.6628,-1.2038,-0.8191,6.2607,-0.4736,0.3952,-1.4013,truck,157,111.212,-48.8905,-1.2278,0.6261,1.378,0.0248,154.0104,1.378221335635173,4.961596808286623,-17.533500000000004,15.471000000000004,-3.8716,3.0366999999999997,4.92045053323372,23.383230385256873,0,03_15_157_5258_ego_157,0,5258,5258,5261,vehicle_vehicle,0.09329548707913161,2.7549455967670835,2.784218002379627,14.374620329594796,15.0,3.0,3.5,0.8,1.6068658935953555,5.78471721694328
3,157,5273,290,111.212,-48.8905,154.0104,2.1042,5.1245,-1.2278,0.6261,0.1304,-0.0465,1.378,0.0248,-0.1376,0.0154,car,157,111.212,-48.8905,-1.2278,0.6261,1.378,0.0248,154.0104,1.378221335635173,4.961596808286623,0.0,0.0,0.0,0.0,0.0,0.0,1,03_15_157_5258_ego_157,1,5258,5258,5261,vehicle_vehicle,0.09329548707913161,2.7549455967670835,2.784218002379627,14.374620329594796,15.0,3.0,3.5,0.8,1.6068658935953555,5.78471721694328
3,15,5274,5274,100.2103,-53.6651,65.3218,2.4422,2.6081,1.9195,4.4218,-1.0424,0.8137,4.8193,-0.102,0.3042,-1.287,trailer,157,111.1624,-48.8655,-1.2249,0.6246,1.3748,0.0238,153.9723,1.3749564247640724,4.949843129150661,-10.952100000000002,-4.799600000000005,3.1444,3.7972,4.930109451117693,11.957619101225799,0,03_15_157_5258_ego_157,1,5258,5258,5261,vehicle_vehicle,0.09329548707913161,2.7549455967670835,2.784218002379627,14.374620329594796,15.0,3.0,3.5,0.8,1.6068658935953555,5.78471721694328
3,17,5274,5274,102.0628,-47.9911,81.9234,2.6151,6.8077,0.3122,4.916,-1.4113,0.3421,4.9111,-0.3816,0.1404,-1.4454,truck,157,111.1624,-48.8655,-1.2249,0.6246,1.3748,0.0238,153.9723,1.3749564247640724,4.949843129150661,-9.09960000000001,0.8743999999999943,1.5371000000000001,4.2914,4.55837584782124,9.141514946659562,0,03_15_157_5258_ego_157,0,5258,5258,5261,vehicle_vehicle,0.09329548707913161,2.7549455967670835,2.784218002379627,14.374620329594796,15.0,3.0,3.5,0.8,1.6068658935953555,5.78471721694328
3,152,5274,393,93.4697,-33.2765,140.3673,3.3232,17.0865,-5.1501,3.6313,-1.1585,-0.8616,6.2826,-0.4884,0.3426,-1.4025,truck,157,111.1624,-48.8655,-1.2249,0.6246,1.3748,0.0238,153.9723,1.3749564247640724,4.949843129150661,-17.692700000000002,15.588999999999999,-3.9252000000000002,3.0067,4.944435248842885,23.580681802908078,0,03_15_157_5258_ego_157,0,5258,5258,5261,vehicle_vehicle,0.09329548707913161,2.7549455967670835,2.784218002379627,14.374620329594796,15.0,3.0,3.5,0.8,1.6068658935953555,5.78471721694328
3,157,5274,291,111.1624,-48.8655,153.9723,2.1042,5.1245,-1.2249,0.6246,0.1113,-0.0325,1.3748,0.0238,-0.1143,0.0196,car,157,111.1624,-48.8655,-1.2249,0.6246,1.3748,0.0238,153.9723,1.3749564247640724,4.949843129150661,0.0,0.0,0.0,0.0,0.0,0.0,1,03_15_157_5258_ego_157,1,5258,5258,5261,vehicle_vehicle,0.09329548707913161,2.7549455967670835,2.784218002379627,14.374620329594796,15.0,3.0,3.5,0.8,1.6068658935953555,5.78471721694328
3,15,5275,5275,100.2855,-53.4875,66.1878,2.4422,2.6081,1.8789,4.4551,-1.0454,0.8183,4.8344,-0.0797,0.3266,-1.2868,trailer,157,111.1126,-48.8407,-1.2224,0.6237,1.3721,0.0234,153.942,1.372320461845556,4.940353662644002,-10.827100000000002,-4.646799999999999,3.1013,3.8314,4.929268470067338,11.782140919629166,0,03_15_157_5258_ego_157,1,5258,5258,5261,vehicle_vehicle,0.09329548707913161,2.7549455967670835,2.784218002379627,14.374620329594796,15.0,3.0,3.5,0.8,1.6068658935953555,5.78471721694328
3,17,5275,5275,102.0742,-47.7943,82.5995,2.6151,6.8077,0.2547,4.9293,-1.4107,0.3423,4.9211,-0.3823,0.1578,-1.4431,truck,157,111.1126,-48.8407,-1.2224,0.6237,1.3721,0.0234,153.942,1.372320461845556,4.940353662644002,-9.038399999999996,1.0463999999999984,1.4770999999999999,4.305599999999999,4.551924402931138,9.098770659819927,0,03_15_157_5258_ego_157,0,5258,5258,5261,vehicle_vehicle,0.09329548707913161,2.7549455967670835,2.784218002379627,14.374620329594796,15.0,3.0,3.5,0.8,1.6068658935953555,5.78471721694328
3,152,5275,394,93.2577,-33.1362,140.755,3.3232,17.0865,-5.197,3.5998,-1.1116,-0.9062,6.3021,-0.4999,0.2876,-1.405,truck,157,111.1126,-48.8407,-1.2224,0.6237,1.3721,0.0234,153.942,1.372320461845556,4.940353662644002,-17.8549,15.704499999999996,-3.9746,2.9761,4.965341515948324,23.778746271828545,0,03_15_157_5258_ego_157,0,5258,5258,5261,vehicle_vehicle,0.09329548707913161,2.7549455967670835,2.784218002379627,14.374620329594796,15.0,3.0,3.5,0.8,1.6068658935953555,5.78471721694328
3,157,5275,292,111.1126,-48.8407,153.942,2.1042,5.1245,-1.2224,0.6237,0.0943,-0.019,1.3721,0.0234,-0.0931,0.0244,car,157,111.1126,-48.8407,-1.2224,0.6237,1.3721,0.0234,153.942,1.372320461845556,4.940353662644002,0.0,0.0,0.0,0.0,0.0,0.0,1,03_15_157_5258_ego_157,1,5258,5258,5261,vehicle_vehicle,0.09329548707913161,2.7549455967670835,2.784218002379627,14.374620329594796,15.0,3.0,3.5,0.8,1.6068658935953555,5.78471721694328
3,15,5276,5276,100.3589,-53.3094,67.0135,2.4422,2.6081,1.8386,4.4889,-1.0497,0.8219,4.8505,-0.0604,0.3467,-1.2873,trailer,157,111.063,-48.8165,-1.2203,0.6237,1.3702,0.0234,153.9058,1.3704502106971999,4.933620758509919,-10.704099999999997,-4.492899999999999,3.0589,3.8652,4.929162225977149,11.608785777160328,0,03_15_157_5258_ego_157,1,5258,5258,5261,vehicle_vehicle,0.09329548707913161,2.7549455967670835,2.784218002379627,14.374620329594796,15.0,3.0,3.5,0.8,1.6068658935953555,5.78471721694328
3,17,5276,5276,102.0836,-47.5967,83.2807,2.6151,6.8077,0.1971,4.9426,-1.409,0.3429,4.9317,-0.3826,0.1757,-1.4395,truck,157,111.063,-48.8165,-1.2203,0.6237,1.3702,0.0234,153.9058,1.3704502106971999,4.933620758509919,-8.979399999999998,1.2197999999999993,1.4174,4.318899999999999,4.545538468652531,9.06187267621875,0,03_15_157_5258_ego_157,0,5258,5258,5261,vehicle_vehicle,0.09329548707913161,2.7549455967670835,2.784218002379627,14.374620329594796,15.0,3.0,3.5,0.8,1.6068658935953555,5.78471721694328
3,152,5276,395,93.0514,-32.9889,141.16,3.3232,17.0865,-5.2429,3.5649,-1.0638,-0.9529,6.3194,-0.5114,0.231,-1.4094,truck,157,111.063,-48.8165,-1.2203,0.6237,1.3702,0.0234,153.9058,1.3704502106971999,4.933620758509919,-18.0116,15.827599999999997,-4.0226,2.9412000000000003,4.983168490027204,23.977711657287063,0,03_15_157_5258_ego_157,0,5258,5258,5261,vehicle_vehicle,0.09329548707913161,2.7549455967670835,2.784218002379627,14.374620329594796,15.0,3.0,3.5,0.8,1.6068658935953555,5.78471721694328
3,157,5276,293,111.063,-48.8165,153.9058,2.1042,5.1245,-1.2203,0.6237,0.0792,-0.0059,1.3702,0.0234,-0.0737,0.0295,car,157,111.063,-48.8165,-1.2203,0.6237,1.3702,0.0234,153.9058,1.3704502106971999,4.933620758509919,0.0,0.0,0.0,0.0,0.0,0.0,1,03_15_157_5258_ego_157,1,5258,5258,5261,vehicle_vehicle,0.09329548707913161,2.7549455967670835,2.784218002379627,14.374620329594796,15.0,3.0,3.5,0.8,1.6068658935953555,5.78471721694328
3,15,5277,5277,100.4308,-53.1302,67.8256,2.4422,2.6081,1.7985,4.5232,-1.0557,0.8243,4.8675,-0.0417,0.3648,-1.2888,trailer,157,111.0133,-48.7917,-1.2183,0.6242,1.3687,0.0239,153.8756,1.368897560082565,4.928031216297234,-10.582499999999996,-4.338500000000003,3.0168,3.899,4.929836025670631,11.437302501027064,0,03_15_157_5258_ego_157,1,5258,5258,5261,vehicle_vehicle,0.09329548707913161,2.7549455967670835,2.784218002379627,14.374620329594796,15.0,3.0,3.5,0.8,1.6068658935953555,5.78471721694328
3,17,5277,5277,102.0904,-47.399,83.9548,2.6151,6.8077,0.1395,4.956,-1.4061,0.3439,4.9432,-0.3832,0.1939,-1.4345,truck,157,111.0133,-48.7917,-1.2183,0.6242,1.3687,0.0239,153.8756,1.368897560082565,4.928031216297234,-8.922899999999998,1.3926999999999978,1.3578,4.3318,4.539615851589207,9.030933379224983,0,03_15_157_5258_ego_157,0,5258,5258,5261,vehicle_vehicle,0.09329548707913161,2.7549455967670835,2.784218002379627,14.374620329594796,15.0,3.0,3.5,0.8,1.6068658935953555,5.78471721694328
3,152,5277,396,92.8423,-32.8439,141.5767,3.3232,17.0865,-5.2875,3.5268,-1.0141,-1.0003,6.3343,-0.523,0.1728,-1.414,truck,157,111.0133,-48.7917,-1.2183,0.6242,1.3687,0.0239,153.8756,1.368897560082565,4.928031216297234,-18.171000000000006,15.9478,-4.0691999999999995,2.9026,4.998347266847312,24.176798089077064,0,03_15_157_5258_ego_157,0,5258,5258,5261,vehicle_vehicle,0.09329548707913161,2.7549455967670835,2.784218002379627,14.374620329594796,15.0,3.0,3.5,0.8,1.6068658935953555,5.78471721694328
3,157,5277,294,111.0133,-48.7917,153.8756,2.1042,5.1245,-1.2183,0.6242,0.0654,0.0064,1.3687,0.0239,-0.0559,0.0345,car,157,111.0133,-48.7917,-1.2183,0.6242,1.3687,0.0239,153.8756,1.368897560082565,4.928031216297234,0.0,0.0,0.0,0.0,0.0,0.0,1,03_15_157_5258_ego_157,1,5258,5258,5261,vehicle_vehicle,0.09329548707913161,2.7549455967670835,2.784218002379627,14.374620329594796,15.0,3.0,3.5,0.8,1.6068658935953555,5.78471721694328
3,15,5278,5278,100.5012,-52.9492,68.5843,2.4422,2.6081,1.7584,4.5579,-1.0637,0.825,4.8853,-0.0273,0.3797,-1.2915,trailer,157,110.9642,-48.7663,-1.2168,0.625,1.3677,0.0245,153.8397,1.3679280829049458,4.924541098457805,-10.463000000000008,-4.1828999999999965,2.9752,3.9329,4.931482277165761,11.268141879209727,0,03_15_157_5258_ego_157,1,5258,5258,5261,vehicle_vehicle,0.09329548707913161,2.7549455967670835,2.784218002379627,14.374620329594796,15.0,3.0,3.5,0.8,1.6068658935953555,5.78471721694328
3,17,5278,5278,102.0947,-47.2004,84.6238,2.6151,6.8077,0.0822,4.9695,-1.402,0.3451,4.9553,-0.3838,0.2123,-1.4282,truck,157,110.9642,-48.7663,-1.2168,0.625,1.3677,0.0245,153.8397,1.3679280829049458,4.924541098457805,-8.869500000000002,1.5658999999999992,1.2990000000000002,4.3445,4.5345431136995495,9.006668255242891,0,03_15_157_5258_ego_157,0,5258,5258,5261,vehicle_vehicle,0.09329548707913161,2.7549455967670835,2.784218002379627,14.374620329594796,15.0,3.0,3.5,0.8,1.6068658935953555,5.78471721694328
3,152,5278,397,92.6295,-32.7031,141.9997,3.3232,17.0865,-5.33,3.4867,-0.9625,-1.0477,6.3467,-0.534,0.1134,-1.4182,truck,157,110.9642,-48.7663,-1.2168,0.625,1.3677,0.0245,153.8397,1.3679280829049458,4.924541098457805,-18.334700000000012,16.063200000000002,-4.1132,2.8617,5.010762529795241,24.37596394668323,0,03_15_157_5258_ego_157,0,5258,5258,5261,vehicle_vehicle,0.09329548707913161,2.7549455967670835,2.784218002379627,14.374620329594796,15.0,3.0,3.5,0.8,1.6068658935953555,5.78471721694328
3,157,5278,295,110.9642,-48.7663,153.8397,2.1042,5.1245,-1.2168,0.625,0.0528,0.018,1.3677,0.0245,-0.0395,0.0394,car,157,110.9642,-48.7663,-1.2168,0.625,1.3677,0.0245,153.8397,1.3679280829049458,4.924541098457805,0.0,0.0,0.0,0.0,0.0,0.0,1,03_15_157_5258_ego_157,1,5258,5258,5261,vehicle_vehicle,0.09329548707913161,2.7549455967670835,2.784218002379627,14.374620329594796,15.0,3.0,3.5,0.8,1.6068658935953555,5.78471721694328
3,15,5279,5279,100.5707,-52.7667,69.3116,2.4422,2.6081,1.7179,4.5929,-1.0738,0.824,4.9036,-0.0154,0.3914,-1.2957,trailer,157,110.9157,-48.741,-1.2158,0.6262,1.3674,0.0251,153.8022,1.367587686402594,4.923315671049338,-10.344999999999999,-4.0257000000000005,2.9337,3.9667000000000003,4.9336907665560075,11.100688514231898,0,03_15_157_5258_ego_157,1,5258,5258,5261,vehicle_vehicle,0.09329548707913161,2.7549455967670835,2.784218002379627,14.374620329594796,15.0,3.0,3.5,0.8,1.6068658935953555,5.78471721694328
3,17,5279,5279,102.097,-47.0015,85.2883,2.6151,6.8077,0.0249,4.983,-1.3968,0.3467,4.9682,-0.3845,0.2308,-1.4206,truck,157,110.9157,-48.741,-1.2158,0.6262,1.3674,0.0251,153.8022,1.367587686402594,4.923315671049338,-8.818700000000007,1.7394999999999996,1.2407,4.3568,4.530015753835741,8.988622249266019,0,03_15_157_5258_ego_157,0,5258,5258,5261,vehicle_vehicle,0.09329548707913161,2.7549455967670835,2.784218002379627,14.374620329594796,15.0,3.0,3.5,0.8,1.6068658935953555,5.78471721694328
3,152,5279,398,92.414,-32.5646,142.4415,3.3232,17.0865,-5.3698,3.4447,-0.9093,-1.095,6.3566,-0.5426,0.0534,-1.4223,truck,157,110.9157,-48.741,-1.2158,0.6262,1.3674,0.0251,153.8022,1.367587686402594,4.923315671049338,-18.5017,16.1764,-4.154,2.8185000000000002,5.019926119974277,24.576183996910505,0,03_15_157_5258_ego_157,0,5258,5258,5261,vehicle_vehicle,0.09329548707913161,2.7549455967670835,2.784218002379627,14.374620329594796,15.0,3.0,3.5,0.8,1.6068658935953555,5.78471721694328
3,157,5279,296,110.9157,-48.741,153.8022,2.1042,5.1245,-1.2158,0.6262,0.0414,0.0291,1.3674,0.0251,-0.0243,0.0444,car,157,110.9157,-48.741,-1.2158,0.6262,1.3674,0.0251,153.8022,1.367587686402594,4.923315671049338,0.0,0.0,0.0,0.0,0.0,0.0,1,03_15_157_5258_ego_157,1,5258,5258,5261,vehicle_vehicle,0.09329548707913161,2.7549455967670835,2.784218002379627,14.374620329594796,15.0,3.0,3.5,0.8,1.6068658935953555,5.78471721694328
3,15,5280,5280,100.639,-52.5827,69.9886,2.4422,2.6081,1.6769,4.6279,-1.086,0.8209,4.9223,-0.008,0.3997,-1.3013,trailer,157,110.8665,-48.7166,-1.2151,0.6281,1.3675,0.0259,153.7508,1.3678368396852019,4.924212622866727,-10.227500000000006,-3.866100000000003,2.8920000000000003,3.9998000000000005,4.9357941650761745,10.93382300295739,0,03_15_157_5258_ego_157,1,5258,5258,5261,vehicle_vehicle,0.09329548707913161,2.7549455967670835,2.784218002379627,14.374620329594796,15.0,3.0,3.5,0.8,1.6068658935953555,5.78471721694328
3,17,5280,5280,102.0972,-46.8022,85.9625,2.6151,6.8077,-0.0323,4.9967,-1.3904,0.3485,4.982,-0.384,0.2497,-1.4114,truck,157,110.8665,-48.7166,-1.2151,0.6281,1.3675,0.0259,153.7508,1.3678368396852019,4.924212622866727,-8.769300000000001,1.9144000000000005,1.1828,4.3686,4.5258901665860165,8.975831429455436,0,03_15_157_5258_ego_157,0,5258,5258,5261,vehicle_vehicle,0.09329548707913161,2.7549455967670835,2.784218002379627,14.374620329594796,15.0,3.0,3.5,0.8,1.6068658935953555,5.78471721694328
3,152,5280,399,92.1959,-32.4289,142.8913,3.3232,17.0865,-5.4064,3.4013,-0.8553,-1.1424,6.3637,-0.5494,-0.0071,-1.427,truck,157,110.8665,-48.7166,-1.2151,0.6281,1.3675,0.0259,153.7508,1.3678368396852019,4.924212622866727,-18.670600000000007,16.2877,-4.1913,2.7732,5.0256973575813335,24.776611464241842,0,03_15_157_5258_ego_157,0,5258,5258,5261,vehicle_vehicle,0.09329548707913161,2.7549455967670835,2.784218002379627,14.374620329594796,15.0,3.0,3.5,0.8,1.6068658935953555,5.78471721694328
3,157,5280,297,110.8665,-48.7166,153.7508,2.1042,5.1245,-1.2151,0.6281,0.0309,0.0396,1.3675,0.0259,-0.0102,0.0492,car,157,110.8665,-48.7166,-1.2151,0.6281,1.3675,0.0259,153.7508,1.3678368396852019,4.924212622866727,0.0,0.0,0.0,0.0,0.0,0.0,1,03_15_157_5258_ego_157,1,5258,5258,5261,vehicle_vehicle,0.09329548707913161,2.7549455967670835,2.784218002379627,14.374620329594796,15.0,3.0,3.5,0.8,1.6068658935953555,5.78471721694328
3,15,5281,5281,100.7057,-52.3972,70.7015,2.4422,2.6081,1.6352,4.6629,-1.1,0.8157,4.9413,0.0023,0.4063,-1.3078,trailer,157,110.8174,-48.6914,-1.2145,0.6304,1.3681,0.0269,153.6961,1.3683619440776624,4.926102998679585,-10.111700000000013,-3.7057999999999964,2.8497,4.0325,4.937797721656892,10.76937465826128,0,03_15_157_5258_ego_157,1,5258,5258,5261,vehicle_vehicle,0.09329548707913161,2.7549455967670835,2.784218002379627,14.374620329594796,15.0,3.0,3.5,0.8,1.6068658935953555,5.78471721694328
3,17,5281,5281,102.095,-46.6022,86.6364,2.6151,6.8077,-0.0893,5.0105,-1.3825,0.3504,4.9967,-0.3831,0.2687,-1.4007,truck,157,110.8174,-48.6914,-1.2145,0.6304,1.3681,0.0269,153.6961,1.3683619440776624,4.926102998679585,-8.722400000000007,2.089199999999998,1.1252,4.3801000000000005,4.522317000167061,8.969114694327423,0,03_15_157_5258_ego_157,0,5258,5258,5261,vehicle_vehicle,0.09329548707913161,2.7549455967670835,2.784218002379627,14.374620329594796,15.0,3.0,3.5,0.8,1.6068658935953555,5.78471721694328
3,152,5281,400,91.9744,-32.2962,143.3446,3.3232,17.0865,-5.4391,3.3569,-0.8019,-1.1906,6.3675,-0.5541,-0.0675,-1.4339,truck,157,110.8174,-48.6914,-1.2145,0.6304,1.3681,0.0269,153.6961,1.3683619440776624,4.926102998679585,-18.843000000000004,16.395200000000003,-4.2246,2.7265,5.028026194243622,24.977214256998323,0,03_15_157_5258_ego_157,0,5258,5258,5261,vehicle_vehicle,0.09329548707913161,2.7549455967670835,2.784218002379627,14.374620329594796,15.0,3.0,3.5,0.8,1.6068658935953555,5.78471721694328
3,157,5281,298,110.8174,-48.6914,153.6961,2.1042,5.1245,-1.2145,0.6304,0.0212,0.0494,1.3681,0.0269,0.0028,0.0537,car,157,110.8174,-48.6914,-1.2145,0.6304,1.3681,0.0269,153.6961,1.3683619440776624,4.926102998679585,0.0,0.0,0.0,0.0,0.0,0.0,1,03_15_157_5258_ego_157,1,5258,5258,5261,vehicle_vehicle,0.09329548707913161,2.7549455967670835,2.784218002379627,14.374620329594796,15.0,3.0,3.5,0.8,1.6068658935953555,5.78471721694328
3,15,5282,5282,100.7705,-52.2098,71.4045,2.4422,2.6081,1.5929,4.6976,-1.1157,0.8084,4.9603,0.0117,0.4104,-1.3152,trailer,157,110.7681,-48.6655,-1.2141,0.6328,1.3688,0.0281,153.6458,1.3691145496268746,4.928812378656748,-9.997600000000006,-3.5443,2.807,4.0648,4.939822672930679,10.607264880731513,0,03_15_157_5258_ego_157,1,5258,5258,5261,vehicle_vehicle,0.09329548707913161,2.7549455967670835,2.784218002379627,14.374620329594796,15.0,3.0,3.5,0.8,1.6068658935953555,5.78471721694328
3,17,5282,5282,102.0902,-46.4016,87.3027,2.6151,6.8077,-0.1459,5.0245,-1.3733,0.3524,5.0121,-0.3822,0.2874,-1.3884,truck,157,110.7681,-48.6655,-1.2141,0.6328,1.3688,0.0281,153.6458,1.3691145496268746,4.928812378656748,-8.677900000000008,2.2638999999999996,1.0682,4.3917,4.519743369927102,8.968343861605671,0,03_15_157_5258_ego_157,0,5258,5258,5261,vehicle_vehicle,0.09329548707913161,2.7549455967670835,2.784218002379627,14.374620329594796,15.0,3.0,3.5,0.8,1.6068658935953555,5.78471721694328
3,152,5282,401,91.7565,-32.1595,143.8105,3.3232,17.0865,-5.4697,3.3093,-0.7501,-1.2396,6.3684,-0.5588,-0.1265,-1.4433,truck,157,110.7681,-48.6655,-1.2141,0.6328,1.3688,0.0281,153.6458,1.3691145496268746,4.928812378656748,-19.0116,16.506,-4.255599999999999,2.6765,5.027303811189452,25.177151756304763,0,03_15_157_5258_ego_157,0,5258,5258,5261,vehicle_vehicle,0.09329548707913161,2.7549455967670835,2.784218002379627,14.374620329594796,15.0,3.0,3.5,0.8,1.6068658935953555,5.78471721694328
3,157,5282,299,110.7681,-48.6655,153.6458,2.1042,5.1245,-1.2141,0.6328,0.0121,0.0586,1.3688,0.0281,0.0151,0.0578,car,157,110.7681,-48.6655,-1.2141,0.6328,1.3688,0.0281,153.6458,1.3691145496268746,4.928812378656748,0.0,0.0,0.0,0.0,0.0,0.0,1,03_15_157_5258_ego_157,1,5258,5258,5261,vehicle_vehicle,0.09329548707913161,2.7549455967670835,2.784218002379627,14.374620329594796,15.0,3.0,3.5,0.8,1.6068658935953555,5.78471721694328
3,15,5283,5283,100.8343,-52.021,72.0161,2.4422,2.6081,1.5495,4.7319,-1.1328,0.799,4.9792,0.0128,0.4102,-1.3242,trailer,157,110.7191,-48.6393,-1.2138,0.6353,1.3697,0.0294,153.602,1.3700060328334325,4.932021718200357,-9.884799999999998,-3.381700000000002,2.7633,4.0966000000000005,4.941453070707037,10.447256382897855,0,03_15_157_5258_ego_157,1,5258,5258,5261,vehicle_vehicle,0.09329548707913161,2.7549455967670835,2.784218002379627,14.374620329594796,15.0,3.0,3.5,0.8,1.6068658935953555,5.78471721694328
3,17,5283,5283,102.083,-46.2001,87.9727,2.6151,6.8077,-0.2021,5.0385,-1.3628,0.3544,5.0282,-0.3802,0.306,-1.3745,truck,157,110.7191,-48.6393,-1.2138,0.6353,1.3697,0.0294,153.602,1.3700060328334325,4.932021718200357,-8.636099999999999,2.4391999999999996,1.0117,4.4032,4.517931731445264,8.97395786985876,0,03_15_157_5258_ego_157,0,5258,5258,5261,vehicle_vehicle,0.09329548707913161,2.7549455967670835,2.784218002379627,14.374620329594796,15.0,3.0,3.5,0.8,1.6068658935953555,5.78471721694328
3,152,5283,402,91.5364,-32.026,144.2882,3.3232,17.0865,-5.498,3.2588,-0.6998,-1.2881,6.3664,-0.5631,-0.1836,-1.4544,truck,157,110.7191,-48.6393,-1.2138,0.6353,1.3697,0.0294,153.602,1.3700060328334325,4.932021718200357,-19.182699999999997,16.613299999999995,-4.2842,2.6235,5.023656227291036,25.376716024340105,0,03_15_157_5258_ego_157,0,5258,5258,5261,vehicle_vehicle,0.09329548707913161,2.7549455967670835,2.784218002379627,14.374620329594796,15.0,3.0,3.5,0.8,1.6068658935953555,5.78471721694328
3,157,5283,300,110.7191,-48.6393,153.602,2.1042,5.1245,-1.2138,0.6353,0.0033,0.0675,1.3697,0.0294,0.027,0.0619,car,157,110.7191,-48.6393,-1.2138,0.6353,1.3697,0.0294,153.602,1.3700060328334325,4.932021718200357,0.0,0.0,0.0,0.0,0.0,0.0,1,03_15_157_5258_ego_157,1,5258,5258,5261,vehicle_vehicle,0.09329548707913161,2.7549455967670835,2.784218002379627,14.374620329594796,15.0,3.0,3.5,0.8,1.6068658935953555,5.78471721694328
3,15,5284,5284,100.8956,-51.8308,72.6085,2.4422,2.6081,1.5053,4.7658,-1.1511,0.7877,4.9978,0.012,0.4076,-1.334,trailer,157,110.6693,-48.6133,-1.2134,0.6379,1.3705,0.0309,153.5593,1.3708595734064084,4.93509446426307,-9.773700000000005,-3.217500000000001,2.7187,4.1278999999999995,4.9427611817687485,10.289680167041157,0,03_15_157_5258_ego_157,1,5258,5258,5261,vehicle_vehicle,0.09329548707913161,2.7549455967670835,2.784218002379627,14.374620329594796,15.0,3.0,3.5,0.8,1.6068658935953555,5.78471721694328
3,17,5284,5284,102.0737,-45.9978,88.6408,2.6151,6.8077,-0.2579,5.0523,-1.3511,0.3567,5.0448,-0.3776,0.3246,-1.3592,truck,157,110.6693,-48.6133,-1.2134,0.6379,1.3705,0.0309,153.5593,1.3708595734064084,4.93509446426307,-8.595600000000005,2.6155000000000044,0.9555,4.4144,4.516625688497996,8.984719228223,0,03_15_157_5258_ego_157,0,5258,5258,5261,vehicle_vehicle,0.09329548707913161,2.7549455967670835,2.784218002379627,14.374620329594796,15.0,3.0,3.5,0.8,1.6068658935953555,5.78471721694328
3,152,5284,403,91.3172,-31.8928,144.781,3.3232,17.0865,-5.5247,3.2049,-0.6511,-1.335,6.3618,-0.5679,-0.238,-1.4661,truck,157,110.6693,-48.6133,-1.2134,0.6379,1.3705,0.0309,153.5593,1.3708595734064084,4.93509446426307,-19.352100000000007,16.7205,-4.3113,2.5669999999999997,5.017648521967237,25.57496617123863,0,03_15_157_5258_ego_157,0,5258,5258,5261,vehicle_vehicle,0.09329548707913161,2.7549455967670835,2.784218002379627,14.374620329594796,15.0,3.0,3.5,0.8,1.6068658935953555,5.78471721694328
3,157,5284,301,110.6693,-48.6133,153.5593,2.1042,5.1245,-1.2134,0.6379,-0.0055,0.0764,1.3705,0.0309,0.039,0.0659,car,157,110.6693,-48.6133,-1.2134,0.6379,1.3705,0.0309,153.5593,1.3708595734064084,4.93509446426307,0.0,0.0,0.0,0.0,0.0,0.0,1,03_15_157_5258_ego_157,1,5258,5258,5261,vehicle_vehicle,0.09329548707913161,2.7549455967670835,2.784218002379627,14.374620329594796,15.0,3.0,3.5,0.8,1.6068658935953555,5.78471721694328
3,15,5285,5285,100.9546,-51.6384,73.1753,2.4422,2.6081,1.4606,4.7987,-1.1707,0.7748,5.016,0.0091,0.4028,-1.3448,trailer,157,110.6199,-48.5865,-1.213,0.6404,1.3712,0.0324,153.5215,1.3716709372148992,4.938015373973637,-9.665300000000002,-3.0518999999999963,2.6736,4.1583000000000006,4.9436419621570495,10.135685359165409,0,03_15_157_5258_ego_157,1,5258,5258,5261,vehicle_vehicle,0.09329548707913161,2.7549455967670835,2.784218002379627,14.374620329594796,15.0,3.0,3.5,0.8,1.6068658935953555,5.78471721694328
3,17,5285,5285,102.0621,-45.7953,89.3013,2.6151,6.8077,-0.313,5.0662,-1.3382,0.3594,5.062,-0.3748,0.3431,-1.3425,truck,157,110.6199,-48.5865,-1.213,0.6404,1.3712,0.0324,153.5215,1.3716709372148992,4.938015373973637,-8.5578,2.7912000000000035,0.9000000000000001,4.425800000000001,4.516381919191512,9.00148533743182,0,03_15_157_5258_ego_157,0,5258,5258,5261,vehicle_vehicle,0.09329548707913161,2.7549455967670835,2.784218002379627,14.374620329594796,15.0,3.0,3.5,0.8,1.6068658935953555,5.78471721694328
3,152,5285,404,91.0944,-31.765,145.2721,3.3232,17.0865,-5.549,3.1489,-0.6038,-1.3793,6.3544,-0.5732,-0.2895,-1.4776,truck,157,110.6199,-48.5865,-1.213,0.6404,1.3712,0.0324,153.5215,1.3716709372148992,4.938015373973637,-19.525500000000008,16.8215,-4.336,2.5084999999999997,5.009338104979539,25.772233362671546,0,03_15_157_5258_ego_157,0,5258,5258,5261,vehicle_vehicle,0.09329548707913161,2.7549455967670835,2.784218002379627,14.374620329594796,15.0,3.0,3.5,0.8,1.6068658935953555,5.78471721694328
3,157,5285,302,110.6199,-48.5865,153.5215,2.1042,5.1245,-1.213,0.6404,-0.0148,0.0856,1.3712,0.0324,0.0514,0.07,car,157,110.6199,-48.5865,-1.213,0.6404,1.3712,0.0324,153.5215,1.3716709372148992,4.938015373973637,0.0,0.0,0.0,0.0,0.0,0.0,1,03_15_157_5258_ego_157,1,5258,5258,5261,vehicle_vehicle,0.09329548707913161,2.7549455967670835,2.784218002379627,14.374620329594796,15.0,3.0,3.5,0.8,1.6068658935953555,5.78471721694328
3,15,5286,5286,101.0111,-51.4442,73.6262,2.4422,2.6081,1.4154,4.8304,-1.1917,0.7608,5.0335,-0.0037,0.394,-1.3578,trailer,157,110.5696,-48.5603,-1.2122,0.643,1.3718,0.034,153.4773,1.3721799590432735,4.9398478525557845,-9.558499999999995,-2.883900000000004,2.6276,4.1874,4.943541293445419,9.984077396534941,0,03_15_157_5258_ego_157,1,5258,5258,5261,vehicle_vehicle,0.09329548707913161,2.7549455967670835,2.784218002379627,14.374620329594796,15.0,3.0,3.5,0.8,1.6068658935953555,5.78471721694328
3,17,5286,5286,102.0478,-45.5926,89.9585,2.6151,6.8077,-0.3674,5.0803,-1.3244,0.3624,5.08,-0.371,0.3614,-1.3246,truck,157,110.5696,-48.5603,-1.2122,0.643,1.3718,0.034,153.4773,1.3721799590432735,4.9398478525557845,-8.521799999999999,2.9677000000000007,0.8448,4.4373000000000005,4.517003246622699,9.023764099864312,0,03_15_157_5258_ego_157,0,5258,5258,5261,vehicle_vehicle,0.09329548707913161,2.7549455967670835,2.784218002379627,14.374620329594796,15.0,3.0,3.5,0.8,1.6068658935953555,5.78471721694328
3,152,5286,405,90.8691,-31.6416,145.7624,3.3232,17.0865,-5.5703,3.0916,-0.5588,-1.4213,6.3445,-0.5781,-0.3377,-1.4894,truck,157,110.5696,-48.5603,-1.2122,0.643,1.3718,0.034,153.4773,1.3721799590432735,4.9398478525557845,-19.70049999999999,16.918699999999998,-4.358099999999999,2.4486,4.9988676287735405,25.968290470109878,0,03_15_157_5258_ego_157,0,5258,5258,5261,vehicle_vehicle,0.09329548707913161,2.7549455967670835,2.784218002379627,14.374620329594796,15.0,3.0,3.5,0.8,1.6068658935953555,5.78471721694328
3,157,5286,303,110.5696,-48.5603,153.4773,2.1042,5.1245,-1.2122,0.643,-0.0251,0.0955,1.3718,0.034,0.0651,0.0742,car,157,110.5696,-48.5603,-1.2122,0.643,1.3718,0.034,153.4773,1.3721799590432735,4.9398478525557845,0.0,0.0,0.0,0.0,0.0,0.0,1,03_15_157_5258_ego_157,1,5258,5258,5261,vehicle_vehicle,0.09329548707913161,2.7549455967670835,2.784218002379627,14.374620329594796,15.0,3.0,3.5,0.8,1.6068658935953555,5.78471721694328
3,15,5287,5287,101.0662,-51.2494,74.1028,2.4422,2.6081,1.3696,4.8612,-1.2145,0.7462,5.0505,-0.0143,0.385,-1.3724,trailer,157,110.5195,-48.5347,-1.2112,0.6461,1.3723,0.0364,153.4417,1.3727529457262149,4.941910604614374,-9.453299999999999,-2.7147000000000006,2.5808,4.2151000000000005,4.942428213945044,9.835368675347151,0,03_15_157_5258_ego_157,1,5258,5258,5261,vehicle_vehicle,0.09329548707913161,2.7549455967670835,2.784218002379627,14.374620329594796,15.0,3.0,3.5,0.8,1.6068658935953555,5.78471721694328
3,17,5287,5287,102.032,-45.39,90.6095,2.6151,6.8077,-0.4212,5.0949,-1.3097,0.3655,5.0991,-0.3669,0.3794,-1.3057,truck,157,110.5195,-48.5347,-1.2112,0.6461,1.3723,0.0364,153.4417,1.3727529457262149,4.941910604614374,-8.487499999999997,3.1447000000000003,0.79,4.4488,4.518398105523683,9.051342129209345,0,03_15_157_5258_ego_157,0,5258,5258,5261,vehicle_vehicle,0.09329548707913161,2.7549455967670835,2.784218002379627,14.374620329594796,15.0,3.0,3.5,0.8,1.6068658935953555,5.78471721694328
3,152,5287,406,90.6452,-31.5178,146.2654,3.3232,17.0865,-5.5895,3.0322,-0.5168,-1.461,6.3323,-0.5825,-0.3815,-1.502,truck,157,110.5195,-48.5347,-1.2112,0.6461,1.3723,0.0364,153.4417,1.3727529457262149,4.941910604614374,-19.87429999999999,17.0169,-4.3783,2.3861,4.986279585021282,26.164148870162002,0,03_15_157_5258_ego_157,0,5258,5258,5261,vehicle_vehicle,0.09329548707913161,2.7549455967670835,2.784218002379627,14.374620329594796,15.0,3.0,3.5,0.8,1.6068658935953555,5.78471721694328
3,157,5287,304,110.5195,-48.5347,153.4417,2.1042,5.1245,-1.2112,0.6461,-0.037,0.1062,1.3723,0.0364,0.0806,0.0784,car,157,110.5195,-48.5347,-1.2112,0.6461,1.3723,0.0364,153.4417,1.3727529457262149,4.941910604614374,0.0,0.0,0.0,0.0,0.0,0.0,1,03_15_157_5258_ego_157,1,5258,5258,5261,vehicle_vehicle,0.09329548707913161,2.7549455967670835,2.784218002379627,14.374620329594796,15.0,3.0,3.5,0.8,1.6068658935953555,5.78471721694328
3,15,5288,5288,101.1198,-51.0535,74.6224,2.4422,2.6081,1.323,4.8911,-1.2391,0.7314,5.0668,-0.0214,0.3766,-1.3887,trailer,157,110.4696,-48.5084,-1.2102,0.6495,1.3729,0.0392,153.4146,1.3734752600611342,4.944510936220083,-9.349800000000002,-2.545099999999998,2.5332,4.2416,4.940472932827382,9.690010012894724,0,03_15_157_5258_ego_157,1,5258,5258,5261,vehicle_vehicle,0.09329548707913161,2.7549455967670835,2.784218002379627,14.374620329594796,15.0,3.0,3.5,0.8,1.6068658935953555,5.78471721694328
3,17,5288,5288,102.0142,-45.1865,91.2645,2.6151,6.8077,-0.4744,5.1098,-1.2942,0.3684,5.119,-0.3615,0.3969,-1.2857,truck,157,110.4696,-48.5084,-1.2102,0.6495,1.3729,0.0392,153.4146,1.3734752600611342,4.944510936220083,-8.455399999999997,3.3218999999999994,0.7358,4.4603,4.520583781990994,9.084536794465635,0,03_15_157_5258_ego_157,0,5258,5258,5261,vehicle_vehicle,0.09329548707913161,2.7549455967670835,2.784218002379627,14.374620329594796,15.0,3.0,3.5,0.8,1.6068658935953555,5.78471721694328
3,152,5288,407,90.42,-31.3974,146.773,3.3232,17.0865,-5.6066,2.971,-0.4783,-1.4979,6.3179,-0.5869,-0.4207,-1.5151,truck,157,110.4696,-48.5084,-1.2102,0.6495,1.3729,0.0392,153.4146,1.3734752600611342,4.944510936220083,-20.049599999999998,17.111,-4.3964,2.3215000000000003,4.97168937183328,26.358542849710034,0,03_15_157_5258_ego_157,0,5258,5258,5261,vehicle_vehicle,0.09329548707913161,2.7549455967670835,2.784218002379627,14.374620329594796,15.0,3.0,3.5,0.8,1.6068658935953555,5.78471721694328
3,157,5288,305,110.4696,-48.5084,153.4146,2.1042,5.1245,-1.2102,0.6495,-0.0513,0.1176,1.3729,0.0392,0.0985,0.0822,car,157,110.4696,-48.5084,-1.2102,0.6495,1.3729,0.0392,153.4146,1.3734752600611342,4.944510936220083,0.0,0.0,0.0,0.0,0.0,0.0,1,03_15_157_5258_ego_157,1,5258,5258,5261,vehicle_vehicle,0.09329548707913161,2.7549455967670835,2.784218002379627,14.374620329594796,15.0,3.0,3.5,0.8,1.6068658935953555,5.78471721694328
3,15,5289,5289,101.1731,-50.8566,75.1386,2.4422,2.6081,1.2748,4.9201,-1.2655,0.7167,5.0825,-0.0297,0.3682,-1.407,trailer,157,110.4209,-48.4826,-1.2096,0.6534,1.3741,0.0422,153.3809,1.3747958830313685,4.949265178912927,-9.247799999999998,-2.3740000000000023,2.4844,4.2667,4.93730414801438,9.547653158761056,0,03_15_157_5258_ego_157,1,5258,5258,5261,vehicle_vehicle,0.09329548707913161,2.7549455967670835,2.784218002379627,14.374620329594796,15.0,3.0,3.5,0.8,1.6068658935953555,5.78471721694328
3,17,5289,5289,101.9953,-44.9824,91.9273,2.6151,6.8077,-0.5275,5.1251,-1.2776,0.3709,5.1399,-0.3548,0.4137,-1.2644,truck,157,110.4209,-48.4826,-1.2096,0.6534,1.3741,0.0422,153.3809,1.3747958830313685,4.949265178912927,-8.425600000000003,3.5001999999999995,0.6821,4.4717,4.523423625971815,9.12371280784309,0,03_15_157_5258_ego_157,0,5258,5258,5261,vehicle_vehicle,0.09329548707913161,2.7549455967670835,2.784218002379627,14.374620329594796,15.0,3.0,3.5,0.8,1.6068658935953555,5.78471721694328
3,152,5289,408,90.1952,-31.2779,147.2939,3.3232,17.0865,-5.622,2.9077,-0.4433,-1.5319,6.3018,-0.5911,-0.4547,-1.5285,truck,157,110.4209,-48.4826,-1.2096,0.6534,1.3741,0.0422,153.3809,1.3747958830313685,4.949265178912927,-20.225700000000003,17.2047,-4.4124,2.2543,4.954910922509102,26.553354638915213,0,03_15_157_5258_ego_157,0,5258,5258,5261,vehicle_vehicle,0.09329548707913161,2.7549455967670835,2.784218002379627,14.374620329594796,15.0,3.0,3.5,0.8,1.6068658935953555,5.78471721694328
3,157,5289,306,110.4209,-48.4826,153.3809,2.1042,5.1245,-1.2096,0.6534,-0.0681,0.1299,1.3741,0.0422,0.1191,0.0856,car,157,110.4209,-48.4826,-1.2096,0.6534,1.3741,0.0422,153.3809,1.3747958830313685,4.949265178912927,0.0,0.0,0.0,0.0,0.0,0.0,1,03_15_157_5258_ego_157,1,5258,5258,5261,vehicle_vehicle,0.09329548707913161,2.7549455967670835,2.784218002379627,14.374620329594796,15.0,3.0,3.5,0.8,1.6068658935953555,5.78471721694328
3,15,5290,5290,101.2239,-50.6586,75.6154,2.4422,2.6081,1.2253,4.9483,-1.2932,0.7024,5.0976,-0.0424,0.3591,-1.4271,trailer,157,110.3711,-48.4562,-1.2091,0.6578,1.3757,0.0456,153.3512,1.3764532865302768,4.955231831508996,-9.147199999999998,-2.2023999999999972,2.4344,4.2905,4.9330207388576826,9.408604232297156,0,03_15_157_5258_ego_157,1,5258,5258,5261,vehicle_vehicle,0.09329548707913161,2.7549455967670835,2.784218002379627,14.374620329594796,15.0,3.0,3.5,0.8,1.6068658935953555,5.78471721694328
3,17,5290,5290,101.9731,-44.7769,92.5845,2.6151,6.8077,-0.5798,5.1403,-1.2597,0.3729,5.1613,-0.3474,0.4293,-1.2416,truck,157,110.3711,-48.4562,-1.2091,0.6578,1.3757,0.0456,153.3512,1.3764532865302768,4.955231831508996,-8.397999999999996,3.679300000000005,0.6293000000000001,4.4825,4.526458299818965,9.168623260337398,0,03_15_157_5258_ego_157,0,5258,5258,5261,vehicle_vehicle,0.09329548707913161,2.7549455967670835,2.784218002379627,14.374620329594796,15.0,3.0,3.5,0.8,1.6068658935953555,5.78471721694328
3,152,5290,409,89.9697,-31.1608,147.8184,3.3232,17.0865,-5.636,2.8421,-0.4121,-1.562,6.2838,-0.5962,-0.4831,-1.5415,truck,157,110.3711,-48.4562,-1.2091,0.6578,1.3757,0.0456,153.3512,1.3764532865302768,4.955231831508996,-20.401399999999995,17.295400000000004,-4.4269,2.1843,4.936457241787879,26.74599003813469,0,03_15_157_5258_ego_157,0,5258,5258,5261,vehicle_vehicle,0.09329548707913161,2.7549455967670835,2.784218002379627,14.374620329594796,15.0,3.0,3.5,0.8,1.6068658935953555,5.78471721694328
3,157,5290,307,110.3711,-48.4562,153.3512,2.1042,5.1245,-1.2091,0.6578,-0.0878,0.1429,1.3757,0.0456,0.1426,0.0883,car,157,110.3711,-48.4562,-1.2091,0.6578,1.3757,0.0456,153.3512,1.3764532865302768,4.955231831508996,0.0,0.0,0.0,0.0,0.0,0.0,1,03_15_157_5258_ego_157,1,5258,5258,5261,vehicle_vehicle,0.09329548707913161,2.7549455967670835,2.784218002379627,14.374620329594796,15.0,3.0,3.5,0.8,1.6068658935953555,5.78471721694328
3,15,5291,5291,101.2732,-50.4593,76.0818,2.4422,2.6081,1.1742,4.9756,-1.3217,0.6888,5.1119,-0.0571,0.3506,-1.4485,trailer,157,110.3225,-48.4295,-1.2093,0.6626,1.3781,0.0491,153.3216,1.378929022828949,4.964144482184216,-9.049300000000002,-2.0298000000000016,2.3834999999999997,4.313,4.927782589562977,9.27415325137557,0,03_15_157_5258_ego_157,1,5258,5258,5261,vehicle_vehicle,0.09329548707913161,2.7549455967670835,2.784218002379627,14.374620329594796,15.0,3.0,3.5,0.8,1.6068658935953555,5.78471721694328
3,17,5291,5291,101.9494,-44.5715,93.2331,2.6151,6.8077,-0.6317,5.1559,-1.2405,0.3744,5.1833,-0.3399,0.4437,-1.2174,truck,157,110.3225,-48.4295,-1.2093,0.6626,1.3781,0.0491,153.3216,1.378929022828949,4.964144482184216,-8.373100000000008,3.857999999999997,0.5776,4.4933,4.53027224899343,9.219163064508628,0,03_15_157_5258_ego_157,0,5258,5258,5261,vehicle_vehicle,0.09329548707913161,2.7549455967670835,2.784218002379627,14.374620329594796,15.0,3.0,3.5,0.8,1.6068658935953555,5.78471721694328
3,152,5291,410,89.7443,-31.0463,148.3519,3.3232,17.0865,-5.6488,2.7746,-0.3847,-1.5874,6.2646,-0.602,-0.5054,-1.5531,truck,157,110.3225,-48.4295,-1.2093,0.6626,1.3781,0.0491,153.3216,1.378929022828949,4.964144482184216,-20.57820000000001,17.3832,-4.4395,2.112,4.916269342702859,26.937668003745245,0,03_15_157_5258_ego_157,0,5258,5258,5261,vehicle_vehicle,0.09329548707913161,2.7549455967670835,2.784218002379627,14.374620329594796,15.0,3.0,3.5,0.8,1.6068658935953555,5.78471721694328
3,157,5291,308,110.3225,-48.4295,153.3216,2.1042,5.1245,-1.2093,0.6626,-0.1108,0.1568,1.3781,0.0491,0.1694,0.0904,car,157,110.3225,-48.4295,-1.2093,0.6626,1.3781,0.0491,153.3216,1.378929022828949,4.964144482184216,0.0,0.0,0.0,0.0,0.0,0.0,1,03_15_157_5258_ego_157,1,5258,5258,5261,vehicle_vehicle,0.09329548707913161,2.7549455967670835,2.784218002379627,14.374620329594796,15.0,3.0,3.5,0.8,1.6068658935953555,5.78471721694328
3,15,5292,5292,101.3186,-50.2594,76.4997,2.4422,2.6081,1.1221,5.0022,-1.3508,0.676,5.1259,-0.0767,0.342,-1.4713,trailer,157,110.2736,-48.4022,-1.2103,0.6677,1.3813,0.0522,153.2824,1.3822624135814443,4.9761446888932,-8.954999999999998,-1.8571999999999989,2.3324,4.3345,4.922192601879776,9.145557218671806,0,03_15_157_5258_ego_157,1,5258,5258,5261,vehicle_vehicle,0.09329548707913161,2.7549455967670835,2.784218002379627,14.374620329594796,15.0,3.0,3.5,0.8,1.6068658935953555,5.78471721694328
3,17,5292,5292,101.9231,-44.3653,93.8781,2.6151,6.8077,-0.6827,5.1717,-1.2198,0.3751,5.206,-0.3314,0.4567,-1.1916,truck,157,110.2736,-48.4022,-1.2103,0.6677,1.3813,0.0522,153.2824,1.3822624135814443,4.9761446888932,-8.350499999999997,4.036900000000003,0.5276,4.5040000000000004,4.534796330597439,9.275096326184434,0,03_15_157_5258_ego_157,0,5258,5258,5261,vehicle_vehicle,0.09329548707913161,2.7549455967670835,2.784218002379627,14.374620329594796,15.0,3.0,3.5,0.8,1.6068658935953555,5.78471721694328
3,152,5292,411,89.5189,-30.9344,148.8966,3.3232,17.0865,-5.6609,2.7051,-0.3607,-1.6072,6.2445,-0.6081,-0.5214,-1.5625,truck,157,110.2736,-48.4022,-1.2103,0.6677,1.3813,0.0522,153.2824,1.3822624135814443,4.9761446888932,-20.7547,17.4678,-4.4506,2.0374,4.894776718094503,27.127137868378227,0,03_15_157_5258_ego_157,0,5258,5258,5261,vehicle_vehicle,0.09329548707913161,2.7549455967670835,2.784218002379627,14.374620329594796,15.0,3.0,3.5,0.8,1.6068658935953555,5.78471721694328
3,157,5292,309,110.2736,-48.4022,153.2824,2.1042,5.1245,-1.2103,0.6677,-0.1371,0.1718,1.3813,0.0522,0.1997,0.0918,car,157,110.2736,-48.4022,-1.2103,0.6677,1.3813,0.0522,153.2824,1.3822624135814443,4.9761446888932,0.0,0.0,0.0,0.0,0.0,0.0,1,03_15_157_5258_ego_157,1,5258,5258,5261,vehicle_vehicle,0.09329548707913161,2.7549455967670835,2.784218002379627,14.374620329594796,15.0,3.0,3.5,0.8,1.6068658935953555,5.78471721694328
3,15,5293,5293,101.3626,-50.0583,76.9067,2.4422,2.6081,1.0687,5.0281,-1.3807,0.6642,5.1395,-0.0981,0.3342,-1.4953,trailer,157,110.2259,-48.3743,-1.2127,0.6729,1.3858,0.0547,153.2332,1.3868798433894696,4.99276743620209,-8.863299999999995,-1.6840000000000046,2.2813999999999997,4.3552,4.916559060969369,9.021859170370591,0,03_15_157_5258_ego_157,1,5258,5258,5261,vehicle_vehicle,0.09329548707913161,2.7549455967670835,2.784218002379627,14.374620329594796,15.0,3.0,3.5,0.8,1.6068658935953555,5.78471721694328
3,17,5293,5293,101.8949,-44.1581,94.5139,2.6151,6.8077,-0.733,5.1875,-1.1976,0.375,5.2291,-0.3225,0.4681,-1.1644,truck,157,110.2259,-48.3743,-1.2127,0.6729,1.3858,0.0547,153.2332,1.3868798433894696,4.99276743620209,-8.330999999999989,4.216200000000001,0.4796999999999999,4.5146,4.540013794031908,9.337125009337715,0,03_15_157_5258_ego_157,0,5258,5258,5261,vehicle_vehicle,0.09329548707913161,2.7549455967670835,2.784218002379627,14.374620329594796,15.0,3.0,3.5,0.8,1.6068658935953555,5.78471721694328
3,152,5293,412,89.2911,-30.8294,149.4309,3.3232,17.0865,-5.6716,2.6356,-0.3402,-1.6216,6.2238,-0.6151,-0.5318,-1.5692,truck,157,110.2259,-48.3743,-1.2127,0.6729,1.3858,0.0547,153.2332,1.3868798433894696,4.99276743620209,-20.934799999999996,17.5449,-4.4589,1.9627000000000001,4.8717533291413675,27.314636498588072,0,03_15_157_5258_ego_157,0,5258,5258,5261,vehicle_vehicle,0.09329548707913161,2.7549455967670835,2.784218002379627,14.374620329594796,15.0,3.0,3.5,0.8,1.6068658935953555,5.78471721694328
3,157,5293,310,110.2259,-48.3743,153.2332,2.1042,5.1245,-1.2127,0.6729,-0.1667,0.1882,1.3858,0.0547,0.2336,0.0929,car,157,110.2259,-48.3743,-1.2127,0.6729,1.3858,0.0547,153.2332,1.3868798433894696,4.99276743620209,0.0,0.0,0.0,0.0,0.0,0.0,1,03_15_157_5258_ego_157,1,5258,5258,5261,vehicle_vehicle,0.09329548707913161,2.7549455967670835,2.784218002379627,14.374620329594796,15.0,3.0,3.5,0.8,1.6068658935953555,5.78471721694328
3,15,5294,5294,101.405,-49.8565,77.2752,2.4422,2.6081,1.0139,5.0535,-1.4111,0.6537,5.1527,-0.1242,0.3268,-1.5204,trailer,157,110.1784,-48.3454,-1.2168,0.6781,1.3918,0.0563,153.1833,1.3929902548115691,5.014764917321649,-8.773399999999995,-1.511099999999999,2.2307,4.3754,4.911226695032515,8.90258225291965,0,03_15_157_5258_ego_157,1,5258,5258,5261,vehicle_vehicle,0.09329548707913161,2.7549455967670835,2.784218002379627,14.374620329594796,15.0,3.0,3.5,0.8,1.6068658935953555,5.78471721694328
3,17,5294,5294,101.864,-43.9502,95.1463,2.6151,6.8077,-0.7821,5.2033,-1.1741,0.3742,5.2524,-0.3123,0.478,-1.1358,truck,157,110.1784,-48.3454,-1.2168,0.6781,1.3918,0.0563,153.1833,1.3929902548115691,5.014764917321649,-8.314399999999992,4.3951999999999956,0.4347000000000001,4.5252,4.546031140456475,9.404628137252415,0,03_15_157_5258_ego_157,0,5258,5258,5261,vehicle_vehicle,0.09329548707913161,2.7549455967670835,2.784218002379627,14.374620329594796,15.0,3.0,3.5,0.8,1.6068658935953555,5.78471721694328
3,152,5294,413,89.0627,-30.727,149.9742,3.3232,17.0865,-5.681,2.5663,-0.3237,-1.631,6.2027,-0.6208,-0.5359,-1.5741,truck,157,110.1784,-48.3454,-1.2168,0.6781,1.3918,0.0563,153.1833,1.3929902548115691,5.014764917321649,-21.11569999999999,17.618399999999998,-4.4642,1.8881999999999999,4.847100254791518,27.5005600861146,0,03_15_157_5258_ego_157,0,5258,5258,5261,vehicle_vehicle,0.09329548707913161,2.7549455967670835,2.784218002379627,14.374620329594796,15.0,3.0,3.5,0.8,1.6068658935953555,5.78471721694328
3,157,5294,311,110.1784,-48.3454,153.1833,2.1042,5.1245,-1.2168,0.6781,-0.1992,0.2066,1.3918,0.0563,0.271,0.0945,car,157,110.1784,-48.3454,-1.2168,0.6781,1.3918,0.0563,153.1833,1.3929902548115691,5.014764917321649,0.0,0.0,0.0,0.0,0.0,0.0,1,03_15_157_5258_ego_157,1,5258,5258,5261,vehicle_vehicle,0.09329548707913161,2.7549455967670835,2.784218002379627,14.374620329594796,15.0,3.0,3.5,0.8,1.6068658935953555,5.78471721694328
3,15,5295,5295,101.4447,-49.654,77.6012,2.4422,2.6081,0.9577,5.0785,-1.4418,0.6442,5.1657,-0.1551,0.3196,-1.5465,trailer,157,110.1298,-48.3169,-1.2222,0.6836,1.3992,0.0575,153.1346,1.4003863038461923,5.041390693846292,-8.685100000000006,-1.3371000000000066,2.1799,4.3949,4.905824091832074,8.78742274048541,0,03_15_157_5258_ego_157,1,5258,5258,5261,vehicle_vehicle,0.09329548707913161,2.7549455967670835,2.784218002379627,14.374620329594796,15.0,3.0,3.5,0.8,1.6068658935953555,5.78471721694328
3,17,5295,5295,101.8308,-43.7418,95.756,2.6151,6.8077,-0.83,5.219,-1.1496,0.3725,5.2759,-0.3023,0.486,-1.1064,truck,157,110.1298,-48.3169,-1.2222,0.6836,1.3992,0.0575,153.1346,1.4003863038461923,5.041390693846292,-8.299000000000007,4.575099999999999,0.3922,4.5354,4.552326218539265,9.47654689272417,0,03_15_157_5258_ego_157,0,5258,5258,5261,vehicle_vehicle,0.09329548707913161,2.7549455967670835,2.784218002379627,14.374620329594796,15.0,3.0,3.5,0.8,1.6068658935953555,5.78471721694328
3,152,5295,414,88.8348,-30.6272,150.5278,3.3232,17.0865,-5.6895,2.4972,-0.3115,-1.6363,6.1819,-0.6252,-0.5339,-1.5778,truck,157,110.1298,-48.3169,-1.2222,0.6836,1.3992,0.0575,153.1346,1.4003863038461923,5.041390693846292,-21.295,17.6897,-4.4673,1.8135999999999999,4.821401689343047,27.683975709605004,0,03_15_157_5258_ego_157,0,5258,5258,5261,vehicle_vehicle,0.09329548707913161,2.7549455967670835,2.784218002379627,14.374620329594796,15.0,3.0,3.5,0.8,1.6068658935953555,5.78471721694328
3,157,5295,312,110.1298,-48.3169,153.1346,2.1042,5.1245,-1.2222,0.6836,-0.2343,0.2275,1.3992,0.0575,0.3118,0.0971,car,157,110.1298,-48.3169,-1.2222,0.6836,1.3992,0.0575,153.1346,1.4003863038461923,5.041390693846292,0.0,0.0,0.0,0.0,0.0,0.0,1,03_15_157_5258_ego_157,1,5258,5258,5261,vehicle_vehicle,0.09329548707913161,2.7549455967670835,2.784218002379627,14.374620329594796,15.0,3.0,3.5,0.8,1.6068658935953555,5.78471721694328
3,15,5296,5296,101.4829,-49.4507,77.9471,2.4422,2.6081,0.8999,5.1033,-1.4726,0.6358,5.1787,-0.1856,0.3143,-1.5729,trailer,157,110.082,-48.2895,-1.2295,0.6899,1.4086,0.0585,153.0798,1.409834124994852,5.075402849981468,-8.599099999999993,-1.161200000000001,2.1294,4.4134,4.900249373246223,8.677148509158977,0,03_15_157_5258_ego_157,1,5258,5258,5261,vehicle_vehicle,0.09329548707913161,2.7549455967670835,2.784218002379627,14.374620329594796,15.0,3.0,3.5,0.8,1.6068658935953555,5.78471721694328
3,17,5296,5296,101.797,-43.5324,96.3488,2.6151,6.8077,-0.8769,5.2345,-1.1241,0.3702,5.2994,-0.2927,0.4923,-1.0763,truck,157,110.082,-48.2895,-1.2295,0.6899,1.4086,0.0585,153.0798,1.409834124994852,5.075402849981468,-8.284999999999997,4.757099999999994,0.3526,4.5446,4.558257991820998,9.55359751140898,0,03_15_157_5258_ego_157,0,5258,5258,5261,vehicle_vehicle,0.09329548707913161,2.7549455967670835,2.784218002379627,14.374620329594796,15.0,3.0,3.5,0.8,1.6068658935953555,5.78471721694328
3,152,5296,415,88.6077,-30.5299,151.0858,3.3232,17.0865,-5.6979,2.4284,-0.3035,-1.638,6.1617,-0.6293,-0.5263,-1.5806,truck,157,110.082,-48.2895,-1.2295,0.6899,1.4086,0.0585,153.0798,1.409834124994852,5.075402849981468,-21.4743,17.759599999999995,-4.4684,1.7385,4.794682555706895,27.866627938270533,0,03_15_157_5258_ego_157,0,5258,5258,5261,vehicle_vehicle,0.09329548707913161,2.7549455967670835,2.784218002379627,14.374620329594796,15.0,3.0,3.5,0.8,1.6068658935953555,5.78471721694328
3,157,5296,313,110.082,-48.2895,153.0798,2.1042,5.1245,-1.2295,0.6899,-0.2716,0.2512,1.4086,0.0585,0.3559,0.101,car,157,110.082,-48.2895,-1.2295,0.6899,1.4086,0.0585,153.0798,1.409834124994852,5.075402849981468,0.0,0.0,0.0,0.0,0.0,0.0,1,03_15_157_5258_ego_157,1,5258,5258,5261,vehicle_vehicle,0.09329548707913161,2.7549455967670835,2.784218002379627,14.374620329594796,15.0,3.0,3.5,0.8,1.6068658935953555,5.78471721694328
3,15,5297,5297,101.5194,-49.2462,78.3767,2.4422,2.6081,0.8402,5.1278,-1.503,0.6284,5.192,-0.2102,0.3127,-1.5987,trailer,157,110.0334,-48.2619,-1.2386,0.6972,1.4202,0.0594,153.0202,1.421343660062548,5.1168371762251725,-8.513999999999996,-0.9843000000000046,2.0787999999999998,4.4306,4.894039824112591,8.57070840070994,0,03_15_157_5258_ego_157,1,5258,5258,5261,vehicle_vehicle,0.09329548707913161,2.7549455967670835,2.784218002379627,14.374620329594796,15.0,3.0,3.5,0.8,1.6068658935953555,5.78471721694328
3,17,5297,5297,101.7611,-43.3223,96.9246,2.6151,6.8077,-0.9228,5.2497,-1.0977,0.3674,5.3227,-0.2832,0.4971,-1.0454,truck,157,110.0334,-48.2619,-1.2386,0.6972,1.4202,0.0594,153.0202,1.421343660062548,5.1168371762251725,-8.272300000000001,4.939599999999999,0.31579999999999997,4.5525,4.563440137659308,9.634863540808453,0,03_15_157_5258_ego_157,0,5258,5258,5261,vehicle_vehicle,0.09329548707913161,2.7549455967670835,2.784218002379627,14.374620329594796,15.0,3.0,3.5,0.8,1.6068658935953555,5.78471721694328
3,152,5297,416,88.3803,-30.4349,151.6494,3.3232,17.0865,-5.7062,2.3598,-0.2995,-1.6365,6.1424,-0.6329,-0.5135,-1.5825,truck,157,110.0334,-48.2619,-1.2386,0.6972,1.4202,0.0594,153.0202,1.421343660062548,5.1168371762251725,-21.653099999999995,17.826999999999998,-4.4676,1.6625999999999999,4.7669370165757385,28.047436043424714,0,03_15_157_5258_ego_157,0,5258,5258,5261,vehicle_vehicle,0.09329548707913161,2.7549455967670835,2.784218002379627,14.374620329594796,15.0,3.0,3.5,0.8,1.6068658935953555,5.78471721694328
3,157,5297,314,110.0334,-48.2619,153.0202,2.1042,5.1245,-1.2386,0.6972,-0.3109,0.2777,1.4202,0.0594,0.403,0.1065,car,157,110.0334,-48.2619,-1.2386,0.6972,1.4202,0.0594,153.0202,1.421343660062548,5.1168371762251725,0.0,0.0,0.0,0.0,0.0,0.0,1,03_15_157_5258_ego_157,1,5258,5258,5261,vehicle_vehicle,0.09329548707913161,2.7549455967670835,2.784218002379627,14.374620329594796,15.0,3.0,3.5,0.8,1.6068658935953555,5.78471721694328
3,15,5298,5298,101.5526,-49.0403,78.8942,2.4422,2.6081,0.7789,5.152,-1.5323,0.6219,5.2055,-0.228,0.3151,-1.6234,trailer,157,109.9824,-48.2342,-1.2489,0.7058,1.4332,0.061,152.9624,1.4345399436753234,5.164343797231164,-8.4298,-0.8061000000000007,2.0278,4.4462,4.886784963552213,8.468253967022955,0,03_15_157_5258_ego_157,1,5258,5258,5261,vehicle_vehicle,0.09329548707913161,2.7549455967670835,2.784218002379627,14.374620329594796,15.0,3.0,3.5,0.8,1.6068658935953555,5.78471721694328
3,17,5298,5298,101.7225,-43.1115,97.4758,2.6151,6.8077,-0.9674,5.2647,-1.0705,0.3642,5.3458,-0.2742,0.5004,-1.014,truck,157,109.9824,-48.2342,-1.2489,0.7058,1.4332,0.061,152.9624,1.4345399436753234,5.164343797231164,-8.259900000000002,5.122700000000002,0.28149999999999986,4.5589,4.567582671391948,9.719465175615376,0,03_15_157_5258_ego_157,0,5258,5258,5261,vehicle_vehicle,0.09329548707913161,2.7549455967670835,2.784218002379627,14.374620329594796,15.0,3.0,3.5,0.8,1.6068658935953555,5.78471721694328
3,152,5298,417,88.1526,-30.3422,152.2231,3.3232,17.0865,-5.7147,2.2915,-0.2992,-1.632,6.1241,-0.6358,-0.4959,-1.5834,truck,157,109.9824,-48.2342,-1.2489,0.7058,1.4332,0.061,152.9624,1.4345399436753234,5.164343797231164,-21.82979999999999,17.892000000000003,-4.4658,1.5857,4.738967622805625,28.225233958994917,0,03_15_157_5258_ego_157,0,5258,5258,5261,vehicle_vehicle,0.09329548707913161,2.7549455967670835,2.784218002379627,14.374620329594796,15.0,3.0,3.5,0.8,1.6068658935953555,5.78471721694328
3,157,5298,315,109.9824,-48.2342,152.9624,2.1042,5.1245,-1.2489,0.7058,-0.352,0.3068,1.4332,0.061,0.453,0.1133,car,157,109.9824,-48.2342,-1.2489,0.7058,1.4332,0.061,152.9624,1.4345399436753234,5.164343797231164,0.0,0.0,0.0,0.0,0.0,0.0,1,03_15_157_5258_ego_157,1,5258,5258,5261,vehicle_vehicle,0.09329548707913161,2.7549455967670835,2.784218002379627,14.374620329594796,15.0,3.0,3.5,0.8,1.6068658935953555,5.78471721694328
3,15,5299,5299,101.5834,-48.8336,79.4078,2.4422,2.6081,0.7161,5.1758,-1.5604,0.6165,5.2192,-0.2475,0.3191,-1.6471,trailer,157,109.9316,-48.2056,-1.2605,0.7155,1.4481,0.0627,152.8993,1.4494138470430038,5.217889849354814,-8.348200000000006,-0.6280000000000001,1.9766,4.4603,4.878649777346187,8.371787577333773,0,03_15_157_5258_ego_157,1,5258,5258,5261,vehicle_vehicle,0.09329548707913161,2.7549455967670835,2.784218002379627,14.374620329594796,15.0,3.0,3.5,0.8,1.6068658935953555,5.78471721694328
3,17,5299,5299,101.6826,-42.9003,98.0087,2.6151,6.8077,-1.0108,5.2794,-1.0426,0.3609,5.3687,-0.2654,0.5026,-0.9822,truck,157,109.9316,-48.2056,-1.2605,0.7155,1.4481,0.0627,152.8993,1.4494138470430038,5.217889849354814,-8.24900000000001,5.3052999999999955,0.24970000000000003,4.5639,4.570725686365351,9.807762695436718,0,03_15_157_5258_ego_157,0,5258,5258,5261,vehicle_vehicle,0.09329548707913161,2.7549455967670835,2.784218002379627,14.374620329594796,15.0,3.0,3.5,0.8,1.6068658935953555,5.78471721694328
3,152,5299,418,87.9249,-30.2523,152.8082,3.3232,17.0865,-5.7237,2.2235,-0.3021,-1.6248,6.1072,-0.6378,-0.4738,-1.5833,truck,157,109.9316,-48.2056,-1.2605,0.7155,1.4481,0.0627,152.8993,1.4494138470430038,5.217889849354814,-22.00670000000001,17.953299999999995,-4.4632000000000005,1.508,4.7110740006924114,28.40098283123315,0,03_15_157_5258_ego_157,0,5258,5258,5261,vehicle_vehicle,0.09329548707913161,2.7549455967670835,2.784218002379627,14.374620329594796,15.0,3.0,3.5,0.8,1.6068658935953555,5.78471721694328
3,157,5299,316,109.9316,-48.2056,152.8993,2.1042,5.1245,-1.2605,0.7155,-0.3955,0.3385,1.4481,0.0627,0.5063,0.1211,car,157,109.9316,-48.2056,-1.2605,0.7155,1.4481,0.0627,152.8993,1.4494138470430038,5.217889849354814,0.0,0.0,0.0,0.0,0.0,0.0,1,03_15_157_5258_ego_157,1,5258,5258,5261,vehicle_vehicle,0.09329548707913161,2.7549455967670835,2.784218002379627,14.374620329594796,15.0,3.0,3.5,0.8,1.6068658935953555,5.78471721694328
3,15,5300,5300,101.6116,-48.6265,79.9482,2.4422,2.6081,0.6519,5.1995,-1.5868,0.612,5.2335,-0.2656,0.3257,-1.6692,trailer,157,109.8812,-48.1759,-1.2741,0.7262,1.4651,0.0642,152.8297,1.4665255708646885,5.279492055112879,-8.269600000000011,-0.45060000000000144,1.9260000000000002,4.4733,4.870306857888936,8.281867212169017,0,03_15_157_5258_ego_157,1,5258,5258,5261,vehicle_vehicle,0.09329548707913161,2.7549455967670835,2.784218002379627,14.374620329594796,15.0,3.0,3.5,0.8,1.6068658935953555,5.78471721694328
3,17,5300,5300,101.6412,-42.6885,98.5191,2.6151,6.8077,-1.053,5.2938,-1.0142,0.3575,5.3914,-0.2572,0.5038,-0.9501,truck,157,109.8812,-48.1759,-1.2741,0.7262,1.4651,0.0642,152.8297,1.4665255708646885,5.279492055112879,-8.240000000000009,5.487400000000001,0.22110000000000007,4.5676000000000005,4.572948170491331,9.899957513040153,0,03_15_157_5258_ego_157,0,5258,5258,5261,vehicle_vehicle,0.09329548707913161,2.7549455967670835,2.784218002379627,14.374620329594796,15.0,3.0,3.5,0.8,1.6068658935953555,5.78471721694328
3,152,5300,419,87.6971,-30.1656,153.396,3.3232,17.0865,-5.7333,2.1562,-0.3077,-1.6151,6.0919,-0.6396,-0.4481,-1.5819,truck,157,109.8812,-48.1759,-1.2741,0.7262,1.4651,0.0642,152.8297,1.4665255708646885,5.279492055112879,-22.1841,18.010299999999997,-4.4592,1.4300000000000002,4.682879951482848,28.57455509539912,0,03_15_157_5258_ego_157,0,5258,5258,5261,vehicle_vehicle,0.09329548707913161,2.7549455967670835,2.784218002379627,14.374620329594796,15.0,3.0,3.5,0.8,1.6068658935953555,5.78471721694328
3,157,5300,317,109.8812,-48.1759,152.8297,2.1042,5.1245,-1.2741,0.7262,-0.4414,0.3729,1.4651,0.0642,0.563,0.1302,car,157,109.8812,-48.1759,-1.2741,0.7262,1.4651,0.0642,152.8297,1.4665255708646885,5.279492055112879,0.0,0.0,0.0,0.0,0.0,0.0,1,03_15_157_5258_ego_157,1,5258,5258,5261,vehicle_vehicle,0.09329548707913161,2.7549455967670835,2.784218002379627,14.374620329594796,15.0,3.0,3.5,0.8,1.6068658935953555,5.78471721694328
3,15,5301,5301,101.6372,-48.4183,80.5576,2.4422,2.6081,0.5864,5.2232,-1.6112,0.6085,5.2486,-0.2785,0.3359,-1.6892,trailer,157,109.8305,-48.1462,-1.2897,0.738,1.4845,0.0658,152.7562,1.4859239852697717,5.3493263469711785,-8.193299999999994,-0.2721000000000018,1.8761,4.485200000000001,4.861766165705628,8.197816983807328,0,03_15_157_5258_ego_157,1,5258,5258,5261,vehicle_vehicle,0.09329548707913161,2.7549455967670835,2.784218002379627,14.374620329594796,15.0,3.0,3.5,0.8,1.6068658935953555,5.78471721694328
3,17,5301,5301,101.5983,-42.476,99.0138,2.6151,6.8077,-1.094,5.3079,-0.9854,0.3542,5.4137,-0.2489,0.5042,-0.9177,truck,157,109.8305,-48.1462,-1.2897,0.738,1.4845,0.0658,152.7562,1.4859239852697717,5.3493263469711785,-8.232200000000006,5.670200000000001,0.19569999999999999,4.5699000000000005,4.574088379119932,9.99601344937071,0,03_15_157_5258_ego_157,0,5258,5258,5261,vehicle_vehicle,0.09329548707913161,2.7549455967670835,2.784218002379627,14.374620329594796,15.0,3.0,3.5,0.8,1.6068658935953555,5.78471721694328
3,152,5301,420,87.4686,-30.0821,153.9887,3.3232,17.0865,-5.7436,2.0899,-0.3156,-1.6033,6.0783,-0.6406,-0.4195,-1.5793,truck,157,109.8305,-48.1462,-1.2897,0.738,1.4845,0.0658,152.7562,1.4859239852697717,5.3493263469711785,-22.361900000000006,18.0641,-4.4539,1.3519,4.6545524833221075,28.74658728301501,0,03_15_157_5258_ego_157,0,5258,5258,5261,vehicle_vehicle,0.09329548707913161,2.7549455967670835,2.784218002379627,14.374620329594796,15.0,3.0,3.5,0.8,1.6068658935953555,5.78471721694328
3,157,5301,318,109.8305,-48.1462,152.7562,2.1042,5.1245,-1.2897,0.738,-0.4894,0.4102,1.4845,0.0658,0.6229,0.1407,car,157,109.8305,-48.1462,-1.2897,0.738,1.4845,0.0658,152.7562,1.4859239852697717,5.3493263469711785,0.0,0.0,0.0,0.0,0.0,0.0,1,03_15_157_5258_ego_157,1,5258,5258,5261,vehicle_vehicle,0.09329548707913161,2.7549455967670835,2.784218002379627,14.374620329594796,15.0,3.0,3.5,0.8,1.6068658935953555,5.78471721694328
3,15,5302,5302,101.6602,-48.2104,81.1538,2.4422,2.6081,0.5195,5.2473,-1.6334,0.6054,5.2648,-0.2937,0.347,-1.7071,trailer,157,109.7795,-48.1168,-1.3076,0.7516,1.5067,0.0676,152.6776,1.5082175970330012,5.429583349318804,-8.119299999999996,-0.09360000000000213,1.8271000000000002,4.4957,4.852794339347177,8.119839496566415,0,03_15_157_5258_ego_157,1,5258,5258,5261,vehicle_vehicle,0.09329548707913161,2.7549455967670835,2.784218002379627,14.374620329594796,15.0,3.0,3.5,0.8,1.6068658935953555,5.78471721694328
3,17,5302,5302,101.5537,-42.263,99.5026,2.6151,6.8077,-1.1339,5.3217,-0.956,0.3512,5.4358,-0.2398,0.5042,-0.8849,truck,157,109.7795,-48.1168,-1.3076,0.7516,1.5067,0.0676,152.6776,1.5082175970330012,5.429583349318804,-8.225799999999992,5.8538,0.1737000000000002,4.5701,4.5733997966501905,10.096076469599458,0,03_15_157_5258_ego_157,0,5258,5258,5261,vehicle_vehicle,0.09329548707913161,2.7549455967670835,2.784218002379627,14.374620329594796,15.0,3.0,3.5,0.8,1.6068658935953555,5.78471721694328
3,152,5302,421,87.2391,-30.0012,154.5829,3.3232,17.0865,-5.7543,2.0246,-0.3254,-1.5901,6.0663,-0.6412,-0.3885,-1.5758,truck,157,109.7795,-48.1168,-1.3076,0.7516,1.5067,0.0676,152.6776,1.5082175970330012,5.429583349318804,-22.540400000000005,18.115599999999997,-4.4467,1.273,4.625329165583786,28.917894036737877,0,03_15_157_5258_ego_157,0,5258,5258,5261,vehicle_vehicle,0.09329548707913161,2.7549455967670835,2.784218002379627,14.374620329594796,15.0,3.0,3.5,0.8,1.6068658935953555,5.78471721694328
3,157,5302,319,109.7795,-48.1168,152.6776,2.1042,5.1245,-1.3076,0.7516,-0.5393,0.4505,1.5067,0.0676,0.6859,0.1527,car,157,109.7795,-48.1168,-1.3076,0.7516,1.5067,0.0676,152.6776,1.5082175970330012,5.429583349318804,0.0,0.0,0.0,0.0,0.0,0.0,1,03_15_157_5258_ego_157,1,5258,5258,5261,vehicle_vehicle,0.09329548707913161,2.7549455967670835,2.784218002379627,14.374620329594796,15.0,3.0,3.5,0.8,1.6068658935953555,5.78471721694328
3,15,5303,5303,101.6809,-48.0006,81.7395,2.4422,2.6081,0.4512,5.2716,-1.6529,0.6024,5.2817,-0.3109,0.3586,-1.7223,trailer,157,109.7283,-48.0868,-1.3281,0.7669,1.5321,0.0696,152.5966,1.5336183423524903,5.521026032468965,-8.04740000000001,0.08619999999999806,1.7793,4.504700000000001,4.843369754623325,8.0478616538805,0,03_15_157_5258_ego_157,1,5258,5258,5261,vehicle_vehicle,0.09329548707913161,2.7549455967670835,2.784218002379627,14.374620329594796,15.0,3.0,3.5,0.8,1.6068658935953555,5.78471721694328
3,17,5303,5303,101.508,-42.0492,99.9844,2.6151,6.8077,-1.1728,5.3351,-0.9261,0.3487,5.4576,-0.2301,0.504,-0.8516,truck,157,109.7283,-48.0868,-1.3281,0.7669,1.5321,0.0696,152.5966,1.5336183423524903,5.521026032468965,-8.220300000000009,6.037599999999998,0.1553,4.5682,4.570839018167233,10.19931104781103,0,03_15_157_5258_ego_157,0,5258,5258,5261,vehicle_vehicle,0.09329548707913161,2.7549455967670835,2.784218002379627,14.374620329594796,15.0,3.0,3.5,0.8,1.6068658935953555,5.78471721694328
3,152,5303,422,87.0082,-29.9232,155.184,3.3232,17.0865,-5.7653,1.9604,-0.3372,-1.576,6.0558,-0.6403,-0.3554,-1.572,truck,157,109.7283,-48.0868,-1.3281,0.7669,1.5321,0.0696,152.5966,1.5336183423524903,5.521026032468965,-22.720100000000002,18.163599999999995,-4.4372,1.1934999999999998,4.594908714000747,29.088130035634812,0,03_15_157_5258_ego_157,0,5258,5258,5261,vehicle_vehicle,0.09329548707913161,2.7549455967670835,2.784218002379627,14.374620329594796,15.0,3.0,3.5,0.8,1.6068658935953555,5.78471721694328
3,157,5303,320,109.7283,-48.0868,152.5966,2.1042,5.1245,-1.3281,0.7669,-0.5906,0.4936,1.5321,0.0696,0.7515,0.1664,car,157,109.7283,-48.0868,-1.3281,0.7669,1.5321,0.0696,152.5966,1.5336183423524903,5.521026032468965,0.0,0.0,0.0,0.0,0.0,0.0,1,03_15_157_5258_ego_157,1,5258,5258,5261,vehicle_vehicle,0.09329548707913161,2.7549455967670835,2.784218002379627,14.374620329594796,15.0,3.0,3.5,0.8,1.6068658935953555,5.78471721694328
3,15,5304,5304,101.6985,-47.7898,82.3684,2.4422,2.6081,0.3818,5.2959,-1.6693,0.5992,5.2997,-0.3249,0.3722,-1.7341,trailer,157,109.6767,-48.0567,-1.3515,0.7844,1.561,0.072,152.5111,1.5626373891597498,5.6254946009751,-7.978200000000001,0.2668999999999997,1.7332999999999998,4.5115,4.833007463267567,7.9826631427112105,0,03_15_157_5258_ego_157,1,5258,5258,5261,vehicle_vehicle,0.09329548707913161,2.7549455967670835,2.784218002379627,14.374620329594796,15.0,3.0,3.5,0.8,1.6068658935953555,5.78471721694328
3,17,5304,5304,101.461,-41.8352,100.4504,2.6151,6.8077,-1.2108,5.3483,-0.8954,0.3469,5.4792,-0.2206,0.5036,-0.8177,truck,157,109.6767,-48.0567,-1.3515,0.7844,1.561,0.072,152.5111,1.5626373891597498,5.6254946009751,-8.215699999999998,6.221499999999999,0.14069999999999983,4.5639,4.566068297780927,10.305570762456584,0,03_15_157_5258_ego_157,0,5258,5258,5261,vehicle_vehicle,0.09329548707913161,2.7549455967670835,2.784218002379627,14.374620329594796,15.0,3.0,3.5,0.8,1.6068658935953555,5.78471721694328
3,152,5304,423,86.7774,-29.8485,155.7913,3.3232,17.0865,-5.7768,1.8979,-0.351,-1.5619,6.0471,-0.6379,-0.3204,-1.5685,truck,157,109.6767,-48.0567,-1.3515,0.7844,1.561,0.072,152.5111,1.5626373891597498,5.6254946009751,-22.899299999999997,18.208199999999998,-4.4253,1.1135,4.5632403333596185,29.256050446531564,0,03_15_157_5258_ego_157,0,5258,5258,5261,vehicle_vehicle,0.09329548707913161,2.7549455967670835,2.784218002379627,14.374620329594796,15.0,3.0,3.5,0.8,1.6068658935953555,5.78471721694328
3,157,5304,321,109.6767,-48.0567,152.5111,2.1042,5.1245,-1.3515,0.7844,-0.6424,0.5392,1.561,0.072,0.8188,0.1818,car,157,109.6767,-48.0567,-1.3515,0.7844,1.561,0.072,152.5111,1.5626373891597498,5.6254946009751,0.0,0.0,0.0,0.0,0.0,0.0,1,03_15_157_5258_ego_157,1,5258,5258,5261,vehicle_vehicle,0.09329548707913161,2.7549455967670835,2.784218002379627,14.374620329594796,15.0,3.0,3.5,0.8,1.6068658935953555,5.78471721694328
3,15,5305,5305,101.712,-47.5782,82.9723,2.4422,2.6081,0.3119,5.3204,-1.6825,0.5957,5.3186,-0.3414,0.3854,-1.7427,trailer,157,109.6237,-48.026,-1.3776,0.8041,1.5933,0.0748,152.4159,1.5951045639706507,5.7423764302943425,-7.911699999999996,0.44780000000000086,1.6895,4.5163,4.8219680567170915,7.924362544078857,0,03_15_157_5258_ego_157,1,5258,5258,5261,vehicle_vehicle,0.09329548707913161,2.7549455967670835,2.784218002379627,14.374620329594796,15.0,3.0,3.5,0.8,1.6068658935953555,5.78471721694328
3,17,5305,5305,101.4124,-41.6211,100.8908,2.6151,6.8077,-1.2477,5.3615,-0.8638,0.3458,5.5006,-0.2123,0.5028,-0.7829,truck,157,109.6237,-48.026,-1.3776,0.8041,1.5933,0.0748,152.4159,1.5951045639706507,5.7423764302943425,-8.211299999999994,6.404900000000005,0.1298999999999999,4.5574,4.5592509000931285,10.413846153079081,0,03_15_157_5258_ego_157,0,5258,5258,5261,vehicle_vehicle,0.09329548707913161,2.7549455967670835,2.784218002379627,14.374620329594796,15.0,3.0,3.5,0.8,1.6068658935953555,5.78471721694328
3,152,5305,424,86.5459,-29.7773,156.4021,3.3232,17.0865,-5.7888,1.8373,-0.3668,-1.549,6.0402,-0.6337,-0.284,-1.5663,truck,157,109.6237,-48.026,-1.3776,0.8041,1.5933,0.0748,152.4159,1.5951045639706507,5.7423764302943425,-23.077799999999996,18.248700000000003,-4.4112,1.0332,4.530583591547561,29.42107925501714,0,03_15_157_5258_ego_157,0,5258,5258,5261,vehicle_vehicle,0.09329548707913161,2.7549455967670835,2.784218002379627,14.374620329594796,15.0,3.0,3.5,0.8,1.6068658935953555,5.78471721694328
3,157,5305,322,109.6237,-48.026,152.4159,2.1042,5.1245,-1.3776,0.8041,-0.6942,0.5868,1.5933,0.0748,0.8871,0.1987,car,157,109.6237,-48.026,-1.3776,0.8041,1.5933,0.0748,152.4159,1.5951045639706507,5.7423764302943425,0.0,0.0,0.0,0.0,0.0,0.0,1,03_15_157_5258_ego_157,1,5258,5258,5261,vehicle_vehicle,0.09329548707913161,2.7549455967670835,2.784218002379627,14.374620329594796,15.0,3.0,3.5,0.8,1.6068658935953555,5.78471721694328
3,15,5306,5306,101.7242,-47.365,83.5712,2.4422,2.6081,0.2411,5.3448,-1.6923,0.5916,5.3382,-0.3589,0.3984,-1.7479,trailer,157,109.57,-47.9937,-1.4065,0.8258,1.6292,0.0779,152.32,1.63100824338812,5.871629676197232,-7.845799999999997,0.6286999999999949,1.6476000000000002,4.519,4.809984070659694,7.870949201335246,0,03_15_157_5258_ego_157,1,5258,5258,5261,vehicle_vehicle,0.09329548707913161,2.7549455967670835,2.784218002379627,14.374620329594796,15.0,3.0,3.5,0.8,1.6068658935953555,5.78471721694328
3,17,5306,5306,101.3624,-41.4064,101.3181,2.6151,6.8077,-1.2836,5.3746,-0.8308,0.3455,5.522,-0.2039,0.5018,-0.7469,truck,157,109.57,-47.9937,-1.4065,0.8258,1.6292,0.0779,152.32,1.63100824338812,5.871629676197232,-8.2076,6.587299999999999,0.12290000000000001,4.5488,4.550459960267753,10.524125571751792,0,03_15_157_5258_ego_157,0,5258,5258,5261,vehicle_vehicle,0.09329548707913161,2.7549455967670835,2.784218002379627,14.374620329594796,15.0,3.0,3.5,0.8,1.6068658935953555,5.78471721694328
3,152,5306,425,86.3127,-29.7098,157.0159,3.3232,17.0865,-5.8009,1.7791,-0.3849,-1.539,6.0351,-0.6272,-0.2466,-1.5671,truck,157,109.57,-47.9937,-1.4065,0.8258,1.6292,0.0779,152.32,1.63100824338812,5.871629676197232,-23.257299999999987,18.283899999999996,-4.3944,0.9532999999999999,4.496613420119635,29.583830085031234,0,03_15_157_5258_ego_157,0,5258,5258,5261,vehicle_vehicle,0.09329548707913161,2.7549455967670835,2.784218002379627,14.374620329594796,15.0,3.0,3.5,0.8,1.6068658935953555,5.78471721694328
3,157,5306,323,109.57,-47.9937,152.32,2.1042,5.1245,-1.4065,0.8258,-0.7453,0.6363,1.6292,0.0779,0.9555,0.2172,car,157,109.57,-47.9937,-1.4065,0.8258,1.6292,0.0779,152.32,1.63100824338812,5.871629676197232,0.0,0.0,0.0,0.0,0.0,0.0,1,03_15_157_5258_ego_157,1,5258,5258,5261,vehicle_vehicle,0.09329548707913161,2.7549455967670835,2.784218002379627,14.374620329594796,15.0,3.0,3.5,0.8,1.6068658935953555,5.78471721694328
3,15,5307,5307,101.734,-47.1505,84.2019,2.4422,2.6081,0.1692,5.369,-1.6983,0.5869,5.3586,-0.374,0.4124,-1.7489,trailer,157,109.5152,-47.961,-1.4383,0.8499,1.6687,0.0812,152.208,1.6706396679116653,6.0143028044819955,-7.781199999999998,0.8104999999999976,1.6075,4.5191,4.796490494100869,7.823297494662975,0,03_15_157_5258_ego_157,1,5258,5258,5261,vehicle_vehicle,0.09329548707913161,2.7549455967670835,2.784218002379627,14.374620329594796,15.0,3.0,3.5,0.8,1.6068658935953555,5.78471721694328
3,17,5307,5307,101.3107,-41.1913,101.7317,2.6151,6.8077,-1.3183,5.3878,-0.7965,0.3458,5.5433,-0.1953,0.5005,-0.7095,truck,157,109.5152,-47.961,-1.4383,0.8499,1.6687,0.0812,152.208,1.6706396679116653,6.0143028044819955,-8.204499999999996,6.7697,0.11999999999999988,4.5379000000000005,4.5394863597107555,10.636853780136303,0,03_15_157_5258_ego_157,0,5258,5258,5261,vehicle_vehicle,0.09329548707913161,2.7549455967670835,2.784218002379627,14.374620329594796,15.0,3.0,3.5,0.8,1.6068658935953555,5.78471721694328
3,152,5307,426,86.0788,-29.6463,157.6342,3.3232,17.0865,-5.813,1.7239,-0.406,-1.534,6.0317,-0.6177,-0.2083,-1.5731,truck,157,109.5152,-47.961,-1.4383,0.8499,1.6687,0.0812,152.208,1.6706396679116653,6.0143028044819955,-23.436399999999992,18.3147,-4.3747,0.874,4.46115187927961,29.74379063014665,0,03_15_157_5258_ego_157,0,5258,5258,5261,vehicle_vehicle,0.09329548707913161,2.7549455967670835,2.784218002379627,14.374620329594796,15.0,3.0,3.5,0.8,1.6068658935953555,5.78471721694328
3,157,5307,324,109.5152,-47.961,152.208,2.1042,5.1245,-1.4383,0.8499,-0.7947,0.6873,1.6687,0.0812,1.0235,0.2374,car,157,109.5152,-47.961,-1.4383,0.8499,1.6687,0.0812,152.208,1.6706396679116653,6.0143028044819955,0.0,0.0,0.0,0.0,0.0,0.0,1,03_15_157_5258_ego_157,1,5258,5258,5261,vehicle_vehicle,0.09329548707913161,2.7549455967670835,2.784218002379627,14.374620329594796,15.0,3.0,3.5,0.8,1.6068658935953555,5.78471721694328
3,15,5308,5308,101.7399,-46.9351,84.7726,2.4422,2.6081,0.0969,5.3929,-1.7001,0.5819,5.3793,-0.3948,0.4246,-1.746,trailer,157,109.4577,-47.9272,-1.4724,0.8763,1.7113,0.0851,152.089,1.7134361528811046,6.168370150371977,-7.717799999999997,0.9921000000000006,1.5693,4.5166,4.781461915565155,7.781304469688868,0,03_15_157_5258_ego_157,1,5258,5258,5261,vehicle_vehicle,0.09329548707913161,2.7549455967670835,2.784218002379627,14.374620329594796,15.0,3.0,3.5,0.8,1.6068658935953555,5.78471721694328
3,17,5308,5308,101.2565,-40.9752,102.1223,2.6151,6.8077,-1.3513,5.4009,-0.7608,0.3467,5.5642,-0.187,0.4988,-0.671,truck,157,109.4577,-47.9272,-1.4724,0.8763,1.7113,0.0851,152.089,1.7134361528811046,6.168370150371977,-8.2012,6.951999999999998,0.12109999999999999,4.5246,4.526220318323005,10.751278316553803,0,03_15_157_5258_ego_157,0,5258,5258,5261,vehicle_vehicle,0.09329548707913161,2.7549455967670835,2.784218002379627,14.374620329594796,15.0,3.0,3.5,0.8,1.6068658935953555,5.78471721694328
3,152,5308,427,85.8455,-29.5819,158.2544,3.3232,17.0865,-5.8259,1.6702,-0.4303,-1.536,6.0301,-0.607,-0.1694,-1.5861,truck,157,109.4577,-47.9272,-1.4724,0.8763,1.7113,0.0851,152.089,1.7134361528811046,6.168370150371977,-23.6122,18.345299999999998,-4.3535,0.7938999999999999,4.425295409348397,29.901271225986363,0,03_15_157_5258_ego_157,0,5258,5258,5261,vehicle_vehicle,0.09329548707913161,2.7549455967670835,2.784218002379627,14.374620329594796,15.0,3.0,3.5,0.8,1.6068658935953555,5.78471721694328
3,157,5308,325,109.4577,-47.9272,152.089,2.1042,5.1245,-1.4724,0.8763,-0.842,0.7395,1.7113,0.0851,1.0903,0.2593,car,157,109.4577,-47.9272,-1.4724,0.8763,1.7113,0.0851,152.089,1.7134361528811046,6.168370150371977,0.0,0.0,0.0,0.0,0.0,0.0,1,03_15_157_5258_ego_157,1,5258,5258,5261,vehicle_vehicle,0.09329548707913161,2.7549455967670835,2.784218002379627,14.374620329594796,15.0,3.0,3.5,0.8,1.6068658935953555,5.78471721694328
3,15,5309,5309,101.7426,-46.7185,85.3478,2.4422,2.6081,0.0245,5.4164,-1.6975,0.5765,5.4005,-0.4149,0.4369,-1.7386,trailer,157,109.3986,-47.8925,-1.5085,0.9051,1.7569,0.0899,151.9631,1.7591981866748272,6.333113472029378,-7.656000000000006,1.1739999999999995,1.533,4.5113,4.764652840449134,7.745489784384206,0,03_15_157_5258_ego_157,1,5258,5258,5261,vehicle_vehicle,0.09329548707913161,2.7549455967670835,2.784218002379627,14.374620329594796,15.0,3.0,3.5,0.8,1.6068658935953555,5.78471721694328
3,17,5309,5309,101.2017,-40.7586,102.4956,2.6151,6.8077,-1.3829,5.4139,-0.724,0.3485,5.5848,-0.1787,0.4969,-0.6315,truck,157,109.3986,-47.8925,-1.5085,0.9051,1.7569,0.0899,151.9631,1.7591981866748272,6.333113472029378,-8.1969,7.133899999999997,0.12559999999999993,4.5088,4.5105490574873475,10.866540333519218,0,03_15_157_5258_ego_157,0,5258,5258,5261,vehicle_vehicle,0.09329548707913161,2.7549455967670835,2.784218002379627,14.374620329594796,15.0,3.0,3.5,0.8,1.6068658935953555,5.78471721694328
3,152,5309,428,85.6138,-29.5164,158.8749,3.3232,17.0865,-5.8404,1.6165,-0.4578,-1.5457,6.0305,-0.597,-0.1301,-1.6068,truck,157,109.3986,-47.8925,-1.5085,0.9051,1.7569,0.0899,151.9631,1.7591981866748272,6.333113472029378,-23.784800000000004,18.376099999999997,-4.3319,0.7114,4.3899256907150495,30.056576023392953,0,03_15_157_5258_ego_157,0,5258,5258,5261,vehicle_vehicle,0.09329548707913161,2.7549455967670835,2.784218002379627,14.374620329594796,15.0,3.0,3.5,0.8,1.6068658935953555,5.78471721694328
3,157,5309,326,109.3986,-47.8925,151.9631,2.1042,5.1245,-1.5085,0.9051,-0.887,0.7927,1.7569,0.0899,1.1555,0.2827,car,157,109.3986,-47.8925,-1.5085,0.9051,1.7569,0.0899,151.9631,1.7591981866748272,6.333113472029378,0.0,0.0,0.0,0.0,0.0,0.0,1,03_15_157_5258_ego_157,1,5258,5258,5261,vehicle_vehicle,0.09329548707913161,2.7549455967670835,2.784218002379627,14.374620329594796,15.0,3.0,3.5,0.8,1.6068658935953555,5.78471721694328
3,15,5310,5310,101.7429,-46.5005,85.9526,2.4422,2.6081,-0.0481,5.4393,-1.6903,0.571,5.4224,-0.4319,0.4503,-1.7264,trailer,157,109.3394,-47.8555,-1.5472,0.9361,1.8058,0.0947,151.8275,1.808344837136988,6.510041413693156,-7.596499999999992,1.3549999999999969,1.4990999999999999,4.5032000000000005,4.746168038533824,7.716400537167564,0,03_15_157_5258_ego_157,1,5258,5258,5261,vehicle_vehicle,0.09329548707913161,2.7549455967670835,2.784218002379627,14.374620329594796,15.0,3.0,3.5,0.8,1.6068658935953555,5.78471721694328
3,17,5310,5310,101.1455,-40.5413,102.858,2.6151,6.8077,-1.4128,5.4268,-0.6862,0.3513,5.6051,-0.1697,0.4952,-0.5908,truck,157,109.3394,-47.8555,-1.5472,0.9361,1.8058,0.0947,151.8275,1.808344837136988,6.510041413693156,-8.1939,7.3142,0.13439999999999985,4.4907,4.492710746308959,10.983511225924067,0,03_15_157_5258_ego_157,0,5258,5258,5261,vehicle_vehicle,0.09329548707913161,2.7549455967670835,2.784218002379627,14.374620329594796,15.0,3.0,3.5,0.8,1.6068658935953555,5.78471721694328
3,152,5310,429,85.3822,-29.4511,159.4958,3.3232,17.0865,-5.8569,1.5616,-0.4874,-1.5628,6.0329,-0.5888,-0.0909,-1.6345,truck,157,109.3394,-47.8555,-1.5472,0.9361,1.8058,0.0947,151.8275,1.808344837136988,6.510041413693156,-23.9572,18.4044,-4.3097,0.6255000000000001,4.354855260510963,30.21041825595932,0,03_15_157_5258_ego_157,0,5258,5258,5261,vehicle_vehicle,0.09329548707913161,2.7549455967670835,2.784218002379627,14.374620329594796,15.0,3.0,3.5,0.8,1.6068658935953555,5.78471721694328
3,157,5310,327,109.3394,-47.8555,151.8275,2.1042,5.1245,-1.5472,0.9361,-0.9291,0.8466,1.8058,0.0947,1.2188,0.3076,car,157,109.3394,-47.8555,-1.5472,0.9361,1.8058,0.0947,151.8275,1.808344837136988,6.510041413693156,0.0,0.0,0.0,0.0,0.0,0.0,1,03_15_157_5258_ego_157,1,5258,5258,5261,vehicle_vehicle,0.09329548707913161,2.7549455967670835,2.784218002379627,14.374620329594796,15.0,3.0,3.5,0.8,1.6068658935953555,5.78471721694328
3,15,5311,5311,101.7397,-46.2826,86.4908,2.4422,2.6081,-0.1204,5.4621,-1.6785,0.5657,5.4445,-0.4545,0.4619,-1.7099,trailer,157,109.2777,-47.8172,-1.5879,0.9691,1.8576,0.0998,151.6804,1.8602637501171708,6.696949500421815,-7.537999999999997,1.5345999999999975,1.4675,4.493,4.726584945814473,7.692622515111472,0,03_15_157_5258_ego_157,1,5258,5258,5261,vehicle_vehicle,0.09329548707913161,2.7549455967670835,2.784218002379627,14.374620329594796,15.0,3.0,3.5,0.8,1.6068658935953555,5.78471721694328
3,17,5311,5311,101.0876,-40.3238,103.1977,2.6151,6.8077,-1.4409,5.4397,-0.6476,0.3551,5.625,-0.1609,0.4936,-0.5494,truck,157,109.2777,-47.8172,-1.5879,0.9691,1.8576,0.0998,151.6804,1.8602637501171708,6.696949500421815,-8.190100000000001,7.493400000000001,0.14700000000000002,4.4706,4.473016136791818,11.100845984428396,0,03_15_157_5258_ego_157,0,5258,5258,5261,vehicle_vehicle,0.09329548707913161,2.7549455967670835,2.784218002379627,14.374620329594796,15.0,3.0,3.5,0.8,1.6068658935953555,5.78471721694328
3,152,5311,430,85.1492,-29.386,160.1208,3.3232,17.0865,-5.8753,1.5045,-0.5186,-1.586,6.0368,-0.5829,-0.0516,-1.6678,truck,157,109.2777,-47.8172,-1.5879,0.9691,1.8576,0.0998,151.6804,1.8602637501171708,6.696949500421815,-24.128500000000003,18.4312,-4.2874,0.5354,4.320700396926406,30.36270155453892,0,03_15_157_5258_ego_157,0,5258,5258,5261,vehicle_vehicle,0.09329548707913161,2.7549455967670835,2.784218002379627,14.374620329594796,15.0,3.0,3.5,0.8,1.6068658935953555,5.78471721694328
3,157,5311,328,109.2777,-47.8172,151.6804,2.1042,5.1245,-1.5879,0.9691,-0.9679,0.9013,1.8576,0.0998,1.2796,0.3342,car,157,109.2777,-47.8172,-1.5879,0.9691,1.8576,0.0998,151.6804,1.8602637501171708,6.696949500421815,0.0,0.0,0.0,0.0,0.0,0.0,1,03_15_157_5258_ego_157,1,5258,5258,5261,vehicle_vehicle,0.09329548707913161,2.7549455967670835,2.784218002379627,14.374620329594796,15.0,3.0,3.5,0.8,1.6068658935953555,5.78471721694328
3,15,5312,5312,101.7331,-46.0634,87.0804,2.4422,2.6081,-0.1921,5.4846,-1.662,0.5604,5.4677,-0.4712,0.475,-1.6884,trailer,157,109.2139,-47.7778,-1.6304,1.0043,1.912,0.1053,151.5206,1.9148949448990669,6.893621801636641,-7.480800000000002,1.7143999999999977,1.4383000000000001,4.480300000000001,4.705506878116322,7.6747336110121775,0,03_15_157_5258_ego_157,1,5258,5258,5261,vehicle_vehicle,0.09329548707913161,2.7549455967670835,2.784218002379627,14.374620329594796,15.0,3.0,3.5,0.8,1.6068658935953555,5.78471721694328
3,17,5312,5312,101.0279,-40.106,103.5205,2.6151,6.8077,-1.4668,5.4528,-0.6087,0.36,5.6446,-0.1513,0.4924,-0.5076,truck,157,109.2139,-47.7778,-1.6304,1.0043,1.912,0.1053,151.5206,1.9148949448990669,6.893621801636641,-8.185999999999993,7.6717999999999975,0.16359999999999997,4.4485,4.451507296410958,11.219051262918796,0,03_15_157_5258_ego_157,0,5258,5258,5261,vehicle_vehicle,0.09329548707913161,2.7549455967670835,2.784218002379627,14.374620329594796,15.0,3.0,3.5,0.8,1.6068658935953555,5.78471721694328
3,152,5312,431,84.9151,-29.3226,160.7497,3.3232,17.0865,-5.8954,1.4447,-0.5505,-1.6138,6.0421,-0.5797,-0.0123,-1.7051,truck,157,109.2139,-47.7778,-1.6304,1.0043,1.912,0.1053,151.5206,1.9148949448990669,6.893621801636641,-24.2988,18.455199999999998,-4.265000000000001,0.4404000000000001,4.287677361929184,30.512720109488765,0,03_15_157_5258_ego_157,0,5258,5258,5261,vehicle_vehicle,0.09329548707913161,2.7549455967670835,2.784218002379627,14.374620329594796,15.0,3.0,3.5,0.8,1.6068658935953555,5.78471721694328
3,157,5312,329,109.2139,-47.7778,151.5206,2.1042,5.1245,-1.6304,1.0043,-1.0031,0.9568,1.912,0.1053,1.3379,0.3628,car,157,109.2139,-47.7778,-1.6304,1.0043,1.912,0.1053,151.5206,1.9148949448990669,6.893621801636641,0.0,0.0,0.0,0.0,0.0,0.0,1,03_15_157_5258_ego_157,1,5258,5258,5261,vehicle_vehicle,0.09329548707913161,2.7549455967670835,2.784218002379627,14.374620329594796,15.0,3.0,3.5,0.8,1.6068658935953555,5.78471721694328
3,15,5313,5313,101.7237,-45.8435,87.678,2.4422,2.6081,-0.2629,5.5068,-1.641,0.5553,5.4916,-0.4858,0.4884,-1.6622,trailer,157,109.1485,-47.7369,-1.6745,1.0418,1.9689,0.1115,151.3542,1.9721301909356797,7.099668687368447,-7.424800000000005,1.8933999999999997,1.4116,4.465,4.682823887356858,7.662415976700826,0,03_15_157_5258_ego_157,1,5258,5258,5261,vehicle_vehicle,0.09329548707913161,2.7549455967670835,2.784218002379627,14.374620329594796,15.0,3.0,3.5,0.8,1.6068658935953555,5.78471721694328
3,17,5313,5313,100.9677,-39.8881,103.8183,2.6151,6.8077,-1.4908,5.4663,-0.5699,0.366,5.6642,-0.142,0.4915,-0.466,truck,157,109.1485,-47.7369,-1.6745,1.0418,1.9689,0.1115,151.3542,1.9721301909356797,7.099668687368447,-8.180800000000005,7.848799999999997,0.1837000000000002,4.4245,4.428311861194963,11.337069730754946,0,03_15_157_5258_ego_157,0,5258,5258,5261,vehicle_vehicle,0.09329548707913161,2.7549455967670835,2.784218002379627,14.374620329594796,15.0,3.0,3.5,0.8,1.6068658935953555,5.78471721694328
3,152,5313,432,84.6809,-29.262,161.381,3.3232,17.0865,-5.9177,1.3822,-0.5827,-1.6443,6.0493,-0.5795,0.0272,-1.7443,truck,157,109.1485,-47.7369,-1.6745,1.0418,1.9689,0.1115,151.3542,1.9721301909356797,7.099668687368447,-24.467600000000004,18.474899999999998,-4.2432,0.34040000000000004,4.256831967555215,30.659181002923088,0,03_15_157_5258_ego_157,0,5258,5258,5261,vehicle_vehicle,0.09329548707913161,2.7549455967670835,2.784218002379627,14.374620329594796,15.0,3.0,3.5,0.8,1.6068658935953555,5.78471721694328
3,157,5313,330,109.1485,-47.7369,151.3542,2.1042,5.1245,-1.6745,1.0418,-1.0343,1.0132,1.9689,0.1115,1.3934,0.3933,car,157,109.1485,-47.7369,-1.6745,1.0418,1.9689,0.1115,151.3542,1.9721301909356797,7.099668687368447,0.0,0.0,0.0,0.0,0.0,0.0,1,03_15_157_5258_ego_157,1,5258,5258,5261,vehicle_vehicle,0.09329548707913161,2.7549455967670835,2.784218002379627,14.374620329594796,15.0,3.0,3.5,0.8,1.6068658935953555,5.78471721694328
3,15,5314,5314,101.7109,-45.6228,88.3207,2.4422,2.6081,-0.3325,5.5288,-1.6159,0.5504,5.5167,-0.4944,0.5029,-1.6313,trailer,157,109.0811,-47.6949,-1.72,1.0817,2.0284,0.1186,151.1797,2.03186487985791,7.314713567488477,-7.370200000000011,2.072099999999999,1.3875,4.447100000000001,4.658524944657913,7.655941904821389,0,03_15_157_5258_ego_157,1,5258,5258,5261,vehicle_vehicle,0.09329548707913161,2.7549455967670835,2.784218002379627,14.374620329594796,15.0,3.0,3.5,0.8,1.6068658935953555,5.78471721694328
3,17,5314,5314,100.9066,-39.6701,104.1,2.6151,6.8077,-1.5128,5.4804,-0.5317,0.3726,5.6839,-0.1321,0.4909,-0.4249,truck,157,109.0811,-47.6949,-1.72,1.0817,2.0284,0.1186,151.1797,2.03186487985791,7.314713567488477,-8.174500000000009,8.024799999999999,0.20720000000000005,4.3987,4.403577355968667,11.455123975322142,0,03_15_157_5258_ego_157,0,5258,5258,5261,vehicle_vehicle,0.09329548707913161,2.7549455967670835,2.784218002379627,14.374620329594796,15.0,3.0,3.5,0.8,1.6068658935953555,5.78471721694328
3,152,5314,433,84.4454,-29.205,162.016,3.3232,17.0865,-5.9419,1.3172,-0.6143,-1.6763,6.0583,-0.5817,0.0667,-1.7841,truck,157,109.0811,-47.6949,-1.72,1.0817,2.0284,0.1186,151.1797,2.03186487985791,7.314713567488477,-24.6357,18.4899,-4.221900000000001,0.23549999999999982,4.228463061207938,30.802501789627414,0,03_15_157_5258_ego_157,0,5258,5258,5261,vehicle_vehicle,0.09329548707913161,2.7549455967670835,2.784218002379627,14.374620329594796,15.0,3.0,3.5,0.8,1.6068658935953555,5.78471721694328
3,157,5314,331,109.0811,-47.6949,151.1797,2.1042,5.1245,-1.72,1.0817,-1.0615,1.0703,2.0284,0.1186,1.446,0.426,car,157,109.0811,-47.6949,-1.72,1.0817,2.0284,0.1186,151.1797,2.03186487985791,7.314713567488477,0.0,0.0,0.0,0.0,0.0,0.0,1,03_15_157_5258_ego_157,1,5258,5258,5261,vehicle_vehicle,0.09329548707913161,2.7549455967670835,2.784218002379627,14.374620329594796,15.0,3.0,3.5,0.8,1.6068658935953555,5.78471721694328
3,15,5315,5315,101.695,-45.401,88.9926,2.4422,2.6081,-0.4007,5.5506,-1.587,0.5458,5.5427,-0.4982,0.5178,-1.5964,trailer,157,109.0119,-47.6509,-1.7668,1.124,2.0902,0.1262,150.9917,2.0940291879532147,7.538505076631573,-7.316900000000004,2.2498999999999967,1.3660999999999999,4.4266000000000005,4.632603670723409,7.655003306335017,0,03_15_157_5258_ego_157,1,5258,5258,5261,vehicle_vehicle,0.09329548707913161,2.7549455967670835,2.784218002379627,14.374620329594796,15.0,3.0,3.5,0.8,1.6068658935953555,5.78471721694328
3,17,5315,5315,100.8458,-39.4512,104.3662,2.6151,6.8077,-1.5333,5.4951,-0.4943,0.3796,5.7037,-0.1219,0.4904,-0.3846,truck,157,109.0119,-47.6509,-1.7668,1.124,2.0902,0.1262,150.9917,2.0940291879532147,7.538505076631573,-8.1661,8.1997,0.23349999999999982,4.3711,4.377332230937013,11.572392548647837,0,03_15_157_5258_ego_157,0,5258,5258,5261,vehicle_vehicle,0.09329548707913161,2.7549455967670835,2.784218002379627,14.374620329594796,15.0,3.0,3.5,0.8,1.6068658935953555,5.78471721694328
3,152,5315,434,84.2097,-29.1515,162.6523,3.3232,17.0865,-5.9684,1.25,-0.6444,-1.7086,6.0696,-0.5864,0.1056,-1.823,truck,157,109.0119,-47.6509,-1.7668,1.124,2.0902,0.1262,150.9917,2.0940291879532147,7.538505076631573,-24.8022,18.4994,-4.2016,0.1259999999999999,4.203488855700702,30.94150812743296,0,03_15_157_5258_ego_157,0,5258,5258,5261,vehicle_vehicle,0.09329548707913161,2.7549455967670835,2.784218002379627,14.374620329594796,15.0,3.0,3.5,0.8,1.6068658935953555,5.78471721694328
3,157,5315,332,109.0119,-47.6509,150.9917,2.1042,5.1245,-1.7668,1.124,-1.0845,1.1279,2.0902,0.1262,1.4954,0.4605,car,157,109.0119,-47.6509,-1.7668,1.124,2.0902,0.1262,150.9917,2.0940291879532147,7.538505076631573,0.0,0.0,0.0,0.0,0.0,0.0,1,03_15_157_5258_ego_157,1,5258,5258,5261,vehicle_vehicle,0.09329548707913161,2.7549455967670835,2.784218002379627,14.374620329594796,15.0,3.0,3.5,0.8,1.6068658935953555,5.78471721694328
3,15,5316,5316,101.677,-45.1787,89.6622,2.4422,2.6081,-0.4673,5.5722,-1.5548,0.5413,5.5693,-0.5002,0.5322,-1.558,trailer,157,108.9412,-47.6055,-1.8149,1.1687,2.1544,0.1342,150.7852,2.158638853537108,7.771099872733589,-7.264199999999988,2.4268,1.3476,4.403499999999999,4.605088273855344,7.658848469580779,0,03_15_157_5258_ego_157,1,5258,5258,5261,vehicle_vehicle,0.09329548707913161,2.7549455967670835,2.784218002379627,14.374620329594796,15.0,3.0,3.5,0.8,1.6068658935953555,5.78471721694328
3,17,5316,5316,100.7842,-39.2313,104.6213,2.6151,6.8077,-1.5524,5.5101,-0.4576,0.3869,5.7235,-0.1112,0.4899,-0.3451,truck,157,108.9412,-47.6055,-1.8149,1.1687,2.1544,0.1342,150.7852,2.158638853537108,7.771099872733589,-8.156999999999996,8.374200000000002,0.26249999999999996,4.3414,4.34932870797322,11.690332529060068,0,03_15_157_5258_ego_157,0,5258,5258,5261,vehicle_vehicle,0.09329548707913161,2.7549455967670835,2.784218002379627,14.374620329594796,15.0,3.0,3.5,0.8,1.6068658935953555,5.78471721694328
3,152,5316,435,83.9724,-29.101,163.2893,3.3232,17.0865,-5.9969,1.1809,-0.6723,-1.7404,6.0832,-0.5933,0.1434,-1.8602,truck,157,108.9412,-47.6055,-1.8149,1.1687,2.1544,0.1342,150.7852,2.158638853537108,7.771099872733589,-24.9688,18.5045,-4.182,0.012199999999999989,4.182017795275387,31.078247918600564,0,03_15_157_5258_ego_157,0,5258,5258,5261,vehicle_vehicle,0.09329548707913161,2.7549455967670835,2.784218002379627,14.374620329594796,15.0,3.0,3.5,0.8,1.6068658935953555,5.78471721694328
3,157,5316,333,108.9412,-47.6055,150.7852,2.1042,5.1245,-1.8149,1.1687,-1.1029,1.186,2.1544,0.1342,1.5415,0.4968,car,157,108.9412,-47.6055,-1.8149,1.1687,2.1544,0.1342,150.7852,2.158638853537108,7.771099872733589,0.0,0.0,0.0,0.0,0.0,0.0,1,03_15_157_5258_ego_157,1,5258,5258,5261,vehicle_vehicle,0.09329548707913161,2.7549455967670835,2.784218002379627,14.374620329594796,15.0,3.0,3.5,0.8,1.6068658935953555,5.78471721694328
3,15,5317,5317,101.656,-44.9549,90.3248,2.4422,2.6081,-0.5323,5.5935,-1.5197,0.5372,5.5964,-0.5006,0.5458,-1.5166,trailer,157,108.8684,-47.5583,-1.8639,1.216,2.2209,0.1433,150.5722,2.2254840394844444,8.011742542144,-7.212399999999988,2.6034000000000006,1.3316,4.3774999999999995,4.575550765754872,7.667881410141907,0,03_15_157_5258_ego_157,1,5258,5258,5261,vehicle_vehicle,0.09329548707913161,2.7549455967670835,2.784218002379627,14.374620329594796,15.0,3.0,3.5,0.8,1.6068658935953555,5.78471721694328
3,17,5317,5317,100.7222,-39.0104,104.8635,2.6151,6.8077,-1.5702,5.5253,-0.4215,0.3943,5.7432,-0.1003,0.4893,-0.3063,truck,157,108.8684,-47.5583,-1.8639,1.216,2.2209,0.1433,150.5722,2.2254840394844444,8.011742542144,-8.146199999999993,8.547900000000006,0.29369999999999985,4.3092999999999995,4.319296954366531,11.807928220056217,0,03_15_157_5258_ego_157,0,5258,5258,5261,vehicle_vehicle,0.09329548707913161,2.7549455967670835,2.784218002379627,14.374620329594796,15.0,3.0,3.5,0.8,1.6068658935953555,5.78471721694328
3,152,5317,436,83.733,-29.0534,163.9278,3.3232,17.0865,-6.0268,1.1097,-0.6972,-1.7711,6.0985,-0.6022,0.1797,-1.8949,truck,157,108.8684,-47.5583,-1.8639,1.216,2.2209,0.1433,150.5722,2.2254840394844444,8.011742542144,-25.13539999999999,18.504900000000003,-4.1629,-0.10630000000000006,4.164256968535923,31.21249200512512,0,03_15_157_5258_ego_157,0,5258,5258,5261,vehicle_vehicle,0.09329548707913161,2.7549455967670835,2.784218002379627,14.374620329594796,15.0,3.0,3.5,0.8,1.6068658935953555,5.78471721694328
3,157,5317,334,108.8684,-47.5583,150.5722,2.1042,5.1245,-1.8639,1.216,-1.1165,1.2444,2.2209,0.1433,1.5838,0.5353,car,157,108.8684,-47.5583,-1.8639,1.216,2.2209,0.1433,150.5722,2.2254840394844444,8.011742542144,0.0,0.0,0.0,0.0,0.0,0.0,1,03_15_157_5258_ego_157,1,5258,5258,5261,vehicle_vehicle,0.09329548707913161,2.7549455967670835,2.784218002379627,14.374620329594796,15.0,3.0,3.5,0.8,1.6068658935953555,5.78471721694328
3,15,5318,5318,101.6315,-44.7309,90.9436,2.4422,2.6081,-0.5951,5.6146,-1.4821,0.5334,5.6237,-0.5025,0.5578,-1.4731,trailer,157,108.7925,-47.5093,-1.9134,1.2658,2.2891,0.1531,150.3383,2.2941990323422248,8.259116516432009,-7.161000000000001,2.778400000000005,1.3183,4.348800000000001,4.544224502596676,7.681108485108126,0,03_15_157_5258_ego_157,1,5258,5258,5261,vehicle_vehicle,0.09329548707913161,2.7549455967670835,2.784218002379627,14.374620329594796,15.0,3.0,3.5,0.8,1.6068658935953555,5.78471721694328
3,17,5318,5318,100.6597,-38.7885,105.0924,2.6151,6.8077,-1.5868,5.5406,-0.3858,0.4021,5.7626,-0.0894,0.4887,-0.2678,truck,157,108.7925,-47.5093,-1.9134,1.2658,2.2891,0.1531,150.3383,2.2941990323422248,8.259116516432009,-8.132800000000003,8.720800000000004,0.3266,4.274800000000001,4.287258168106979,11.924545629918153,0,03_15_157_5258_ego_157,0,5258,5258,5261,vehicle_vehicle,0.09329548707913161,2.7549455967670835,2.784218002379627,14.374620329594796,15.0,3.0,3.5,0.8,1.6068658935953555,5.78471721694328
3,152,5318,437,83.4923,-29.0088,164.5681,3.3232,17.0865,-6.0582,1.0367,-0.719,-1.7999,6.1156,-0.6127,0.2141,-1.9263,truck,157,108.7925,-47.5093,-1.9134,1.2658,2.2891,0.1531,150.3383,2.2941990323422248,8.259116516432009,-25.300200000000004,18.500500000000002,-4.1448,-0.22910000000000008,4.151126816901647,31.342760253206805,0,03_15_157_5258_ego_157,0,5258,5258,5261,vehicle_vehicle,0.09329548707913161,2.7549455967670835,2.784218002379627,14.374620329594796,15.0,3.0,3.5,0.8,1.6068658935953555,5.78471721694328
3,157,5318,335,108.7925,-47.5093,150.3383,2.1042,5.1245,-1.9134,1.2658,-1.1252,1.3028,2.2891,0.1531,1.6225,0.5753,car,157,108.7925,-47.5093,-1.9134,1.2658,2.2891,0.1531,150.3383,2.2941990323422248,8.259116516432009,0.0,0.0,0.0,0.0,0.0,0.0,1,03_15_157_5258_ego_157,1,5258,5258,5261,vehicle_vehicle,0.09329548707913161,2.7549455967670835,2.784218002379627,14.374620329594796,15.0,3.0,3.5,0.8,1.6068658935953555,5.78471721694328
3,15,5319,5319,101.6051,-44.5063,91.5756,2.4422,2.6081,-0.6557,5.6358,-1.4429,0.5299,5.6517,-0.5005,0.5694,-1.4278,trailer,157,108.7151,-47.4582,-1.9631,1.3182,2.359,0.1639,150.0949,2.3646168505700875,8.512620662052315,-7.110000000000014,2.951899999999995,1.3074000000000001,4.3176,4.511204331439665,7.698429294992594,0,03_15_157_5258_ego_157,1,5258,5258,5261,vehicle_vehicle,0.09329548707913161,2.7549455967670835,2.784218002379627,14.374620329594796,15.0,3.0,3.5,0.8,1.6068658935953555,5.78471721694328
3,17,5319,5319,100.5971,-38.5663,105.3024,2.6151,6.8077,-1.6024,5.5561,-0.3501,0.4105,5.782,-0.0793,0.4883,-0.2294,truck,157,108.7151,-47.4582,-1.9631,1.3182,2.359,0.1639,150.0949,2.3646168505700875,8.512620662052315,-8.11800000000001,8.8919,0.3607,4.2379,4.253222413652971,12.04025787140791,0,03_15_157_5258_ego_157,0,5258,5258,5261,vehicle_vehicle,0.09329548707913161,2.7549455967670835,2.784218002379627,14.374620329594796,15.0,3.0,3.5,0.8,1.6068658935953555,5.78471721694328
3,152,5319,438,83.2504,-28.9678,165.2084,3.3232,17.0865,-6.0908,0.9621,-0.737,-1.8263,6.1346,-0.6248,0.2463,-1.9539,truck,157,108.7151,-47.4582,-1.9631,1.3182,2.359,0.1639,150.0949,2.3646168505700875,8.512620662052315,-25.464700000000008,18.490399999999998,-4.1277,-0.3561000000000001,4.143032041874646,31.46976069578541,0,03_15_157_5258_ego_157,0,5258,5258,5261,vehicle_vehicle,0.09329548707913161,2.7549455967670835,2.784218002379627,14.374620329594796,15.0,3.0,3.5,0.8,1.6068658935953555,5.78471721694328
3,157,5319,336,108.7151,-47.4582,150.0949,2.1042,5.1245,-1.9631,1.3182,-1.1292,1.3611,2.359,0.1639,1.6575,0.6169,car,157,108.7151,-47.4582,-1.9631,1.3182,2.359,0.1639,150.0949,2.3646168505700875,8.512620662052315,0.0,0.0,0.0,0.0,0.0,0.0,1,03_15_157_5258_ego_157,1,5258,5258,5261,vehicle_vehicle,0.09329548707913161,2.7549455967670835,2.784218002379627,14.374620329594796,15.0,3.0,3.5,0.8,1.6068658935953555,5.78471721694328
3,15,5320,5320,101.5761,-44.2813,92.1028,2.4422,2.6081,-0.7142,5.6571,-1.4025,0.5264,5.6795,-0.5062,0.5775,-1.3823,trailer,157,108.6349,-47.4052,-2.0128,1.3733,2.4303,0.1763,149.8434,2.4366609797015255,8.771979526925492,-7.058800000000005,3.123899999999999,1.2986,4.283799999999999,4.4763047706786,7.719158545463363,0,03_15_157_5258_ego_157,1,5258,5258,5261,vehicle_vehicle,0.09329548707913161,2.7549455967670835,2.784218002379627,14.374620329594796,15.0,3.0,3.5,0.8,1.6068658935953555,5.78471721694328
3,17,5320,5320,100.5339,-38.3441,105.4903,2.6151,6.8077,-1.6171,5.5721,-0.314,0.4194,5.8016,-0.0702,0.488,-0.1906,truck,157,108.6349,-47.4052,-2.0128,1.3733,2.4303,0.1763,149.8434,2.4366609797015255,8.771979526925492,-8.100999999999999,9.061100000000003,0.39569999999999994,4.1988,4.217404406741189,12.154412129346284,0,03_15_157_5258_ego_157,0,5258,5258,5261,vehicle_vehicle,0.09329548707913161,2.7549455967670835,2.784218002379627,14.374620329594796,15.0,3.0,3.5,0.8,1.6068658935953555,5.78471721694328
3,152,5320,439,83.0067,-28.9302,165.8499,3.3232,17.0865,-6.1244,0.8862,-0.7511,-1.85,6.1552,-0.6378,0.276,-1.9775,truck,157,108.6349,-47.4052,-2.0128,1.3733,2.4303,0.1763,149.8434,2.4366609797015255,8.771979526925492,-25.628200000000007,18.475,-4.111599999999999,-0.4871,4.140352759125723,31.593199588519052,0,03_15_157_5258_ego_157,0,5258,5258,5261,vehicle_vehicle,0.09329548707913161,2.7549455967670835,2.784218002379627,14.374620329594796,15.0,3.0,3.5,0.8,1.6068658935953555,5.78471721694328
3,157,5320,337,108.6349,-47.4052,149.8434,2.1042,5.1245,-2.0128,1.3733,-1.1286,1.4189,2.4303,0.1763,1.6886,0.6599,car,157,108.6349,-47.4052,-2.0128,1.3733,2.4303,0.1763,149.8434,2.4366609797015255,8.771979526925492,0.0,0.0,0.0,0.0,0.0,0.0,1,03_15_157_5258_ego_157,1,5258,5258,5261,vehicle_vehicle,0.09329548707913161,2.7549455967670835,2.784218002379627,14.374620329594796,15.0,3.0,3.5,0.8,1.6068658935953555,5.78471721694328
3,15,5321,5321,101.545,-44.0554,92.5688,2.4422,2.6081,-0.7705,5.6787,-1.3617,0.5226,5.7075,-0.5152,0.5831,-1.337,trailer,157,108.5526,-47.35,-2.0621,1.431,2.5028,0.1897,149.5746,2.5099835477548456,9.035940771917444,-7.0075999999999965,3.2946000000000026,1.2916,4.2477,4.439728127937566,7.743438959532125,0,03_15_157_5258_ego_157,1,5258,5258,5261,vehicle_vehicle,0.09329548707913161,2.7549455967670835,2.784218002379627,14.374620329594796,15.0,3.0,3.5,0.8,1.6068658935953555,5.78471721694328
3,17,5321,5321,100.4695,-38.1206,105.6735,2.6151,6.8077,-1.6306,5.5883,-0.277,0.4287,5.821,-0.0602,0.4876,-0.1509,truck,157,108.5526,-47.35,-2.0621,1.431,2.5028,0.1897,149.5746,2.5099835477548456,9.035940771917444,-8.083100000000002,9.229399999999998,0.4315,4.1573,4.179633421724925,12.268591197443984,0,03_15_157_5258_ego_157,0,5258,5258,5261,vehicle_vehicle,0.09329548707913161,2.7549455967670835,2.784218002379627,14.374620329594796,15.0,3.0,3.5,0.8,1.6068658935953555,5.78471721694328
3,152,5321,440,82.7611,-28.8964,166.4895,3.3232,17.0865,-6.1585,0.8095,-0.7611,-1.8709,6.1772,-0.6517,0.3029,-1.9969,truck,157,108.5526,-47.35,-2.0621,1.431,2.5028,0.1897,149.5746,2.5099835477548456,9.035940771917444,-25.7915,18.4536,-4.0964,-0.6215,4.1432783167438805,31.713354051724014,0,03_15_157_5258_ego_157,0,5258,5258,5261,vehicle_vehicle,0.09329548707913161,2.7549455967670835,2.784218002379627,14.374620329594796,15.0,3.0,3.5,0.8,1.6068658935953555,5.78471721694328
3,157,5321,338,108.5526,-47.35,149.5746,2.1042,5.1245,-2.0621,1.431,-1.1236,1.4759,2.5028,0.1897,1.7163,0.7036,car,157,108.5526,-47.35,-2.0621,1.431,2.5028,0.1897,149.5746,2.5099835477548456,9.035940771917444,0.0,0.0,0.0,0.0,0.0,0.0,1,03_15_157_5258_ego_157,1,5258,5258,5261,vehicle_vehicle,0.09329548707913161,2.7549455967670835,2.784218002379627,14.374620329594796,15.0,3.0,3.5,0.8,1.6068658935953555,5.78471721694328
3,15,5322,5322,101.512,-43.8283,93.0172,2.4422,2.6081,-0.8248,5.7003,-1.3209,0.5181,5.7358,-0.5236,0.5869,-1.2918,trailer,157,108.4689,-47.2931,-2.111,1.4916,2.5767,0.2045,149.293,2.5848001005880517,9.305280362116987,-6.9569000000000045,3.464800000000004,1.2862000000000002,4.2087,4.400848342081331,7.771955780239623,0,03_15_157_5258_ego_157,1,5258,5258,5261,vehicle_vehicle,0.09329548707913161,2.7549455967670835,2.784218002379627,14.374620329594796,15.0,3.0,3.5,0.8,1.6068658935953555,5.78471721694328
3,17,5322,5322,100.4046,-37.8969,105.8509,2.6151,6.8077,-1.6428,5.605,-0.2391,0.4386,5.8406,-0.0494,0.4872,-0.1102,truck,157,108.4689,-47.2931,-2.111,1.4916,2.5767,0.2045,149.293,2.5848001005880517,9.305280362116987,-8.064300000000003,9.3962,0.46820000000000017,4.1134,4.1399602413549825,12.382306284775872,0,03_15_157_5258_ego_157,0,5258,5258,5261,vehicle_vehicle,0.09329548707913161,2.7549455967670835,2.784218002379627,14.374620329594796,15.0,3.0,3.5,0.8,1.6068658935953555,5.78471721694328
3,152,5322,441,82.5139,-28.8659,167.1283,3.3232,17.0865,-6.1929,0.7321,-0.767,-1.8892,6.2003,-0.6659,0.3269,-2.0126,truck,157,108.4689,-47.2931,-2.111,1.4916,2.5767,0.2045,149.293,2.5848001005880517,9.305280362116987,-25.955,18.427200000000003,-4.081899999999999,-0.7595000000000001,4.151957112013561,31.831175360642906,0,03_15_157_5258_ego_157,0,5258,5258,5261,vehicle_vehicle,0.09329548707913161,2.7549455967670835,2.784218002379627,14.374620329594796,15.0,3.0,3.5,0.8,1.6068658935953555,5.78471721694328
3,157,5322,339,108.4689,-47.2931,149.293,2.1042,5.1245,-2.111,1.4916,-1.1146,1.5316,2.5767,0.2045,1.7405,0.7477,car,157,108.4689,-47.2931,-2.111,1.4916,2.5767,0.2045,149.293,2.5848001005880517,9.305280362116987,0.0,0.0,0.0,0.0,0.0,0.0,1,03_15_157_5258_ego_157,1,5258,5258,5261,vehicle_vehicle,0.09329548707913161,2.7549455967670835,2.784218002379627,14.374620329594796,15.0,3.0,3.5,0.8,1.6068658935953555,5.78471721694328
3,15,5323,5323,101.4787,-43.6006,93.4639,2.4422,2.6081,-0.8777,5.722,-1.2802,0.5129,5.7645,-0.5304,0.5893,-1.2469,trailer,157,108.3835,-47.2336,-2.1595,1.555,2.652,0.2202,148.9905,2.6611022622214273,9.579968143997139,-6.9047999999999945,3.6330000000000027,1.2818,4.167000000000001,4.359690383502022,7.80224019368796,0,03_15_157_5258_ego_157,1,5258,5258,5261,vehicle_vehicle,0.09329548707913161,2.7549455967670835,2.784218002379627,14.374620329594796,15.0,3.0,3.5,0.8,1.6068658935953555,5.78471721694328
3,17,5323,5323,100.3401,-37.6732,106.0146,2.6151,6.8077,-1.654,5.6224,-0.1997,0.4488,5.8605,-0.0387,0.4864,-0.0682,truck,157,108.3835,-47.2336,-2.1595,1.555,2.652,0.2202,148.9905,2.6611022622214273,9.579968143997139,-8.043399999999991,9.560400000000001,0.5055000000000001,4.0674,4.098691621725157,12.493899780292777,0,03_15_157_5258_ego_157,0,5258,5258,5261,vehicle_vehicle,0.09329548707913161,2.7549455967670835,2.784218002379627,14.374620329594796,15.0,3.0,3.5,0.8,1.6068658935953555,5.78471721694328
3,152,5323,442,82.2658,-28.839,167.7659,3.3232,17.0865,-6.2276,0.6543,-0.769,-1.905,6.2248,-0.6803,0.3479,-2.0247,truck,157,108.3835,-47.2336,-2.1595,1.555,2.652,0.2202,148.9905,2.6611022622214273,9.579968143997139,-26.1177,18.394600000000004,-4.068099999999999,-0.9007,4.16661710503857,31.945196234332325,0,03_15_157_5258_ego_157,0,5258,5258,5261,vehicle_vehicle,0.09329548707913161,2.7549455967670835,2.784218002379627,14.374620329594796,15.0,3.0,3.5,0.8,1.6068658935953555,5.78471721694328
3,157,5323,340,108.3835,-47.2336,148.9905,2.1042,5.1245,-2.1595,1.555,-1.1017,1.5855,2.652,0.2202,1.761,0.7914,car,157,108.3835,-47.2336,-2.1595,1.555,2.652,0.2202,148.9905,2.6611022622214273,9.579968143997139,0.0,0.0,0.0,0.0,0.0,0.0,1,03_15_157_5258_ego_157,1,5258,5258,5261,vehicle_vehicle,0.09329548707913161,2.7549455967670835,2.784218002379627,14.374620329594796,15.0,3.0,3.5,0.8,1.6068658935953555,5.78471721694328
3,15,5324,5324,101.4436,-43.3713,93.9541,2.4422,2.6081,-0.9294,5.7434,-1.2392,0.5066,5.7939,-0.5311,0.5909,-1.2013,trailer,157,108.2957,-47.1719,-2.2074,1.6213,2.7285,0.2369,148.665,2.738837061601146,9.859813421764127,-6.852099999999993,3.800600000000003,1.2779999999999998,4.1221000000000005,4.3156682460541385,7.835549423620524,0,03_15_157_5258_ego_157,1,5258,5258,5261,vehicle_vehicle,0.09329548707913161,2.7549455967670835,2.784218002379627,14.374620329594796,15.0,3.0,3.5,0.8,1.6068658935953555,5.78471721694328
3,17,5324,5324,100.275,-37.4493,106.1633,2.6151,6.8077,-1.6642,5.6408,-0.1584,0.4588,5.8811,-0.0282,0.4848,-0.0244,truck,157,108.2957,-47.1719,-2.2074,1.6213,2.7285,0.2369,148.665,2.738837061601146,9.859813421764127,-8.02069999999999,9.7226,0.5431999999999999,4.0195,4.056038275213881,12.603990608136769,0,03_15_157_5258_ego_157,0,5258,5258,5261,vehicle_vehicle,0.09329548707913161,2.7549455967670835,2.784218002379627,14.374620329594796,15.0,3.0,3.5,0.8,1.6068658935953555,5.78471721694328
3,152,5324,443,82.0166,-28.815,168.4047,3.3232,17.0865,-6.2626,0.5761,-0.7669,-1.9188,6.2506,-0.6945,0.3655,-2.0338,truck,157,108.2957,-47.1719,-2.2074,1.6213,2.7285,0.2369,148.665,2.738837061601146,9.859813421764127,-26.2791,18.3569,-4.0552,-1.0452,4.18773089870875,32.05568396431435,0,03_15_157_5258_ego_157,0,5258,5258,5261,vehicle_vehicle,0.09329548707913161,2.7549455967670835,2.784218002379627,14.374620329594796,15.0,3.0,3.5,0.8,1.6068658935953555,5.78471721694328
3,157,5324,341,108.2957,-47.1719,148.665,2.1042,5.1245,-2.2074,1.6213,-1.0848,1.6369,2.7285,0.2369,1.7778,0.834,car,157,108.2957,-47.1719,-2.2074,1.6213,2.7285,0.2369,148.665,2.738837061601146,9.859813421764127,0.0,0.0,0.0,0.0,0.0,0.0,1,03_15_157_5258_ego_157,1,5258,5258,5261,vehicle_vehicle,0.09329548707913161,2.7549455967670835,2.784218002379627,14.374620329594796,15.0,3.0,3.5,0.8,1.6068658935953555,5.78471721694328
3,15,5325,5325,101.405,-43.14,94.4425,2.4422,2.6081,-0.9792,5.7642,-1.1978,0.4997,5.8227,-0.5298,0.591,-1.1555,trailer,157,108.204,-47.107,-2.2535,1.6901,2.8053,0.2552,148.3279,2.8168600000710007,10.140696000255602,-6.798999999999992,3.9669999999999987,1.2742999999999998,4.0741,4.268738841859501,7.871689145285139,0,03_15_157_5258_ego_157,1,5258,5258,5261,vehicle_vehicle,0.09329548707913161,2.7549455967670835,2.784218002379627,14.374620329594796,15.0,3.0,3.5,0.8,1.6068658935953555,5.78471721694328
3,17,5325,5325,100.2081,-37.2241,106.2901,2.6151,6.8077,-1.6726,5.6598,-0.115,0.4683,5.9018,-0.0179,0.4818,0.021,truck,157,108.204,-47.107,-2.2535,1.6901,2.8053,0.2552,148.3279,2.8168600000710007,10.140696000255602,-7.995899999999992,9.8829,0.5808999999999997,3.9696999999999996,4.011977430145887,12.712439939681126,0,03_15_157_5258_ego_157,0,5258,5258,5261,vehicle_vehicle,0.09329548707913161,2.7549455967670835,2.784218002379627,14.374620329594796,15.0,3.0,3.5,0.8,1.6068658935953555,5.78471721694328
3,152,5325,444,81.765,-28.7935,169.0463,3.3232,17.0865,-6.2973,0.4973,-0.7606,-1.9305,6.2771,-0.7083,0.3799,-2.0399,truck,157,108.204,-47.107,-2.2535,1.6901,2.8053,0.2552,148.3279,2.8168600000710007,10.140696000255602,-26.438999999999993,18.313499999999998,-4.0438,-1.1927999999999999,4.216051503480478,32.16216726605966,0,03_15_157_5258_ego_157,0,5258,5258,5261,vehicle_vehicle,0.09329548707913161,2.7549455967670835,2.784218002379627,14.374620329594796,15.0,3.0,3.5,0.8,1.6068658935953555,5.78471721694328
3,157,5325,342,108.204,-47.107,148.3279,2.1042,5.1245,-2.2535,1.6901,-1.0648,1.6852,2.8053,0.2552,1.791,0.8751,car,157,108.204,-47.107,-2.2535,1.6901,2.8053,0.2552,148.3279,2.8168600000710007,10.140696000255602,0.0,0.0,0.0,0.0,0.0,0.0,1,03_15_157_5258_ego_157,1,5258,5258,5261,vehicle_vehicle,0.09329548707913161,2.7549455967670835,2.784218002379627,14.374620329594796,15.0,3.0,3.5,0.8,1.6068658935953555,5.78471721694328
3,15,5326,5326,101.3643,-42.9091,94.7887,2.4422,2.6081,-1.0272,5.7847,-1.1563,0.4922,5.8503,-0.5407,0.587,-1.1111,trailer,157,108.1095,-47.0399,-2.2974,1.7616,2.882,0.2747,147.9642,2.89504426909158,10.42215936872969,-6.745199999999997,4.130800000000001,1.2702000000000002,4.0230999999999995,4.218855490532947,7.909565833849539,0,03_15_157_5258_ego_157,1,5258,5258,5261,vehicle_vehicle,0.09329548707913161,2.7549455967670835,2.784218002379627,14.374620329594796,15.0,3.0,3.5,0.8,1.6068658935953555,5.78471721694328
3,17,5326,5326,100.1406,-36.998,106.3948,2.6151,6.8077,-1.6791,5.6795,-0.0696,0.4769,5.9225,-0.0078,0.4772,0.0678,truck,157,108.1095,-47.0399,-2.2974,1.7616,2.882,0.2747,147.9642,2.89504426909158,10.42215936872969,-7.968899999999991,10.041900000000005,0.6183000000000001,3.9179,3.9663881933063485,12.819638170400909,0,03_15_157_5258_ego_157,0,5258,5258,5261,vehicle_vehicle,0.09329548707913161,2.7549455967670835,2.784218002379627,14.374620329594796,15.0,3.0,3.5,0.8,1.6068658935953555,5.78471721694328
3,152,5326,445,81.5122,-28.7757,169.6886,3.3232,17.0865,-6.3317,0.4183,-0.7503,-1.9404,6.3043,-0.7218,0.3908,-2.0434,truck,157,108.1095,-47.0399,-2.2974,1.7616,2.882,0.2747,147.9642,2.89504426909158,10.42215936872969,-26.59729999999999,18.264200000000002,-4.0343,-1.3433000000000002,4.252062015069865,32.26449083636684,0,03_15_157_5258_ego_157,0,5258,5258,5261,vehicle_vehicle,0.09329548707913161,2.7549455967670835,2.784218002379627,14.374620329594796,15.0,3.0,3.5,0.8,1.6068658935953555,5.78471721694328
3,157,5326,343,108.1095,-47.0399,147.9642,2.1042,5.1245,-2.2974,1.7616,-1.0427,1.7298,2.882,0.2747,1.8014,0.9133,car,157,108.1095,-47.0399,-2.2974,1.7616,2.882,0.2747,147.9642,2.89504426909158,10.42215936872969,0.0,0.0,0.0,0.0,0.0,0.0,1,03_15_157_5258_ego_157,1,5258,5258,5261,vehicle_vehicle,0.09329548707913161,2.7549455967670835,2.784218002379627,14.374620329594796,15.0,3.0,3.5,0.8,1.6068658935953555,5.78471721694328
3,15,5327,5327,101.3213,-42.6779,95.0287,2.4422,2.6081,-1.0732,5.8052,-1.1148,0.4841,5.8769,-0.5602,0.58,-1.0681,trailer,157,108.0141,-46.9685,-2.3394,1.8351,2.9586,0.2947,147.5755,2.973278387571537,10.703802195257534,-6.692800000000005,4.290599999999998,1.2662,3.9701000000000004,4.167128081784864,7.950020138339276,0,03_15_157_5258_ego_157,1,5258,5258,5261,vehicle_vehicle,0.09329548707913161,2.7549455967670835,2.784218002379627,14.374620329594796,15.0,3.0,3.5,0.8,1.6068658935953555,5.78471721694328
3,17,5327,5327,100.0725,-36.7707,106.4841,2.6151,6.8077,-1.6835,5.6997,-0.0225,0.4845,5.9431,0.003,0.471,0.1159,truck,157,108.0141,-46.9685,-2.3394,1.8351,2.9586,0.2947,147.5755,2.973278387571537,10.703802195257534,-7.941599999999994,10.1978,0.6558999999999999,3.8646000000000003,3.919864534649125,12.925329218244304,0,03_15_157_5258_ego_157,0,5258,5258,5261,vehicle_vehicle,0.09329548707913161,2.7549455967670835,2.784218002379627,14.374620329594796,15.0,3.0,3.5,0.8,1.6068658935953555,5.78471721694328
3,152,5327,446,81.2576,-28.7613,170.3306,3.3232,17.0865,-6.3653,0.3393,-0.7362,-1.9487,6.3319,-0.7347,0.3984,-2.0446,truck,157,108.0141,-46.9685,-2.3394,1.8351,2.9586,0.2947,147.5755,2.973278387571537,10.703802195257534,-26.756500000000003,18.2072,-4.0259,-1.4958,4.294797835754321,32.36375169985705,0,03_15_157_5258_ego_157,0,5258,5258,5261,vehicle_vehicle,0.09329548707913161,2.7549455967670835,2.784218002379627,14.374620329594796,15.0,3.0,3.5,0.8,1.6068658935953555,5.78471721694328
3,157,5327,344,108.0141,-46.9685,147.5755,2.1042,5.1245,-2.3394,1.8351,-1.0198,1.7701,2.9586,0.2947,1.8099,0.9474,car,157,108.0141,-46.9685,-2.3394,1.8351,2.9586,0.2947,147.5755,2.973278387571537,10.703802195257534,0.0,0.0,0.0,0.0,0.0,0.0,1,03_15_157_5258_ego_157,1,5258,5258,5261,vehicle_vehicle,0.09329548707913161,2.7549455967670835,2.784218002379627,14.374620329594796,15.0,3.0,3.5,0.8,1.6068658935953555,5.78471721694328
3,15,5328,5328,101.2774,-42.4461,95.1383,2.4422,2.6081,-1.1174,5.8256,-1.0737,0.4751,5.9023,-0.5912,0.5694,-1.0268,trailer,157,107.9174,-46.8948,-2.3795,1.9106,3.0353,0.315,147.1622,3.051624585364327,10.985848507311578,-6.640000000000001,4.448699999999995,1.2621000000000002,3.9149999999999996,4.113407518104667,7.9925297428286095,0,03_15_157_5258_ego_157,1,5258,5258,5261,vehicle_vehicle,0.09329548707913161,2.7549455967670835,2.784218002379627,14.374620329594796,15.0,3.0,3.5,0.8,1.6068658935953555,5.78471721694328
3,17,5328,5328,100.0046,-36.5429,106.5557,2.6151,6.8077,-1.6857,5.7204,0.0261,0.4909,5.9636,0.0142,0.4632,0.1649,truck,157,107.9174,-46.8948,-2.3795,1.9106,3.0353,0.315,147.1622,3.051624585364327,10.985848507311578,-7.912800000000004,10.351899999999993,0.6938000000000002,3.8097999999999996,3.872458454263906,13.029744335557774,0,03_15_157_5258_ego_157,0,5258,5258,5261,vehicle_vehicle,0.09329548707913161,2.7549455967670835,2.784218002379627,14.374620329594796,15.0,3.0,3.5,0.8,1.6068658935953555,5.78471721694328
3,152,5328,447,81.0016,-28.75,170.9732,3.3232,17.0865,-6.3981,0.2602,-0.7186,-1.9556,6.3597,-0.7469,0.4029,-2.0442,truck,157,107.9174,-46.8948,-2.3795,1.9106,3.0353,0.315,147.1622,3.051624585364327,10.985848507311578,-26.915800000000004,18.144799999999996,-4.0186,-1.6504,4.34430271965479,32.460653978008516,0,03_15_157_5258_ego_157,0,5258,5258,5261,vehicle_vehicle,0.09329548707913161,2.7549455967670835,2.784218002379627,14.374620329594796,15.0,3.0,3.5,0.8,1.6068658935953555,5.78471721694328
3,157,5328,345,107.9174,-46.8948,147.1622,2.1042,5.1245,-2.3795,1.9106,-0.9971,1.806,3.0353,0.315,1.8171,0.9768,car,157,107.9174,-46.8948,-2.3795,1.9106,3.0353,0.315,147.1622,3.051624585364327,10.985848507311578,0.0,0.0,0.0,0.0,0.0,0.0,1,03_15_157_5258_ego_157,1,5258,5258,5261,vehicle_vehicle,0.09329548707913161,2.7549455967670835,2.784218002379627,14.374620329594796,15.0,3.0,3.5,0.8,1.6068658935953555,5.78471721694328
3,15,5329,5329,101.2317,-42.2138,95.3042,2.4422,2.6081,-1.16,5.8461,-1.033,0.4648,5.9283,-0.6146,0.5583,-0.9856,trailer,157,107.82,-46.8165,-2.4182,1.9874,3.1121,0.3345,146.719,3.1300878581918434,11.268316289490636,-6.58829999999999,4.602699999999999,1.2582000000000002,3.8587,4.058649150887522,8.03682425961896,0,03_15_157_5258_ego_157,1,5258,5258,5261,vehicle_vehicle,0.09329548707913161,2.7549455967670835,2.784218002379627,14.374620329594796,15.0,3.0,3.5,0.8,1.6068658935953555,5.78471721694328
3,17,5329,5329,99.9365,-36.3142,106.6031,2.6151,6.8077,-1.6857,5.7416,0.0758,0.4959,5.9839,0.0252,0.4536,0.2144,truck,157,107.82,-46.8165,-2.4182,1.9874,3.1121,0.3345,146.719,3.1300878581918434,11.268316289490636,-7.883499999999998,10.502299999999998,0.7325000000000002,3.7542,3.8249933189484135,13.131941118509477,0,03_15_157_5258_ego_157,0,5258,5258,5261,vehicle_vehicle,0.09329548707913161,2.7549455967670835,2.784218002379627,14.374620329594796,15.0,3.0,3.5,0.8,1.6068658935953555,5.78471721694328
3,152,5329,448,80.7438,-28.7419,171.6159,3.3232,17.0865,-6.4297,0.1811,-0.698,-1.9616,6.3874,-0.7584,0.4045,-2.0424,truck,157,107.82,-46.8165,-2.4182,1.9874,3.1121,0.3345,146.719,3.1300878581918434,11.268316289490636,-27.0762,18.074599999999997,-4.0115,-1.8063,4.399414954286535,32.55475036918575,0,03_15_157_5258_ego_157,0,5258,5258,5261,vehicle_vehicle,0.09329548707913161,2.7549455967670835,2.784218002379627,14.374620329594796,15.0,3.0,3.5,0.8,1.6068658935953555,5.78471721694328
3,157,5329,346,107.82,-46.8165,146.719,2.1042,5.1245,-2.4182,1.9874,-0.9753,1.8373,3.1121,0.3345,1.8236,1.0007,car,157,107.82,-46.8165,-2.4182,1.9874,3.1121,0.3345,146.719,3.1300878581918434,11.268316289490636,0.0,0.0,0.0,0.0,0.0,0.0,1,03_15_157_5258_ego_157,1,5258,5258,5261,vehicle_vehicle,0.09329548707913161,2.7549455967670835,2.784218002379627,14.374620329594796,15.0,3.0,3.5,0.8,1.6068658935953555,5.78471721694328
3,15,5330,5330,101.1856,-41.9807,95.4969,2.4422,2.6081,-1.2013,5.8667,-0.9924,0.4527,5.9548,-0.6338,0.5457,-0.9445,trailer,157,107.7223,-46.7347,-2.4559,2.0651,3.1893,0.3526,146.2496,3.208750975068025,11.55150351024489,-6.53670000000001,4.753999999999998,1.2546000000000002,3.8015999999999996,4.00327162705705,8.08263341306533,0,03_15_157_5258_ego_157,1,5258,5258,5261,vehicle_vehicle,0.09329548707913161,2.7549455967670835,2.784218002379627,14.374620329594796,15.0,3.0,3.5,0.8,1.6068658935953555,5.78471721694328
3,17,5330,5330,99.869,-36.0849,106.6264,2.6151,6.8077,-1.6836,5.7632,0.1266,0.4992,6.004,0.0358,0.4421,0.2641,truck,157,107.7223,-46.7347,-2.4559,2.0651,3.1893,0.3526,146.2496,3.208750975068025,11.55150351024489,-7.853300000000004,10.649799999999999,0.7723000000000002,3.6981,3.7778818006920227,13.232254567155215,0,03_15_157_5258_ego_157,0,5258,5258,5261,vehicle_vehicle,0.09329548707913161,2.7549455967670835,2.784218002379627,14.374620329594796,15.0,3.0,3.5,0.8,1.6068658935953555,5.78471721694328
3,152,5330,449,80.4854,-28.7368,172.2624,3.3232,17.0865,-6.4601,0.102,-0.6747,-1.9668,6.415,-0.7687,0.4037,-2.0397,truck,157,107.7223,-46.7347,-2.4559,2.0651,3.1893,0.3526,146.2496,3.208750975068025,11.55150351024489,-27.236900000000006,17.997899999999998,-4.004199999999999,-1.9631,4.45952679664558,32.64618087954547,0,03_15_157_5258_ego_157,0,5258,5258,5261,vehicle_vehicle,0.09329548707913161,2.7549455967670835,2.784218002379627,14.374620329594796,15.0,3.0,3.5,0.8,1.6068658935953555,5.78471721694328
3,157,5330,347,107.7223,-46.7347,146.2496,2.1042,5.1245,-2.4559,2.0651,-0.9548,1.8642,3.1893,0.3526,1.8296,1.0195,car,157,107.7223,-46.7347,-2.4559,2.0651,3.1893,0.3526,146.2496,3.208750975068025,11.55150351024489,0.0,0.0,0.0,0.0,0.0,0.0,1,03_15_157_5258_ego_157,1,5258,5258,5261,vehicle_vehicle,0.09329548707913161,2.7549455967670835,2.784218002379627,14.374620329594796,15.0,3.0,3.5,0.8,1.6068658935953555,5.78471721694328
3,15,5331,5331,101.1381,-41.7467,95.6582,2.4422,2.6081,-1.2416,5.8872,-0.9515,0.4385,5.9809,-0.6551,0.5301,-0.9037,trailer,157,107.6239,-46.6491,-2.493,2.1433,3.2669,0.3691,145.7597,3.287671499709179,11.835617398953044,-6.485800000000012,4.9024,1.2513999999999998,3.7439,3.9475041697254736,8.130136985315817,0,03_15_157_5258_ego_157,1,5258,5258,5261,vehicle_vehicle,0.09329548707913161,2.7549455967670835,2.784218002379627,14.374620329594796,15.0,3.0,3.5,0.8,1.6068658935953555,5.78471721694328
3,17,5331,5331,99.8021,-35.8547,106.6273,2.6151,6.8077,-1.6797,5.7853,0.1784,0.5005,6.024,0.046,0.4285,0.3141,truck,157,107.6239,-46.6491,-2.493,2.1433,3.2669,0.3691,145.7597,3.287671499709179,11.835617398953044,-7.82180000000001,10.794399999999996,0.8132999999999999,3.6420000000000003,3.7317048235357526,13.33040234201504,0,03_15_157_5258_ego_157,0,5258,5258,5261,vehicle_vehicle,0.09329548707913161,2.7549455967670835,2.784218002379627,14.374620329594796,15.0,3.0,3.5,0.8,1.6068658935953555,5.78471721694328
3,152,5331,450,80.2258,-28.7348,172.912,3.3232,17.0865,-6.4894,0.0228,-0.6489,-1.9714,6.4426,-0.7781,0.4007,-2.0364,truck,157,107.6239,-46.6491,-2.493,2.1433,3.2669,0.3691,145.7597,3.287671499709179,11.835617398953044,-27.3981,17.914299999999997,-3.9964,-2.1205,4.524127894964951,32.7349664441557,0,03_15_157_5258_ego_157,0,5258,5258,5261,vehicle_vehicle,0.09329548707913161,2.7549455967670835,2.784218002379627,14.374620329594796,15.0,3.0,3.5,0.8,1.6068658935953555,5.78471721694328
3,157,5331,348,107.6239,-46.6491,145.7597,2.1042,5.1245,-2.493,2.1433,-0.9355,1.8871,3.2669,0.3691,1.8352,1.0337,car,157,107.6239,-46.6491,-2.493,2.1433,3.2669,0.3691,145.7597,3.287671499709179,11.835617398953044,0.0,0.0,0.0,0.0,0.0,0.0,1,03_15_157_5258_ego_157,1,5258,5258,5261,vehicle_vehicle,0.09329548707913161,2.7549455967670835,2.784218002379627,14.374620329594796,15.0,3.0,3.5,0.8,1.6068658935953555,5.78471721694328
3,15,5332,5332,101.0893,-41.5119,95.7577,2.4422,2.6081,-1.2809,5.9075,-0.9098,0.4216,6.0062,-0.6818,0.5108,-0.8629,trailer,157,107.5247,-46.5601,-2.5298,2.2216,3.3449,0.3837,145.2557,3.3668077759206865,12.120507993314472,-6.435400000000001,5.048200000000001,1.2489,3.6858999999999997,3.891736119009098,8.179162328747365,0,03_15_157_5258_ego_157,1,5258,5258,5261,vehicle_vehicle,0.09329548707913161,2.7549455967670835,2.784218002379627,14.374620329594796,15.0,3.0,3.5,0.8,1.6068658935953555,5.78471721694328
3,17,5332,5332,99.7358,-35.6234,106.6039,2.6151,6.8077,-1.6739,5.8077,0.2314,0.4996,6.0439,0.0554,0.4126,0.3645,truck,157,107.5247,-46.5601,-2.5298,2.2216,3.3449,0.3837,145.2557,3.3668077759206865,12.120507993314472,-7.788899999999998,10.936700000000002,0.8558999999999999,3.5860999999999996,3.6868249239691324,13.426778098263188,0,03_15_157_5258_ego_157,0,5258,5258,5261,vehicle_vehicle,0.09329548707913161,2.7549455967670835,2.784218002379627,14.374620329594796,15.0,3.0,3.5,0.8,1.6068658935953555,5.78471721694328
3,152,5332,451,79.965,-28.7358,173.5686,3.3232,17.0865,-6.5174,-0.0563,-0.621,-1.9757,6.4701,-0.786,0.3958,-2.0328,truck,157,107.5247,-46.5601,-2.5298,2.2216,3.3449,0.3837,145.2557,3.3668077759206865,12.120507993314472,-27.559699999999992,17.824299999999997,-3.9876000000000005,-2.2779,4.592361284785857,32.821376183517955,0,03_15_157_5258_ego_157,0,5258,5258,5261,vehicle_vehicle,0.09329548707913161,2.7549455967670835,2.784218002379627,14.374620329594796,15.0,3.0,3.5,0.8,1.6068658935953555,5.78471721694328
3,157,5332,349,107.5247,-46.5601,145.2557,2.1042,5.1245,-2.5298,2.2216,-0.917,1.9069,3.3449,0.3837,1.8403,1.0443,car,157,107.5247,-46.5601,-2.5298,2.2216,3.3449,0.3837,145.2557,3.3668077759206865,12.120507993314472,0.0,0.0,0.0,0.0,0.0,0.0,1,03_15_157_5258_ego_157,1,5258,5258,5261,vehicle_vehicle,0.09329548707913161,2.7549455967670835,2.784218002379627,14.374620329594796,15.0,3.0,3.5,0.8,1.6068658935953555,5.78471721694328
3,15,5333,5333,101.0377,-41.2752,95.8916,2.4422,2.6081,-1.3186,5.9272,-0.8667,0.402,6.0312,-0.7033,0.4888,-0.8209,trailer,157,107.4236,-46.4682,-2.5663,2.3002,3.4233,0.397,144.7449,3.4462756317508902,12.406592274303206,-6.385899999999992,5.193000000000005,1.2477,3.6270000000000002,3.835607421256769,8.230854622091192,0,03_15_157_5258_ego_157,1,5258,5258,5261,vehicle_vehicle,0.09329548707913161,2.7549455967670835,2.784218002379627,14.374620329594796,15.0,3.0,3.5,0.8,1.6068658935953555,5.78471721694328
3,17,5333,5333,99.6691,-35.3916,106.553,2.6151,6.8077,-1.6662,5.8304,0.2859,0.4961,6.0634,0.064,0.3941,0.4154,truck,157,107.4236,-46.4682,-2.5663,2.3002,3.4233,0.397,144.7449,3.4462756317508902,12.406592274303206,-7.754499999999993,11.076600000000006,0.9001000000000001,3.5302000000000002,3.6431431552987323,13.521218059405744,0,03_15_157_5258_ego_157,0,5258,5258,5261,vehicle_vehicle,0.09329548707913161,2.7549455967670835,2.784218002379627,14.374620329594796,15.0,3.0,3.5,0.8,1.6068658935953555,5.78471721694328
3,152,5333,452,79.7026,-28.7398,174.23,3.3232,17.0865,-6.5438,-0.1356,-0.5914,-1.9797,6.497,-0.7928,0.3893,-2.0291,truck,157,107.4236,-46.4682,-2.5663,2.3002,3.4233,0.397,144.7449,3.4462756317508902,12.406592274303206,-27.72099999999999,17.728400000000004,-3.9775,-2.4358,4.6640784609609645,32.90516688242136,0,03_15_157_5258_ego_157,0,5258,5258,5261,vehicle_vehicle,0.09329548707913161,2.7549455967670835,2.784218002379627,14.374620329594796,15.0,3.0,3.5,0.8,1.6068658935953555,5.78471721694328
3,157,5333,350,107.4236,-46.4682,144.7449,2.1042,5.1245,-2.5663,2.3002,-0.8989,1.924,3.4233,0.397,1.8446,1.0522,car,157,107.4236,-46.4682,-2.5663,2.3002,3.4233,0.397,144.7449,3.4462756317508902,12.406592274303206,0.0,0.0,0.0,0.0,0.0,0.0,1,03_15_157_5258_ego_157,1,5258,5258,5261,vehicle_vehicle,0.09329548707913161,2.7549455967670835,2.784218002379627,14.374620329594796,15.0,3.0,3.5,0.8,1.6068658935953555,5.78471721694328
