recordingId,trackId,frame,trackLifetime,xCenter,yCenter,heading,width,length,xVelocity,yVelocity,xAcceleration,yAcceleration,lonVelocity,latVelocity,lonAcceleration,latAcceleration,class,egoTrackId,ego_xCenter,ego_yCenter,ego_xVelocity,ego_yVelocity,ego_lonVelocity,ego_latVelocity,ego_heading,ego_speed_mps,ego_speed_kph,rel_x_to_ego,rel_y_to_ego,rel_vx_to_ego,rel_vy_to_ego,rel_speed_to_ego,distance_to_ego,is_ego,event_id,is_primary_actor,event_peak_frame,event_start_frame,event_end_frame,pair_type,risk_score_peak,event_min_ttc,event_min_dcpa,event_min_distance,dist_threshold_used,ttc_threshold_used,dcpa_threshold_used,min_rel_speed_threshold_used,ego_speed_mps_peak,ego_speed_kph_peak
18,496,19703,270,64.1684,-32.7917,195.6843,1.9521,4.0185,-7.9968,-1.9943,-0.7723,1.0631,8.2382,0.2417,0.4562,1.2323,car,502,41.995,-42.0972,4.4877,-1.3554,4.6878,0.0312,343.5753,4.6879164295025575,16.87649914620921,22.173400000000008,9.305500000000002,-12.4845,-0.6389,12.500837310356456,24.04687085277418,0,18_502_503_19778_ego_502,0,19778,19774,19778,vehicle_vehicle,0.3252734648699439,2.966036829087125,1.1144499877589389,8.53991732102835,15.0,3.0,3.5,0.8,0.9294745612441473,3.3461084204789304
18,497,19703,176,73.9865,-26.2045,203.589,2.155,4.6996,-5.5146,-2.437,-0.411,-1.2669,6.0291,-0.0266,0.8837,-0.9965,car,502,41.995,-42.0972,4.4877,-1.3554,4.6878,0.0312,343.5753,4.6879164295025575,16.87649914620921,31.99150000000001,15.892700000000001,-10.0023,-1.0816,10.06060951682352,35.72161790204918,0,18_502_503_19778_ego_502,0,19778,19774,19778,vehicle_vehicle,0.3252734648699439,2.966036829087125,1.1144499877589389,8.53991732102835,15.0,3.0,3.5,0.8,0.9294745612441473,3.3461084204789304
18,502,19703,5,41.995,-42.0972,343.5753,2.1534,5.0925,4.4877,-1.3554,0.8711,-0.2672,4.6878,0.0312,0.9111,0.01,car,502,41.995,-42.0972,4.4877,-1.3554,4.6878,0.0312,343.5753,4.6879164295025575,16.87649914620921,0.0,0.0,0.0,0.0,0.0,0.0,1,18_502_503_19778_ego_502,1,19778,19774,19778,vehicle_vehicle,0.3252734648699439,2.966036829087125,1.1144499877589389,8.53991732102835,15.0,3.0,3.5,0.8,0.9294745612441473,3.3461084204789304
18,496,19704,271,63.8475,-32.8703,195.2567,1.9521,4.0185,-8.0284,-1.9484,-0.7819,1.1022,8.2581,0.2329,0.4643,1.2691,car,502,42.1774,-42.1511,4.5289,-1.3675,4.7307,0.0301,343.5631,4.730855256716274,17.031078924178587,21.670099999999998,9.2808,-12.5573,-0.5809,12.570729020227903,23.573851671926672,0,18_502_503_19778_ego_502,0,19778,19774,19778,vehicle_vehicle,0.3252734648699439,2.966036829087125,1.1144499877589389,8.53991732102835,15.0,3.0,3.5,0.8,0.9294745612441473,3.3461084204789304
18,497,19704,177,73.7656,-26.3025,203.9095,2.155,4.6996,-5.5316,-2.4878,-0.3732,-1.3083,6.0651,-0.0324,0.8714,-1.0448,car,502,42.1774,-42.1511,4.5289,-1.3675,4.7307,0.0301,343.5631,4.730855256716274,17.031078924178587,31.588200000000008,15.848600000000001,-10.060500000000001,-1.1203,10.122684048215671,35.34108800249365,0,18_502_503_19778_ego_502,0,19778,19774,19778,vehicle_vehicle,0.3252734648699439,2.966036829087125,1.1144499877589389,8.53991732102835,15.0,3.0,3.5,0.8,0.9294745612441473,3.3461084204789304
18,502,19704,6,42.1774,-42.1511,343.5631,2.1534,5.0925,4.5289,-1.3675,0.8358,-0.2671,4.7307,0.0301,0.8772,0.0197,car,502,42.1774,-42.1511,4.5289,-1.3675,4.7307,0.0301,343.5631,4.730855256716274,17.031078924178587,0.0,0.0,0.0,0.0,0.0,0.0,1,18_502_503_19778_ego_502,1,19778,19774,19778,vehicle_vehicle,0.3252734648699439,2.966036829087125,1.1144499877589389,8.53991732102835,15.0,3.0,3.5,0.8,0.9294745612441473,3.3461084204789304
18,496,19705,272,63.5253,-32.947,194.804,1.9521,4.0185,-8.0602,-1.9011,-0.7909,1.1379,8.2784,0.2215,0.4739,1.3022,car,502,42.3614,-42.2057,4.5678,-1.3796,4.7715,0.0297,343.5509,4.771592291887479,17.177732250794925,21.163899999999998,9.258699999999997,-12.628,-0.5215000000000001,12.638763636131502,23.100523563330764,0,18_502_503_19778_ego_502,0,19778,19774,19778,vehicle_vehicle,0.3252734648699439,2.966036829087125,1.1144499877589389,8.53991732102835,15.0,3.0,3.5,0.8,0.9294745612441473,3.3461084204789304
18,497,19705,178,73.5441,-26.4024,204.2457,2.155,4.6996,-5.547,-2.5404,-0.3349,-1.3496,6.1009,-0.0385,0.8596,-1.093,car,502,42.3614,-42.2057,4.5678,-1.3796,4.7715,0.0297,343.5509,4.771592291887479,17.177732250794925,31.182699999999997,15.8033,-10.114799999999999,-1.1608,10.181190287977136,34.95861939751053,0,18_502_503_19778_ego_502,0,19778,19774,19778,vehicle_vehicle,0.3252734648699439,2.966036829087125,1.1144499877589389,8.53991732102835,15.0,3.0,3.5,0.8,0.9294745612441473,3.3461084204789304
18,502,19705,7,42.3614,-42.2057,343.5509,2.1534,5.0925,4.5678,-1.3796,0.7945,-0.2656,4.7715,0.0297,0.8372,0.0298,car,502,42.3614,-42.2057,4.5678,-1.3796,4.7715,0.0297,343.5509,4.771592291887479,17.177732250794925,0.0,0.0,0.0,0.0,0.0,0.0,1,18_502_503_19778_ego_502,1,19778,19774,19778,vehicle_vehicle,0.3252734648699439,2.966036829087125,1.1144499877589389,8.53991732102835,15.0,3.0,3.5,0.8,0.9294745612441473,3.3461084204789304
18,496,19706,273,63.2015,-33.021,194.3665,1.9521,4.0185,-8.092,-1.8527,-0.7995,1.1706,8.2987,0.213,0.484,1.3324,car,502,42.5466,-42.2613,4.6043,-1.3916,4.8099,0.0301,343.5414,4.810003019749573,17.316010871098463,20.654900000000005,9.240299999999998,-12.6963,-0.46110000000000007,12.704670279074543,22.62759461586671,0,18_502_503_19778_ego_502,0,19778,19774,19778,vehicle_vehicle,0.3252734648699439,2.966036829087125,1.1144499877589389,8.53991732102835,15.0,3.0,3.5,0.8,0.9294745612441473,3.3461084204789304
18,497,19706,179,73.322,-26.5045,204.5971,2.155,4.6996,-5.5608,-2.595,-0.2961,-1.3904,6.1364,-0.0449,0.848,-1.141,car,502,42.5466,-42.2613,4.6043,-1.3916,4.8099,0.0301,343.5414,4.810003019749573,17.316010871098463,30.775400000000005,15.756799999999998,-10.1651,-1.2034000000000002,10.236084679700536,34.57458591798317,0,18_502_503_19778_ego_502,0,19778,19774,19778,vehicle_vehicle,0.3252734648699439,2.966036829087125,1.1144499877589389,8.53991732102835,15.0,3.0,3.5,0.8,0.9294745612441473,3.3461084204789304
18,502,19706,8,42.5466,-42.2613,343.5414,2.1534,5.0925,4.6043,-1.3916,0.7481,-0.2627,4.8099,0.0301,0.7919,0.04,car,502,42.5466,-42.2613,4.6043,-1.3916,4.8099,0.0301,343.5414,4.810003019749573,17.316010871098463,0.0,0.0,0.0,0.0,0.0,0.0,1,18_502_503_19778_ego_502,1,19778,19774,19778,vehicle_vehicle,0.3252734648699439,2.966036829087125,1.1144499877589389,8.53991732102835,15.0,3.0,3.5,0.8,0.9294745612441473,3.3461084204789304
18,496,19707,274,62.877,-33.0933,193.9277,1.9521,4.0185,-8.1242,-1.8034,-0.8079,1.2007,8.3194,0.2051,0.4951,1.3599,car,502,42.733,-42.3175,4.6383,-1.4034,4.8459,0.0312,343.535,4.8459631086090615,17.445467190992623,20.144000000000005,9.224200000000003,-12.7625,-0.3999999999999999,12.768766825735364,22.155509509826224,0,18_502_503_19778_ego_502,0,19778,19774,19778,vehicle_vehicle,0.3252734648699439,2.966036829087125,1.1144499877589389,8.53991732102835,15.0,3.0,3.5,0.8,0.9294745612441473,3.3461084204789304
18,497,19707,180,73.0989,-26.6095,204.9652,2.155,4.6996,-5.573,-2.6511,-0.257,-1.4306,6.1713,-0.0512,0.8368,-1.1885,car,502,42.733,-42.3175,4.6383,-1.4034,4.8459,0.0312,343.535,4.8459631086090615,17.445467190992623,30.365900000000003,15.708000000000002,-10.211300000000001,-1.2477,10.287244673866761,34.18814336593902,0,18_502_503_19778_ego_502,0,19778,19774,19778,vehicle_vehicle,0.3252734648699439,2.966036829087125,1.1144499877589389,8.53991732102835,15.0,3.0,3.5,0.8,0.9294745612441473,3.3461084204789304
18,502,19707,9,42.733,-42.3175,343.535,2.1534,5.0925,4.6383,-1.4034,0.6972,-0.2585,4.8459,0.0312,0.7419,0.0503,car,502,42.733,-42.3175,4.6383,-1.4034,4.8459,0.0312,343.535,4.8459631086090615,17.445467190992623,0.0,0.0,0.0,0.0,0.0,0.0,1,18_502_503_19778_ego_502,1,19778,19774,19778,vehicle_vehicle,0.3252734648699439,2.966036829087125,1.1144499877589389,8.53991732102835,15.0,3.0,3.5,0.8,0.9294745612441473,3.3461084204789304
18,496,19708,275,62.5515,-33.1639,193.4976,1.9521,4.0185,-8.1567,-1.7532,-0.8161,1.2285,8.3406,0.1991,0.5068,1.385,car,502,42.9207,-42.3743,4.6697,-1.4148,4.8792,0.0313,343.5126,4.879319330603399,17.565549590172235,19.6308,9.2104,-12.8264,-0.33840000000000003,12.830863241419106,21.684090407485392,0,18_502_503_19778_ego_502,0,19778,19774,19778,vehicle_vehicle,0.3252734648699439,2.966036829087125,1.1144499877589389,8.53991732102835,15.0,3.0,3.5,0.8,0.9294745612441473,3.3461084204789304
18,497,19708,181,72.8755,-26.7165,205.3571,2.155,4.6996,-5.5835,-2.709,-0.2175,-1.4703,6.2057,-0.0568,0.8262,-1.2355,car,502,42.9207,-42.3743,4.6697,-1.4148,4.8792,0.0313,343.5126,4.879319330603399,17.565549590172235,29.954800000000006,15.657799999999998,-10.2532,-1.2942,10.334556781981508,33.800247689625,0,18_502_503_19778_ego_502,0,19778,19774,19778,vehicle_vehicle,0.3252734648699439,2.966036829087125,1.1144499877589389,8.53991732102835,15.0,3.0,3.5,0.8,0.9294745612441473,3.3461084204789304
18,502,19708,10,42.9207,-42.3743,343.5126,2.1534,5.0925,4.6697,-1.4148,0.6426,-0.2531,4.8792,0.0313,0.688,0.0603,car,502,42.9207,-42.3743,4.6697,-1.4148,4.8792,0.0313,343.5126,4.879319330603399,17.565549590172235,0.0,0.0,0.0,0.0,0.0,0.0,1,18_502_503_19778_ego_502,1,19778,19774,19778,vehicle_vehicle,0.3252734648699439,2.966036829087125,1.1144499877589389,8.53991732102835,15.0,3.0,3.5,0.8,0.9294745612441473,3.3461084204789304
18,496,19709,276,62.2249,-33.2324,193.0446,1.9521,4.0185,-8.1896,-1.7021,-0.8241,1.2541,8.3625,0.1903,0.5197,1.4077,car,502,43.1101,-42.4318,4.698,-1.4257,4.9094,0.0311,343.4814,4.909564592710845,17.674432533759045,19.114799999999995,9.199400000000004,-12.8876,-0.2764,12.890563630811496,21.21331043001068,0,18_502_503_19778_ego_502,0,19778,19774,19778,vehicle_vehicle,0.3252734648699439,2.966036829087125,1.1144499877589389,8.53991732102835,15.0,3.0,3.5,0.8,0.9294745612441473,3.3461084204789304
18,497,19709,182,72.6519,-26.8257,205.7687,2.155,4.6996,-5.5924,-2.7685,-0.1778,-1.5093,6.2399,-0.062,0.8163,-1.2819,car,502,43.1101,-42.4318,4.698,-1.4257,4.9094,0.0311,343.4814,4.909564592710845,17.674432533759045,29.541799999999995,15.606100000000001,-10.2904,-1.3428,10.37764154324093,33.4106016774616,0,18_502_503_19778_ego_502,0,19778,19774,19778,vehicle_vehicle,0.3252734648699439,2.966036829087125,1.1144499877589389,8.53991732102835,15.0,3.0,3.5,0.8,0.9294745612441473,3.3461084204789304
18,502,19709,11,43.1101,-42.4318,343.4814,2.1534,5.0925,4.698,-1.4257,0.585,-0.2468,4.9094,0.0311,0.631,0.0703,car,502,43.1101,-42.4318,4.698,-1.4257,4.9094,0.0311,343.4814,4.909564592710845,17.674432533759045,0.0,0.0,0.0,0.0,0.0,0.0,1,18_502_503_19778_ego_502,1,19778,19774,19778,vehicle_vehicle,0.3252734648699439,2.966036829087125,1.1144499877589389,8.53991732102835,15.0,3.0,3.5,0.8,0.9294745612441473,3.3461084204789304
18,496,19710,277,61.8964,-33.2987,192.5785,1.9521,4.0185,-8.2228,-1.6503,-0.8318,1.278,8.3848,0.1801,0.5335,1.4284,car,502,43.3005,-42.4896,4.7232,-1.4361,4.9366,0.0304,343.4407,4.936699449024622,17.77211801648864,18.5959,9.190900000000006,-12.946,-0.21420000000000017,12.947771917978784,20.743195019572084,0,18_502_503_19778_ego_502,0,19778,19774,19778,vehicle_vehicle,0.3252734648699439,2.966036829087125,1.1144499877589389,8.53991732102835,15.0,3.0,3.5,0.8,0.9294745612441473,3.3461084204789304
18,497,19710,183,72.4278,-26.938,206.1877,2.155,4.6996,-5.5996,-2.8295,-0.138,-1.5476,6.2735,-0.0679,0.8069,-1.3278,car,502,43.3005,-42.4896,4.7232,-1.4361,4.9366,0.0304,343.4407,4.936699449024622,17.77211801648864,29.127300000000005,15.551600000000004,-10.3228,-1.3934,10.416417973564618,33.018962246715155,0,18_502_503_19778_ego_502,0,19778,19774,19778,vehicle_vehicle,0.3252734648699439,2.966036829087125,1.1144499877589389,8.53991732102835,15.0,3.0,3.5,0.8,0.9294745612441473,3.3461084204789304
18,502,19710,12,43.3005,-42.4896,343.4407,2.1534,5.0925,4.7232,-1.4361,0.5251,-0.2399,4.9366,0.0304,0.5717,0.0803,car,502,43.3005,-42.4896,4.7232,-1.4361,4.9366,0.0304,343.4407,4.936699449024622,17.77211801648864,0.0,0.0,0.0,0.0,0.0,0.0,1,18_502_503_19778_ego_502,1,19778,19774,19778,vehicle_vehicle,0.3252734648699439,2.966036829087125,1.1144499877589389,8.53991732102835,15.0,3.0,3.5,0.8,0.9294745612441473,3.3461084204789304
18,496,19711,278,61.566,-33.3631,192.1556,1.9521,4.0185,-8.256,-1.5977,-0.8395,1.3002,8.4073,0.1765,0.5468,1.4479,car,502,43.4915,-42.5476,4.7453,-1.4461,4.9607,0.0297,343.3955,4.960753702815732,17.858713330136638,18.0745,9.1845,-13.0013,-0.15159999999999996,13.002183826188585,20.274185322720122,0,18_502_503_19778_ego_502,0,19778,19774,19778,vehicle_vehicle,0.3252734648699439,2.966036829087125,1.1144499877589389,8.53991732102835,15.0,3.0,3.5,0.8,0.9294745612441473,3.3461084204789304
18,497,19711,184,72.2039,-27.052,206.6102,2.155,4.6996,-5.6052,-2.8922,-0.0982,-1.5852,6.307,-0.0751,0.7978,-1.3734,car,502,43.4915,-42.5476,4.7453,-1.4461,4.9607,0.0297,343.3955,4.960753702815732,17.858713330136638,28.712400000000002,15.495600000000003,-10.3505,-1.4461,10.45103131083244,32.626914244531314,0,18_502_503_19778_ego_502,0,19778,19774,19778,vehicle_vehicle,0.3252734648699439,2.966036829087125,1.1144499877589389,8.53991732102835,15.0,3.0,3.5,0.8,0.9294745612441473,3.3461084204789304
18,502,19711,13,43.4915,-42.5476,343.3955,2.1534,5.0925,4.7453,-1.4461,0.4638,-0.2325,4.9607,0.0297,0.5109,0.0902,car,502,43.4915,-42.5476,4.7453,-1.4461,4.9607,0.0297,343.3955,4.960753702815732,17.858713330136638,0.0,0.0,0.0,0.0,0.0,0.0,1,18_502_503_19778_ego_502,1,19778,19774,19778,vehicle_vehicle,0.3252734648699439,2.966036829087125,1.1144499877589389,8.53991732102835,15.0,3.0,3.5,0.8,0.9294745612441473,3.3461084204789304
18,496,19712,279,61.2344,-33.4257,191.7469,1.9521,4.0185,-8.2891,-1.5444,-0.8474,1.3212,8.4299,0.1755,0.5607,1.466,car,502,43.6831,-42.606,4.7645,-1.4556,4.9818,0.0295,343.3501,4.981890365112424,17.934805314404727,17.551299999999998,9.180300000000003,-13.0536,-0.08879999999999999,13.05390203732202,19.807221909697482,0,18_502_503_19778_ego_502,0,19778,19774,19778,vehicle_vehicle,0.3252734648699439,2.966036829087125,1.1144499877589389,8.53991732102835,15.0,3.0,3.5,0.8,0.9294745612441473,3.3461084204789304
18,497,19712,185,71.9797,-27.1686,207.0415,2.155,4.6996,-5.6094,-2.9565,-0.0581,-1.622,6.3403,-0.0831,0.7892,-1.4183,car,502,43.6831,-42.606,4.7645,-1.4556,4.9818,0.0295,343.3501,4.981890365112424,17.934805314404727,28.29659999999999,15.4374,-10.373899999999999,-1.5009000000000001,10.481913089698844,32.23369185060873,0,18_502_503_19778_ego_502,0,19778,19774,19778,vehicle_vehicle,0.3252734648699439,2.966036829087125,1.1144499877589389,8.53991732102835,15.0,3.0,3.5,0.8,0.9294745612441473,3.3461084204789304
18,502,19712,14,43.6831,-42.606,343.3501,2.1534,5.0925,4.7645,-1.4556,0.4016,-0.2247,4.9818,0.0295,0.4492,0.1002,car,502,43.6831,-42.606,4.7645,-1.4556,4.9818,0.0295,343.3501,4.981890365112424,17.934805314404727,0.0,0.0,0.0,0.0,0.0,0.0,1,18_502_503_19778_ego_502,1,19778,19774,19778,vehicle_vehicle,0.3252734648699439,2.966036829087125,1.1144499877589389,8.53991732102835,15.0,3.0,3.5,0.8,0.9294745612441473,3.3461084204789304
18,496,19713,280,60.9016,-33.4864,191.3245,1.9521,4.0185,-8.3224,-1.4902,-0.8559,1.3408,8.453,0.173,0.5759,1.4827,car,502,43.875,-42.6645,4.7807,-1.4648,5.0,0.0299,343.3077,5.000073152464872,18.000263348873542,17.026600000000002,9.178099999999993,-13.103100000000001,-0.025399999999999867,13.10312461857858,19.342766792007808,0,18_502_503_19778_ego_502,0,19778,19774,19778,vehicle_vehicle,0.3252734648699439,2.966036829087125,1.1144499877589389,8.53991732102835,15.0,3.0,3.5,0.8,0.9294745612441473,3.3461084204789304
18,497,19713,186,71.7553,-27.2881,207.481,2.155,4.6996,-5.6119,-3.0223,-0.0179,-1.6579,6.3733,-0.0916,0.7809,-1.4626,car,502,43.875,-42.6645,4.7807,-1.4648,5.0,0.0299,343.3077,5.000073152464872,18.000263348873542,27.880300000000005,15.376399999999997,-10.392600000000002,-1.5574999999999999,10.50866028616398,31.839359369340336,0,18_502_503_19778_ego_502,0,19778,19774,19778,vehicle_vehicle,0.3252734648699439,2.966036829087125,1.1144499877589389,8.53991732102835,15.0,3.0,3.5,0.8,0.9294745612441473,3.3461084204789304
18,502,19713,15,43.875,-42.6645,343.3077,2.1534,5.0925,4.7807,-1.4648,0.3391,-0.2167,5.0,0.0299,0.387,0.1102,car,502,43.875,-42.6645,4.7807,-1.4648,5.0,0.0299,343.3077,5.000073152464872,18.000263348873542,0.0,0.0,0.0,0.0,0.0,0.0,1,18_502_503_19778_ego_502,1,19778,19774,19778,vehicle_vehicle,0.3252734648699439,2.966036829087125,1.1144499877589389,8.53991732102835,15.0,3.0,3.5,0.8,0.9294745612441473,3.3461084204789304
18,496,19714,281,60.5672,-33.5443,190.8784,1.9521,4.0185,-8.3557,-1.4356,-0.8651,1.3592,8.4765,0.1672,0.593,1.4981,car,502,44.0675,-42.7236,4.794,-1.4736,5.0153,0.0319,343.2785,5.015369673314221,18.055330823931197,16.499699999999997,9.179299999999998,-13.1497,0.038000000000000034,13.149754906080949,18.88119828241841,0,18_502_503_19778_ego_502,0,19778,19774,19778,vehicle_vehicle,0.3252734648699439,2.966036829087125,1.1144499877589389,8.53991732102835,15.0,3.0,3.5,0.8,0.9294745612441473,3.3461084204789304
18,497,19714,187,71.5308,-27.4103,207.93,2.155,4.6996,-5.6128,-3.0896,0.0226,-1.6928,6.4061,-0.1007,0.773,-1.5062,car,502,44.0675,-42.7236,4.794,-1.4736,5.0153,0.0319,343.2785,5.015369673314221,18.055330823931197,27.463299999999997,15.313299999999998,-10.4068,-1.6159999999999999,10.531521363981561,31.444077403860966,0,18_502_503_19778_ego_502,0,19778,19774,19778,vehicle_vehicle,0.3252734648699439,2.966036829087125,1.1144499877589389,8.53991732102835,15.0,3.0,3.5,0.8,0.9294745612441473,3.3461084204789304
18,502,19714,16,44.0675,-42.7236,343.2785,2.1534,5.0925,4.794,-1.4736,0.2765,-0.2086,5.0153,0.0319,0.3249,0.1202,car,502,44.0675,-42.7236,4.794,-1.4736,5.0153,0.0319,343.2785,5.015369673314221,18.055330823931197,0.0,0.0,0.0,0.0,0.0,0.0,1,18_502_503_19778_ego_502,1,19778,19774,19778,vehicle_vehicle,0.3252734648699439,2.966036829087125,1.1144499877589389,8.53991732102835,15.0,3.0,3.5,0.8,0.9294745612441473,3.3461084204789304
18,496,19715,282,60.2319,-33.6003,190.4358,1.9521,4.0185,-8.3892,-1.3803,-0.8753,1.3767,8.5005,0.1621,0.6115,1.5124,car,502,44.2601,-42.7833,4.8046,-1.4817,5.0278,0.0348,343.2572,5.02788385406823,18.100381874645628,15.971800000000002,9.183,-13.1938,0.10139999999999993,13.19418964544621,18.42351443780475,0,18_502_503_19778_ego_502,0,19778,19774,19778,vehicle_vehicle,0.3252734648699439,2.966036829087125,1.1144499877589389,8.53991732102835,15.0,3.0,3.5,0.8,0.9294745612441473,3.3461084204789304
18,497,19715,188,71.3066,-27.5348,208.3858,2.155,4.6996,-5.6122,-3.1584,0.0633,-1.7268,6.4389,-0.1106,0.7653,-1.5492,car,502,44.2601,-42.7833,4.8046,-1.4817,5.0278,0.0348,343.2572,5.02788385406823,18.100381874645628,27.0465,15.248499999999996,-10.416799999999999,-1.6766999999999999,10.550878879505724,31.048831129367816,0,18_502_503_19778_ego_502,0,19778,19774,19778,vehicle_vehicle,0.3252734648699439,2.966036829087125,1.1144499877589389,8.53991732102835,15.0,3.0,3.5,0.8,0.9294745612441473,3.3461084204789304
18,502,19715,17,44.2601,-42.7833,343.2572,2.1534,5.0925,4.8046,-1.4817,0.2144,-0.2006,5.0278,0.0348,0.2631,0.1303,car,502,44.2601,-42.7833,4.8046,-1.4817,5.0278,0.0348,343.2572,5.02788385406823,18.100381874645628,0.0,0.0,0.0,0.0,0.0,0.0,1,18_502_503_19778_ego_502,1,19778,19774,19778,vehicle_vehicle,0.3252734648699439,2.966036829087125,1.1144499877589389,8.53991732102835,15.0,3.0,3.5,0.8,0.9294745612441473,3.3461084204789304
18,496,19716,283,59.8953,-33.6544,189.9692,1.9521,4.0185,-8.423,-1.3243,-0.8867,1.3932,8.5251,0.1539,0.6321,1.5257,car,502,44.4523,-42.8431,4.8128,-1.4895,5.0378,0.0383,343.2393,5.038020850492781,18.13687506177401,15.442999999999998,9.188699999999997,-13.235800000000001,0.1652,13.236830915290867,17.969932016844133,0,18_502_503_19778_ego_502,0,19778,19774,19778,vehicle_vehicle,0.3252734648699439,2.966036829087125,1.1144499877589389,8.53991732102835,15.0,3.0,3.5,0.8,0.9294745612441473,3.3461084204789304
18,497,19716,189,71.0826,-27.6621,208.8485,2.155,4.6996,-5.6102,-3.2287,0.1044,-1.7595,6.4718,-0.1212,0.7575,-1.5915,car,502,44.4523,-42.8431,4.8128,-1.4895,5.0378,0.0383,343.2393,5.038020850492781,18.13687506177401,26.6303,15.181000000000001,-10.423,-1.7391999999999999,10.567106777164694,30.65347678632882,0,18_502_503_19778_ego_502,0,19778,19774,19778,vehicle_vehicle,0.3252734648699439,2.966036829087125,1.1144499877589389,8.53991732102835,15.0,3.0,3.5,0.8,0.9294745612441473,3.3461084204789304
18,502,19716,18,44.4523,-42.8431,343.2393,2.1534,5.0925,4.8128,-1.4895,0.1527,-0.1927,5.0378,0.0383,0.2017,0.1405,car,502,44.4523,-42.8431,4.8128,-1.4895,5.0378,0.0383,343.2393,5.038020850492781,18.13687506177401,0.0,0.0,0.0,0.0,0.0,0.0,1,18_502_503_19778_ego_502,1,19778,19774,19778,vehicle_vehicle,0.3252734648699439,2.966036829087125,1.1144499877589389,8.53991732102835,15.0,3.0,3.5,0.8,0.9294745612441473,3.3461084204789304
18,496,19717,284,59.5576,-33.7071,189.4895,1.9521,4.0185,-8.4573,-1.2673,-0.8993,1.4087,8.5505,0.1444,0.6547,1.5376,car,502,44.6446,-42.9028,4.8186,-1.4969,5.0456,0.0418,343.217,5.045752230341875,18.16470802923075,14.913000000000004,9.195700000000002,-13.2759,0.2295999999999998,13.277885259709093,17.52023023507397,0,18_502_503_19778_ego_502,0,19778,19774,19778,vehicle_vehicle,0.3252734648699439,2.966036829087125,1.1144499877589389,8.53991732102835,15.0,3.0,3.5,0.8,0.9294745612441473,3.3461084204789304
18,497,19717,190,70.8582,-27.7919,209.3167,2.155,4.6996,-5.6064,-3.3007,0.1459,-1.7907,6.5046,-0.1329,0.7496,-1.6328,car,502,44.6446,-42.9028,4.8186,-1.4969,5.0456,0.0418,343.217,5.045752230341875,18.16470802923075,26.2136,15.1109,-10.425,-1.8038,10.579901674401327,30.257100386025098,0,18_502_503_19778_ego_502,0,19778,19774,19778,vehicle_vehicle,0.3252734648699439,2.966036829087125,1.1144499877589389,8.53991732102835,15.0,3.0,3.5,0.8,0.9294745612441473,3.3461084204789304
18,502,19717,19,44.6446,-42.9028,343.217,2.1534,5.0925,4.8186,-1.4969,0.0913,-0.1852,5.0456,0.0418,0.1409,0.1509,car,502,44.6446,-42.9028,4.8186,-1.4969,5.0456,0.0418,343.217,5.045752230341875,18.16470802923075,0.0,0.0,0.0,0.0,0.0,0.0,1,18_502_503_19778_ego_502,1,19778,19774,19778,vehicle_vehicle,0.3252734648699439,2.966036829087125,1.1144499877589389,8.53991732102835,15.0,3.0,3.5,0.8,0.9294745612441473,3.3461084204789304
18,496,19718,285,59.2194,-33.7579,188.9952,1.9521,4.0185,-8.4923,-1.2092,-0.913,1.4226,8.5769,0.1335,0.6793,1.5479,car,502,44.8369,-42.9624,4.8222,-1.5042,5.0511,0.0448,343.1841,5.051359270533031,18.184893373918914,14.3825,9.204500000000003,-13.314499999999999,0.29499999999999993,13.3177676526511,17.07568817061263,0,18_502_503_19778_ego_502,0,19778,19774,19778,vehicle_vehicle,0.3252734648699439,2.966036829087125,1.1144499877589389,8.53991732102835,15.0,3.0,3.5,0.8,0.9294745612441473,3.3461084204789304
18,497,19718,191,70.634,-27.9248,209.7888,2.155,4.6996,-5.601,-3.3742,0.1879,-1.8203,6.5372,-0.1457,0.7412,-1.6731,car,502,44.8369,-42.9624,4.8222,-1.5042,5.0511,0.0448,343.1841,5.051359270533031,18.184893373918914,25.7971,15.037600000000001,-10.4232,-1.87,10.58961747373341,29.86000305040172,0,18_502_503_19778_ego_502,0,19778,19774,19778,vehicle_vehicle,0.3252734648699439,2.966036829087125,1.1144499877589389,8.53991732102835,15.0,3.0,3.5,0.8,0.9294745612441473,3.3461084204789304
18,502,19718,20,44.8369,-42.9624,343.1841,2.1534,5.0925,4.8222,-1.5042,0.0301,-0.1779,5.0511,0.0448,0.0803,0.1616,car,502,44.8369,-42.9624,4.8222,-1.5042,5.0511,0.0448,343.1841,5.051359270533031,18.184893373918914,0.0,0.0,0.0,0.0,0.0,0.0,1,18_502_503_19778_ego_502,1,19778,19774,19778,vehicle_vehicle,0.3252734648699439,2.966036829087125,1.1144499877589389,8.53991732102835,15.0,3.0,3.5,0.8,0.9294745612441473,3.3461084204789304
18,496,19719,286,58.8792,-33.8043,188.4758,1.9521,4.0185,-8.528,-1.1509,-0.9275,1.435,8.6045,0.1186,0.7059,1.556,car,502,45.0293,-43.0223,4.8235,-1.5113,5.0545,0.048,343.1474,5.054718581681873,18.196986894054742,13.849899999999998,9.218000000000004,-13.351500000000001,0.36040000000000005,13.356363292827881,16.63704462968108,0,18_502_503_19778_ego_502,0,19778,19774,19778,vehicle_vehicle,0.3252734648699439,2.966036829087125,1.1144499877589389,8.53991732102835,15.0,3.0,3.5,0.8,0.9294745612441473,3.3461084204789304
18,497,19719,192,70.4102,-28.0609,210.2746,2.155,4.6996,-5.594,-3.4489,0.2304,-1.848,6.5698,-0.1584,0.7327,-1.7121,car,502,45.0293,-43.0223,4.8235,-1.5113,5.0545,0.048,343.1474,5.054718581681873,18.196986894054742,25.380900000000004,14.961400000000001,-10.4175,-1.9376,10.596159682167874,29.462409520777495,0,18_502_503_19778_ego_502,0,19778,19774,19778,vehicle_vehicle,0.3252734648699439,2.966036829087125,1.1144499877589389,8.53991732102835,15.0,3.0,3.5,0.8,0.9294745612441473,3.3461084204789304
18,502,19719,21,45.0293,-43.0223,343.1474,2.1534,5.0925,4.8235,-1.5113,-0.0311,-0.1706,5.0545,0.048,0.0197,0.1723,car,502,45.0293,-43.0223,4.8235,-1.5113,5.0545,0.048,343.1474,5.054718581681873,18.196986894054742,0.0,0.0,0.0,0.0,0.0,0.0,1,18_502_503_19778_ego_502,1,19778,19774,19778,vehicle_vehicle,0.3252734648699439,2.966036829087125,1.1144499877589389,8.53991732102835,15.0,3.0,3.5,0.8,0.9294745612441473,3.3461084204789304
18,496,19720,287,58.5385,-33.8483,187.9584,1.9521,4.0185,-8.5647,-1.0924,-0.9427,1.4461,8.6334,0.1039,0.7334,1.5627,car,502,45.2215,-43.0826,4.8227,-1.5183,5.0558,0.0521,343.1156,5.056052826068968,18.201790173848284,13.317,9.234299999999998,-13.3874,0.42589999999999995,13.394172970736193,16.205393715982343,0,18_502_503_19778_ego_502,0,19778,19774,19778,vehicle_vehicle,0.3252734648699439,2.966036829087125,1.1144499877589389,8.53991732102835,15.0,3.0,3.5,0.8,0.9294745612441473,3.3461084204789304
18,497,19720,193,70.1872,-28.2004,210.7721,2.155,4.6996,-5.5854,-3.5247,0.2734,-1.8738,6.6024,-0.1708,0.7238,-1.7498,car,502,45.2215,-43.0826,4.8227,-1.5183,5.0558,0.0521,343.1156,5.056052826068968,18.201790173848284,24.965700000000005,14.882200000000001,-10.408100000000001,-2.0064,10.599725778056715,29.06485942388162,0,18_502_503_19778_ego_502,0,19778,19774,19778,vehicle_vehicle,0.3252734648699439,2.966036829087125,1.1144499877589389,8.53991732102835,15.0,3.0,3.5,0.8,0.9294745612441473,3.3461084204789304
18,502,19720,22,45.2215,-43.0826,343.1156,2.1534,5.0925,4.8227,-1.5183,-0.0926,-0.1632,5.0558,0.0521,-0.0412,0.1831,car,502,45.2215,-43.0826,4.8227,-1.5183,5.0558,0.0521,343.1156,5.056052826068968,18.201790173848284,0.0,0.0,0.0,0.0,0.0,0.0,1,18_502_503_19778_ego_502,1,19778,19774,19778,vehicle_vehicle,0.3252734648699439,2.966036829087125,1.1144499877589389,8.53991732102835,15.0,3.0,3.5,0.8,0.9294745612441473,3.3461084204789304
18,496,19721,288,58.1969,-33.8904,187.4787,1.9521,4.0185,-8.6027,-1.0337,-0.958,1.4563,8.6641,0.0948,0.7603,1.5686,car,502,45.4134,-43.1432,4.8198,-1.525,5.055,0.0554,343.0697,5.05530385239107,18.199093868607854,12.783499999999997,9.2528,-13.4225,0.49129999999999985,13.431488448418515,15.780753470287783,0,18_502_503_19778_ego_502,0,19778,19774,19778,vehicle_vehicle,0.3252734648699439,2.966036829087125,1.1144499877589389,8.53991732102835,15.0,3.0,3.5,0.8,0.9294745612441473,3.3461084204789304
18,497,19721,194,69.9642,-28.3421,211.2763,2.155,4.6996,-5.5753,-3.6019,0.3171,-1.8975,6.635,-0.184,0.7141,-1.7864,car,502,45.4134,-43.1432,4.8198,-1.525,5.055,0.0554,343.0697,5.05530385239107,18.199093868607854,24.550800000000002,14.801100000000002,-10.3951,-2.0769,10.600547986778796,28.667304405018623,0,18_502_503_19778_ego_502,0,19778,19774,19778,vehicle_vehicle,0.3252734648699439,2.966036829087125,1.1144499877589389,8.53991732102835,15.0,3.0,3.5,0.8,0.9294745612441473,3.3461084204789304
18,502,19721,23,45.4134,-43.1432,343.0697,2.1534,5.0925,4.8198,-1.525,-0.1548,-0.1557,5.055,0.0554,-0.1027,0.194,car,502,45.4134,-43.1432,4.8198,-1.525,5.055,0.0554,343.0697,5.05530385239107,18.199093868607854,0.0,0.0,0.0,0.0,0.0,0.0,1,18_502_503_19778_ego_502,1,19778,19774,19778,vehicle_vehicle,0.3252734648699439,2.966036829087125,1.1144499877589389,8.53991732102835,15.0,3.0,3.5,0.8,0.9294745612441473,3.3461084204789304
18,496,19722,289,57.8541,-33.9312,187.0622,1.9521,4.0185,-8.6422,-0.9743,-0.9725,1.4654,8.6964,0.0956,0.7849,1.5739,car,502,45.6053,-43.2036,4.8147,-1.5318,5.0522,0.0574,343.0025,5.052499117268602,18.188996822166967,12.248800000000003,9.272400000000005,-13.456900000000001,0.5575,13.468443260451448,15.362633341976244,0,18_502_503_19778_ego_502,0,19778,19774,19778,vehicle_vehicle,0.3252734648699439,2.966036829087125,1.1144499877589389,8.53991732102835,15.0,3.0,3.5,0.8,0.9294745612441473,3.3461084204789304
18,497,19722,195,69.7418,-28.4864,211.7822,2.155,4.6996,-5.5635,-3.6806,0.3617,-1.9187,6.6678,-0.1985,0.7031,-1.8215,car,502,45.6053,-43.2036,4.8147,-1.5318,5.0522,0.0574,343.0025,5.052499117268602,18.188996822166967,24.136499999999998,14.717200000000002,-10.3782,-2.1488,10.598319521509058,28.269534981849276,0,18_502_503_19778_ego_502,0,19778,19774,19778,vehicle_vehicle,0.3252734648699439,2.966036829087125,1.1144499877589389,8.53991732102835,15.0,3.0,3.5,0.8,0.9294745612441473,3.3461084204789304
18,502,19722,24,45.6053,-43.2036,343.0025,2.1534,5.0925,4.8147,-1.5318,-0.2178,-0.1477,5.0522,0.0574,-0.1651,0.2049,car,502,45.6053,-43.2036,4.8147,-1.5318,5.0522,0.0574,343.0025,5.052499117268602,18.188996822166967,0.0,0.0,0.0,0.0,0.0,0.0,1,18_502_503_19778_ego_502,1,19778,19774,19778,vehicle_vehicle,0.3252734648699439,2.966036829087125,1.1144499877589389,8.53991732102835,15.0,3.0,3.5,0.8,0.9294745612441473,3.3461084204789304
18,496,19723,290,57.5085,-33.9675,186.6704,1.9521,4.0185,-8.6826,-0.9152,-0.9856,1.4738,8.7301,0.0995,0.8078,1.5783,car,502,45.7969,-43.2639,4.8074,-1.5387,5.0473,0.06,342.933,5.047642266444801,18.171512159201285,11.711599999999997,9.296399999999998,-13.490000000000002,0.6234999999999999,13.504401217751198,14.952746487518603,0,18_502_503_19778_ego_502,0,19778,19774,19778,vehicle_vehicle,0.3252734648699439,2.966036829087125,1.1144499877589389,8.53991732102835,15.0,3.0,3.5,0.8,0.9294745612441473,3.3461084204789304
18,497,19723,196,69.5194,-28.6343,212.3095,2.155,4.6996,-5.5499,-3.7604,0.4072,-1.9369,6.7006,-0.2118,0.6911,-1.8547,car,502,45.7969,-43.2639,4.8074,-1.5387,5.0473,0.06,342.933,5.047642266444801,18.171512159201285,23.722500000000004,14.6296,-10.3573,-2.2217000000000002,10.592903954062834,27.870812733216088,0,18_502_503_19778_ego_502,0,19778,19774,19778,vehicle_vehicle,0.3252734648699439,2.966036829087125,1.1144499877589389,8.53991732102835,15.0,3.0,3.5,0.8,0.9294745612441473,3.3461084204789304
18,502,19723,25,45.7969,-43.2639,342.933,2.1534,5.0925,4.8074,-1.5387,-0.2822,-0.139,5.0473,0.06,-0.2289,0.2157,car,502,45.7969,-43.2639,4.8074,-1.5387,5.0473,0.06,342.933,5.047642266444801,18.171512159201285,0.0,0.0,0.0,0.0,0.0,0.0,1,18_502_503_19778_ego_502,1,19778,19774,19778,vehicle_vehicle,0.3252734648699439,2.966036829087125,1.1144499877589389,8.53991732102835,15.0,3.0,3.5,0.8,0.9294745612441473,3.3461084204789304
18,496,19724,291,57.1598,-34.0022,186.3366,1.9521,4.0185,-8.7233,-0.856,-0.9974,1.4817,8.7644,0.112,0.8278,1.5827,car,502,45.988,-43.3246,4.7979,-1.5456,5.0403,0.0621,342.8494,5.040706673671857,18.146544025218684,11.171799999999998,9.322399999999995,-13.5212,0.6896000000000001,13.53877385881011,14.550472741461009,0,18_502_503_19778_ego_502,0,19778,19774,19778,vehicle_vehicle,0.3252734648699439,2.966036829087125,1.1144499877589389,8.53991732102835,15.0,3.0,3.5,0.8,0.9294745612441473,3.3461084204789304
18,497,19724,197,69.2977,-28.7854,212.8526,2.155,4.6996,-5.5345,-3.8414,0.4536,-1.9519,6.7332,-0.2247,0.6779,-1.8858,car,502,45.988,-43.3246,4.7979,-1.5456,5.0403,0.0621,342.8494,5.040706673671857,18.146544025218684,23.309700000000007,14.539199999999997,-10.3324,-2.2958,10.584384129461666,27.472357939026644,0,18_502_503_19778_ego_502,0,19778,19774,19778,vehicle_vehicle,0.3252734648699439,2.966036829087125,1.1144499877589389,8.53991732102835,15.0,3.0,3.5,0.8,0.9294745612441473,3.3461084204789304
18,502,19724,26,45.988,-43.3246,342.8494,2.1534,5.0925,4.7979,-1.5456,-0.3481,-0.1291,5.0403,0.0621,-0.2945,0.226,car,502,45.988,-43.3246,4.7979,-1.5456,5.0403,0.0621,342.8494,5.040706673671857,18.146544025218684,0.0,0.0,0.0,0.0,0.0,0.0,1,18_502_503_19778_ego_502,1,19778,19774,19778,vehicle_vehicle,0.3252734648699439,2.966036829087125,1.1144499877589389,8.53991732102835,15.0,3.0,3.5,0.8,0.9294745612441473,3.3461084204789304
18,496,19725,292,56.8089,-34.0326,186.0204,1.9521,4.0185,-8.7639,-0.7976,-1.0082,1.49,8.7992,0.126,0.8464,1.5875,car,502,46.1787,-43.3855,4.7862,-1.5526,5.0313,0.064,342.7558,5.031727059370371,18.114217413733336,10.630200000000002,9.352899999999998,-13.5501,0.755,13.571117677258568,14.159021521630653,0,18_502_503_19778_ego_502,0,19778,19774,19778,vehicle_vehicle,0.3252734648699439,2.966036829087125,1.1144499877589389,8.53991732102835,15.0,3.0,3.5,0.8,0.9294745612441473,3.3461084204789304
18,497,19725,198,69.0766,-28.9399,213.4093,2.155,4.6996,-5.5171,-3.9232,0.5007,-1.9633,6.7656,-0.2371,0.6631,-1.9146,car,502,46.1787,-43.3855,4.7862,-1.5526,5.0313,0.064,342.7558,5.031727059370371,18.114217413733336,22.8979,14.445599999999999,-10.3033,-2.3706,10.572499006857367,27.07377298733961,0,18_502_503_19778_ego_502,0,19778,19774,19778,vehicle_vehicle,0.3252734648699439,2.966036829087125,1.1144499877589389,8.53991732102835,15.0,3.0,3.5,0.8,0.9294745612441473,3.3461084204789304
18,502,19725,27,46.1787,-43.3855,342.7558,2.1534,5.0925,4.7862,-1.5526,-0.416,-0.1176,5.0313,0.064,-0.3625,0.2357,car,502,46.1787,-43.3855,4.7862,-1.5526,5.0313,0.064,342.7558,5.031727059370371,18.114217413733336,0.0,0.0,0.0,0.0,0.0,0.0,1,18_502_503_19778_ego_502,1,19778,19774,19778,vehicle_vehicle,0.3252734648699439,2.966036829087125,1.1144499877589389,8.53991732102835,15.0,3.0,3.5,0.8,0.9294745612441473,3.3461084204789304
18,496,19726,293,56.4567,-34.062,185.7165,1.9521,4.0185,-8.8047,-0.7393,-1.0184,1.4993,8.8346,0.1414,0.8639,1.5933,car,502,46.3687,-43.4477,4.7722,-1.5591,5.02,0.0653,342.6532,5.020426839423118,18.073536621923225,10.088000000000001,9.3857,-13.5769,0.8198,13.60162805145031,13.778937132086787,0,18_502_503_19778_ego_502,0,19778,19774,19778,vehicle_vehicle,0.3252734648699439,2.966036829087125,1.1144499877589389,8.53991732102835,15.0,3.0,3.5,0.8,0.9294745612441473,3.3461084204789304
18,497,19726,199,68.8568,-29.0976,213.9772,2.155,4.6996,-5.4981,-4.0057,0.5488,-1.9709,6.798,-0.2491,0.6464,-1.9411,car,502,46.3687,-43.4477,4.7722,-1.5591,5.02,0.0653,342.6532,5.020426839423118,18.073536621923225,22.48810000000001,14.350099999999998,-10.270299999999999,-2.4466,10.557694523426976,26.67658170793253,0,18_502_503_19778_ego_502,0,19778,19774,19778,vehicle_vehicle,0.3252734648699439,2.966036829087125,1.1144499877589389,8.53991732102835,15.0,3.0,3.5,0.8,0.9294745612441473,3.3461084204789304
18,502,19726,28,46.3687,-43.4477,342.6532,2.1534,5.0925,4.7722,-1.5591,-0.4864,-0.1043,5.02,0.0653,-0.4331,0.2446,car,502,46.3687,-43.4477,4.7722,-1.5591,5.02,0.0653,342.6532,5.020426839423118,18.073536621923225,0.0,0.0,0.0,0.0,0.0,0.0,1,18_502_503_19778_ego_502,1,19778,19774,19778,vehicle_vehicle,0.3252734648699439,2.966036829087125,1.1144499877589389,8.53991732102835,15.0,3.0,3.5,0.8,0.9294745612441473,3.3461084204789304
18,496,19727,294,56.1034,-34.0901,185.4297,1.9521,4.0185,-8.8458,-0.6808,-1.0281,1.51,8.8705,0.1593,0.8806,1.6006,car,502,46.5585,-43.5101,4.7556,-1.565,5.0061,0.0664,342.5442,5.0064914221438555,18.02336911971788,9.544899999999998,9.420000000000002,-13.601400000000002,0.8842,13.630109742771701,13.410500214757093,0,18_502_503_19778_ego_502,0,19778,19774,19778,vehicle_vehicle,0.3252734648699439,2.966036829087125,1.1144499877589389,8.53991732102835,15.0,3.0,3.5,0.8,0.9294745612441473,3.3461084204789304
18,497,19727,200,68.6373,-29.2589,214.5653,2.155,4.6996,-5.4771,-4.0888,0.5979,-1.9743,6.8301,-0.2596,0.6278,-1.965,car,502,46.5585,-43.5101,4.7556,-1.565,5.0061,0.0664,342.5442,5.0064914221438555,18.02336911971788,22.078799999999994,14.2512,-10.232700000000001,-2.5238,10.5393413328348,26.27870070760729,0,18_502_503_19778_ego_502,0,19778,19774,19778,vehicle_vehicle,0.3252734648699439,2.966036829087125,1.1144499877589389,8.53991732102835,15.0,3.0,3.5,0.8,0.9294745612441473,3.3461084204789304
18,502,19727,29,46.5585,-43.5101,342.5442,2.1534,5.0925,4.7556,-1.565,-0.5595,-0.0893,5.0061,0.0664,-0.5069,0.253,car,502,46.5585,-43.5101,4.7556,-1.565,5.0061,0.0664,342.5442,5.0064914221438555,18.02336911971788,0.0,0.0,0.0,0.0,0.0,0.0,1,18_502_503_19778_ego_502,1,19778,19774,19778,vehicle_vehicle,0.3252734648699439,2.966036829087125,1.1144499877589389,8.53991732102835,15.0,3.0,3.5,0.8,0.9294745612441473,3.3461084204789304
18,496,19728,295,55.7488,-34.1173,185.1293,1.9521,4.0185,-8.8873,-0.6214,-1.0375,1.522,8.9072,0.1757,0.8973,1.6087,car,502,46.7481,-43.572,4.7362,-1.5707,4.9894,0.0685,342.4389,4.989858608217271,17.963490989582176,9.000700000000002,9.454700000000003,-13.6235,0.9493,13.656534067617596,13.05388649330153,0,18_502_503_19778_ego_502,0,19778,19774,19778,vehicle_vehicle,0.3252734648699439,2.966036829087125,1.1144499877589389,8.53991732102835,15.0,3.0,3.5,0.8,0.9294745612441473,3.3461084204789304
18,497,19728,201,68.4183,-29.4243,215.1746,2.155,4.6996,-5.4541,-4.1719,0.6479,-1.9735,6.8615,-0.2682,0.6073,-1.9863,car,502,46.7481,-43.572,4.7362,-1.5707,4.9894,0.0685,342.4389,4.989858608217271,17.963490989582176,21.6702,14.147700000000004,-10.1903,-2.6012,10.517055459110217,25.879624868417242,0,18_502_503_19778_ego_502,0,19778,19774,19778,vehicle_vehicle,0.3252734648699439,2.966036829087125,1.1144499877589389,8.53991732102835,15.0,3.0,3.5,0.8,0.9294745612441473,3.3461084204789304
18,502,19728,30,46.7481,-43.572,342.4389,2.1534,5.0925,4.7362,-1.5707,-0.6355,-0.0723,4.9894,0.0685,-0.5841,0.2607,car,502,46.7481,-43.572,4.7362,-1.5707,4.9894,0.0685,342.4389,4.989858608217271,17.963490989582176,0.0,0.0,0.0,0.0,0.0,0.0,1,18_502_503_19778_ego_502,1,19778,19774,19778,vehicle_vehicle,0.3252734648699439,2.966036829087125,1.1144499877589389,8.53991732102835,15.0,3.0,3.5,0.8,0.9294745612441473,3.3461084204789304
18,496,19729,296,55.3933,-34.1415,184.7938,1.9521,4.0185,-8.9294,-0.5612,-1.0464,1.5348,8.9451,0.187,0.9145,1.6169,car,502,46.9368,-43.6345,4.7139,-1.5759,4.9698,0.0717,342.3411,4.9703434509096045,17.893236423274576,8.456500000000005,9.493000000000002,-13.6433,1.0147,13.680981360267984,12.713356804951244,0,18_502_503_19778_ego_502,0,19778,19774,19778,vehicle_vehicle,0.3252734648699439,2.966036829087125,1.1144499877589389,8.53991732102835,15.0,3.0,3.5,0.8,0.9294745612441473,3.3461084204789304
18,497,19729,202,68.2008,-29.5934,215.801,2.155,4.6996,-5.4291,-4.2548,0.6987,-1.9686,6.8922,-0.275,0.5849,-2.0054,car,502,46.9368,-43.6345,4.7139,-1.5759,4.9698,0.0717,342.3411,4.9703434509096045,17.893236423274576,21.264000000000003,14.041100000000004,-10.143,-2.6789000000000005,10.490803315761859,25.481565595739998,0,18_502_503_19778_ego_502,0,19778,19774,19778,vehicle_vehicle,0.3252734648699439,2.966036829087125,1.1144499877589389,8.53991732102835,15.0,3.0,3.5,0.8,0.9294745612441473,3.3461084204789304
18,502,19729,31,46.9368,-43.6345,342.3411,2.1534,5.0925,4.7139,-1.5759,-0.7147,-0.0531,4.9698,0.0717,-0.6649,0.2674,car,502,46.9368,-43.6345,4.7139,-1.5759,4.9698,0.0717,342.3411,4.9703434509096045,17.893236423274576,0.0,0.0,0.0,0.0,0.0,0.0,1,18_502_503_19778_ego_502,1,19778,19774,19778,vehicle_vehicle,0.3252734648699439,2.966036829087125,1.1144499877589389,8.53991732102835,15.0,3.0,3.5,0.8,0.9294745612441473,3.3461084204789304
18,496,19730,297,55.0363,-34.1635,184.4121,1.9521,4.0185,-8.9724,-0.5003,-1.0544,1.5482,8.9843,0.1914,0.9322,1.6248,car,502,47.1247,-43.6973,4.6884,-1.5804,4.9471,0.0755,342.246,4.947601309725754,17.811364715012715,7.9116,9.5338,-13.6608,1.0801,13.703432878297322,12.388977237851394,0,18_502_503_19778_ego_502,0,19778,19774,19778,vehicle_vehicle,0.3252734648699439,2.966036829087125,1.1144499877589389,8.53991732102835,15.0,3.0,3.5,0.8,0.9294745612441473,3.3461084204789304
18,497,19730,203,67.9843,-29.766,216.4239,2.155,4.6996,-5.4021,-4.3371,0.7505,-1.9601,6.9219,-0.2823,0.5599,-2.0228,car,502,47.1247,-43.6973,4.6884,-1.5804,4.9471,0.0755,342.246,4.947601309725754,17.811364715012715,20.859600000000007,13.9313,-10.090499999999999,-2.7567000000000004,10.46028609264584,25.083939719469914,0,18_502_503_19778_ego_502,0,19778,19774,19778,vehicle_vehicle,0.3252734648699439,2.966036829087125,1.1144499877589389,8.53991732102835,15.0,3.0,3.5,0.8,0.9294745612441473,3.3461084204789304
18,502,19730,32,47.1247,-43.6973,342.246,2.1534,5.0925,4.6884,-1.5804,-0.7969,-0.0315,4.9471,0.0755,-0.7493,0.273,car,502,47.1247,-43.6973,4.6884,-1.5804,4.9471,0.0755,342.246,4.947601309725754,17.811364715012715,0.0,0.0,0.0,0.0,0.0,0.0,1,18_502_503_19778_ego_502,1,19778,19774,19778,vehicle_vehicle,0.3252734648699439,2.966036829087125,1.1144499877589389,8.53991732102835,15.0,3.0,3.5,0.8,0.9294745612441473,3.3461084204789304
18,496,19731,298,54.6777,-34.1845,184.0026,1.9521,4.0185,-9.0161,-0.4379,-1.0612,1.5616,9.0247,0.1925,0.9496,1.6319,car,502,47.3113,-43.7609,4.6598,-1.5839,4.921,0.08,342.1585,4.921633392482621,17.717880212937438,7.366399999999999,9.5764,-13.675899999999999,1.1460000000000001,13.723831710203967,12.081857718082926,0,18_502_503_19778_ego_502,0,19778,19774,19778,vehicle_vehicle,0.3252734648699439,2.966036829087125,1.1144499877589389,8.53991732102835,15.0,3.0,3.5,0.8,0.9294745612441473,3.3461084204789304
18,497,19731,204,67.7689,-29.9414,217.0392,2.155,4.6996,-5.373,-4.4189,0.8033,-1.948,6.9506,-0.2907,0.5322,-2.0388,car,502,47.3113,-43.7609,4.6598,-1.5839,4.921,0.08,342.1585,4.921633392482621,17.717880212937438,20.4576,13.819499999999998,-10.0328,-2.835,10.425655894954524,24.687891323683356,0,18_502_503_19778_ego_502,0,19778,19774,19778,vehicle_vehicle,0.3252734648699439,2.966036829087125,1.1144499877589389,8.53991732102835,15.0,3.0,3.5,0.8,0.9294745612441473,3.3461084204789304
18,502,19731,33,47.3113,-43.7609,342.1585,2.1534,5.0925,4.6598,-1.5839,-0.8823,-0.0077,4.921,0.08,-0.8375,0.2776,car,502,47.3113,-43.7609,4.6598,-1.5839,4.921,0.08,342.1585,4.921633392482621,17.717880212937438,0.0,0.0,0.0,0.0,0.0,0.0,1,18_502_503_19778_ego_502,1,19778,19774,19778,vehicle_vehicle,0.3252734648699439,2.966036829087125,1.1144499877589389,8.53991732102835,15.0,3.0,3.5,0.8,0.9294745612441473,3.3461084204789304
18,496,19732,299,54.3173,-34.202,183.5452,1.9521,4.0185,-9.0605,-0.3745,-1.0661,1.5744,9.0663,0.1864,0.9667,1.6373,car,502,47.4973,-43.8239,4.6276,-1.5866,4.8913,0.0842,342.0613,4.8920324324354185,17.611316756767508,6.82,9.621900000000004,-13.688099999999999,1.2121,13.741661763411292,11.793784787336085,0,18_502_503_19778_ego_502,0,19778,19774,19778,vehicle_vehicle,0.3252734648699439,2.966036829087125,1.1144499877589389,8.53991732102835,15.0,3.0,3.5,0.8,0.9294745612441473,3.3461084204789304
18,497,19732,205,67.5545,-30.1203,217.668,2.155,4.6996,-5.3418,-4.5,0.857,-1.9327,6.9783,-0.2977,0.5027,-2.0536,car,502,47.4973,-43.8239,4.6276,-1.5866,4.8913,0.0842,342.0613,4.8920324324354185,17.611316756767508,20.0572,13.703600000000002,-9.9694,-2.9134,10.386377420448383,24.29156077323975,0,18_502_503_19778_ego_502,0,19778,19774,19778,vehicle_vehicle,0.3252734648699439,2.966036829087125,1.1144499877589389,8.53991732102835,15.0,3.0,3.5,0.8,0.9294745612441473,3.3461084204789304
18,502,19732,34,47.4973,-43.8239,342.0613,2.1534,5.0925,4.6276,-1.5866,-0.9708,0.0185,4.8913,0.0842,-0.9293,0.2815,car,502,47.4973,-43.8239,4.6276,-1.5866,4.8913,0.0842,342.0613,4.8920324324354185,17.611316756767508,0.0,0.0,0.0,0.0,0.0,0.0,1,18_502_503_19778_ego_502,1,19778,19774,19778,vehicle_vehicle,0.3252734648699439,2.966036829087125,1.1144499877589389,8.53991732102835,15.0,3.0,3.5,0.8,0.9294745612441473,3.3461084204789304
18,496,19733,300,53.9545,-34.2152,183.0691,1.9521,4.0185,-9.1053,-0.3108,-1.069,1.5863,9.1089,0.1771,0.9826,1.6412,car,502,47.6825,-43.8873,4.5915,-1.5882,4.8577,0.0883,341.961,4.858420678574468,17.490314442868087,6.272000000000006,9.6721,-13.6968,1.2774,13.756237894133701,11.527684173761878,0,18_502_503_19778_ego_502,0,19778,19774,19778,vehicle_vehicle,0.3252734648699439,2.966036829087125,1.1144499877589389,8.53991732102835,15.0,3.0,3.5,0.8,0.9294745612441473,3.3461084204789304
18,497,19733,206,67.3413,-30.3023,218.3113,2.155,4.6996,-5.3084,-4.5802,0.9116,-1.9143,7.0047,-0.3031,0.4715,-2.0672,car,502,47.6825,-43.8873,4.5915,-1.5882,4.8577,0.0883,341.961,4.858420678574468,17.490314442868087,19.658800000000006,13.585000000000004,-9.899899999999999,-2.9919999999999995,10.342150840613376,23.896038216407348,0,18_502_503_19778_ego_502,0,19778,19774,19778,vehicle_vehicle,0.3252734648699439,2.966036829087125,1.1144499877589389,8.53991732102835,15.0,3.0,3.5,0.8,0.9294745612441473,3.3461084204789304
18,502,19733,35,47.6825,-43.8873,341.961,2.1534,5.0925,4.5915,-1.5882,-1.0623,0.047,4.8577,0.0883,-1.0246,0.2843,car,502,47.6825,-43.8873,4.5915,-1.5882,4.8577,0.0883,341.961,4.858420678574468,17.490314442868087,0.0,0.0,0.0,0.0,0.0,0.0,1,18_502_503_19778_ego_502,1,19778,19774,19778,vehicle_vehicle,0.3252734648699439,2.966036829087125,1.1144499877589389,8.53991732102835,15.0,3.0,3.5,0.8,0.9294745612441473,3.3461084204789304
18,496,19734,301,53.5902,-34.227,182.5848,1.9521,4.0185,-9.1506,-0.2464,-1.0696,1.5973,9.1524,0.1665,0.9965,1.6439,car,502,47.8666,-43.9511,4.5513,-1.5886,4.8197,0.0926,341.8586,4.820578974563118,17.354084308427225,5.723600000000005,9.7241,-13.701900000000002,1.3422,13.767482139084112,11.283515310841745,0,18_502_503_19778_ego_502,0,19778,19774,19778,vehicle_vehicle,0.3252734648699439,2.966036829087125,1.1144499877589389,8.53991732102835,15.0,3.0,3.5,0.8,0.9294745612441473,3.3461084204789304
18,497,19734,207,67.1291,-30.4878,218.9653,2.155,4.6996,-5.2725,-4.6595,0.9669,-1.8931,7.0296,-0.3073,0.4387,-2.08,car,502,47.8666,-43.9511,4.5513,-1.5886,4.8197,0.0926,341.8586,4.820578974563118,17.354084308427225,19.262499999999996,13.463299999999997,-9.8238,-3.0709000000000004,10.292593125641371,23.501156421333818,0,18_502_503_19778_ego_502,0,19778,19774,19778,vehicle_vehicle,0.3252734648699439,2.966036829087125,1.1144499877589389,8.53991732102835,15.0,3.0,3.5,0.8,0.9294745612441473,3.3461084204789304
18,502,19734,36,47.8666,-43.9511,341.8586,2.1534,5.0925,4.5513,-1.5886,-1.1563,0.0778,4.8197,0.0926,-1.123,0.2861,car,502,47.8666,-43.9511,4.5513,-1.5886,4.8197,0.0926,341.8586,4.820578974563118,17.354084308427225,0.0,0.0,0.0,0.0,0.0,0.0,1,18_502_503_19778_ego_502,1,19778,19774,19778,vehicle_vehicle,0.3252734648699439,2.966036829087125,1.1144499877589389,8.53991732102835,15.0,3.0,3.5,0.8,0.9294745612441473,3.3461084204789304
18,496,19735,302,53.2233,-34.2351,182.09,1.9521,4.0185,-9.1958,-0.1817,-1.0677,1.6075,9.1963,0.1538,1.0084,1.6454,car,502,48.0493,-44.015,4.5066,-1.5876,4.7771,0.0957,341.7415,4.778066274132246,17.201038586876084,5.1739999999999995,9.779899999999998,-13.7024,1.4059,13.774335576353584,11.064208964494478,0,18_502_503_19778_ego_502,0,19778,19774,19778,vehicle_vehicle,0.3252734648699439,2.966036829087125,1.1144499877589389,8.53991732102835,15.0,3.0,3.5,0.8,0.9294745612441473,3.3461084204789304
18,497,19735,208,66.9188,-30.6761,219.6297,2.155,4.6996,-5.2344,-4.7377,1.0227,-1.8693,7.0533,-0.3103,0.4046,-2.092,car,502,48.0493,-44.015,4.5066,-1.5876,4.7771,0.0957,341.7415,4.778066274132246,17.201038586876084,18.869500000000002,13.338899999999999,-9.741,-3.1501,10.237685822977769,23.108099953479517,0,18_502_503_19778_ego_502,0,19778,19774,19778,vehicle_vehicle,0.3252734648699439,2.966036829087125,1.1144499877589389,8.53991732102835,15.0,3.0,3.5,0.8,0.9294745612441473,3.3461084204789304
18,502,19735,37,48.0493,-44.015,341.7415,2.1534,5.0925,4.5066,-1.5876,-1.2522,0.1109,4.7771,0.0957,-1.2239,0.287,car,502,48.0493,-44.015,4.5066,-1.5876,4.7771,0.0957,341.7415,4.778066274132246,17.201038586876084,0.0,0.0,0.0,0.0,0.0,0.0,1,18_502_503_19778_ego_502,1,19778,19774,19778,vehicle_vehicle,0.3252734648699439,2.966036829087125,1.1144499877589389,8.53991732102835,15.0,3.0,3.5,0.8,0.9294745612441473,3.3461084204789304
18,496,19736,303,52.8539,-34.2391,181.5791,1.9521,4.0185,-9.2407,-0.1175,-1.0635,1.6173,9.2404,0.1372,1.0185,1.646,car,502,48.2299,-44.0787,4.4576,-1.5852,4.7301,0.0975,341.6051,4.731073535678768,17.031864728443566,4.624000000000002,9.839599999999997,-13.6983,1.4677,13.776703748720156,10.871941140385188,0,18_502_503_19778_ego_502,0,19778,19774,19778,vehicle_vehicle,0.3252734648699439,2.966036829087125,1.1144499877589389,8.53991732102835,15.0,3.0,3.5,0.8,0.9294745612441473,3.3461084204789304
18,497,19736,209,66.7102,-30.8683,220.3109,2.155,4.6996,-5.194,-4.8146,1.0791,-1.8432,7.0753,-0.3112,0.3695,-2.1036,car,502,48.2299,-44.0787,4.4576,-1.5852,4.7301,0.0975,341.6051,4.731073535678768,17.031864728443566,18.4803,13.210399999999996,-9.6516,-3.2294000000000005,10.177544248000103,22.71642921433736,0,18_502_503_19778_ego_502,0,19778,19774,19778,vehicle_vehicle,0.3252734648699439,2.966036829087125,1.1144499877589389,8.53991732102835,15.0,3.0,3.5,0.8,0.9294745612441473,3.3461084204789304
18,502,19736,38,48.2299,-44.0787,341.6051,2.1534,5.0925,4.4576,-1.5852,-1.3494,0.146,4.7301,0.0975,-1.3266,0.2873,car,502,48.2299,-44.0787,4.4576,-1.5852,4.7301,0.0975,341.6051,4.731073535678768,17.031864728443566,0.0,0.0,0.0,0.0,0.0,0.0,1,18_502_503_19778_ego_502,1,19778,19774,19778,vehicle_vehicle,0.3252734648699439,2.966036829087125,1.1144499877589389,8.53991732102835,15.0,3.0,3.5,0.8,0.9294745612441473,3.3461084204789304
18,496,19737,304,52.4824,-34.2398,181.0939,1.9521,4.0185,-9.285,-0.0539,-1.0573,1.6277,9.2844,0.1234,1.026,1.6476,car,502,48.4083,-44.1425,4.4043,-1.5812,4.6784,0.0987,341.4606,4.679535439549529,16.846327582378304,4.074100000000001,9.902699999999996,-13.6893,1.5272999999999999,13.774236086985004,10.708023071510443,0,18_502_503_19778_ego_502,0,19778,19774,19778,vehicle_vehicle,0.3252734648699439,2.966036829087125,1.1144499877589389,8.53991732102835,15.0,3.0,3.5,0.8,0.9294745612441473,3.3461084204789304
18,497,19737,210,66.5033,-31.0636,220.997,2.155,4.6996,-5.1513,-4.8898,1.136,-1.8153,7.0957,-0.3112,0.3335,-2.1153,car,502,48.4083,-44.1425,4.4043,-1.5812,4.6784,0.0987,341.4606,4.679535439549529,16.846327582378304,18.095,13.078899999999997,-9.5556,-3.3086,10.112186970186023,22.32681460060973,0,18_502_503_19778_ego_502,0,19778,19774,19778,vehicle_vehicle,0.3252734648699439,2.966036829087125,1.1144499877589389,8.53991732102835,15.0,3.0,3.5,0.8,0.9294745612441473,3.3461084204789304
18,502,19737,39,48.4083,-44.1425,341.4606,2.1534,5.0925,4.4043,-1.5812,-1.4475,0.183,4.6784,0.0987,-1.4306,0.2867,car,502,48.4083,-44.1425,4.4043,-1.5812,4.6784,0.0987,341.4606,4.679535439549529,16.846327582378304,0.0,0.0,0.0,0.0,0.0,0.0,1,18_502_503_19778_ego_502,1,19778,19774,19778,vehicle_vehicle,0.3252734648699439,2.966036829087125,1.1144499877589389,8.53991732102835,15.0,3.0,3.5,0.8,0.9294745612441473,3.3461084204789304
18,496,19738,305,52.1092,-34.2406,180.6431,1.9521,4.0185,-9.3287,0.0101,-1.0494,1.6391,9.328,0.1149,1.031,1.6508,car,502,48.5845,-44.2064,4.3465,-1.5753,4.6221,0.0996,341.3124,4.6231625906948155,16.643385326501335,3.524700000000003,9.965800000000002,-13.6752,1.5854,13.766792952608824,10.570746413096856,0,18_502_503_19778_ego_502,0,19778,19774,19778,vehicle_vehicle,0.3252734648699439,2.966036829087125,1.1144499877589389,8.53991732102835,15.0,3.0,3.5,0.8,0.9294745612441473,3.3461084204789304
18,497,19738,211,66.2979,-31.2617,221.6954,2.155,4.6996,-5.1063,-4.9636,1.1934,-1.786,7.1144,-0.3097,0.2969,-2.1274,car,502,48.5845,-44.2064,4.3465,-1.5753,4.6221,0.0996,341.3124,4.6231625906948155,16.643385326501335,17.7134,12.944700000000001,-9.4528,-3.3882999999999996,10.04171323679381,21.939229650331846,0,18_502_503_19778_ego_502,0,19778,19774,19778,vehicle_vehicle,0.3252734648699439,2.966036829087125,1.1144499877589389,8.53991732102835,15.0,3.0,3.5,0.8,0.9294745612441473,3.3461084204789304
18,502,19738,40,48.5845,-44.2064,341.3124,2.1534,5.0925,4.3465,-1.5753,-1.546,0.2217,4.6221,0.0996,-1.5355,0.2854,car,502,48.5845,-44.2064,4.3465,-1.5753,4.6221,0.0996,341.3124,4.6231625906948155,16.643385326501335,0.0,0.0,0.0,0.0,0.0,0.0,1,18_502_503_19778_ego_502,1,19778,19774,19778,vehicle_vehicle,0.3252734648699439,2.966036829087125,1.1144499877589389,8.53991732102835,15.0,3.0,3.5,0.8,0.9294745612441473,3.3461084204789304
18,496,19739,306,51.7336,-34.2386,180.2371,1.9521,4.0185,-9.3715,0.0745,-1.0406,1.6517,9.3711,0.1133,1.0337,1.656,car,502,48.7587,-44.2706,4.2842,-1.5674,4.5608,0.1003,341.1642,4.561919815165541,16.42291133459595,2.974900000000005,10.032000000000004,-13.6557,1.6419,13.75405315170768,10.463797303560504,0,18_502_503_19778_ego_502,0,19778,19774,19778,vehicle_vehicle,0.3252734648699439,2.966036829087125,1.1144499877589389,8.53991732102835,15.0,3.0,3.5,0.8,0.9294745612441473,3.3461084204789304
18,497,19739,212,66.0943,-31.4619,222.3878,2.155,4.6996,-5.0589,-5.0361,1.2511,-1.7557,7.1315,-0.3092,0.2595,-2.1402,car,502,48.7587,-44.2706,4.2842,-1.5674,4.5608,0.1003,341.1642,4.561919815165541,16.42291133459595,17.335600000000007,12.808700000000002,-9.3431,-3.4687,9.966212786209212,21.554253015356394,0,18_502_503_19778_ego_502,0,19778,19774,19778,vehicle_vehicle,0.3252734648699439,2.966036829087125,1.1144499877589389,8.53991732102835,15.0,3.0,3.5,0.8,0.9294745612441473,3.3461084204789304
18,502,19739,41,48.7587,-44.2706,341.1642,2.1534,5.0925,4.2842,-1.5674,-1.6443,0.2615,4.5608,0.1003,-1.6407,0.2834,car,502,48.7587,-44.2706,4.2842,-1.5674,4.5608,0.1003,341.1642,4.561919815165541,16.42291133459595,0.0,0.0,0.0,0.0,0.0,0.0,1,18_502_503_19778_ego_502,1,19778,19774,19778,vehicle_vehicle,0.3252734648699439,2.966036829087125,1.1144499877589389,8.53991732102835,15.0,3.0,3.5,0.8,0.9294745612441473,3.3461084204789304
18,496,19740,307,51.3569,-34.2325,179.8612,1.9521,4.0185,-9.4134,0.1386,-1.0311,1.666,9.4137,0.1158,1.0352,1.6635,car,502,48.9307,-44.3337,4.2171,-1.5576,4.4945,0.1013,341.0188,4.4955589385525805,16.184012178789292,2.4262000000000015,10.101199999999999,-13.6305,1.6962000000000002,13.735633392384932,10.388488238430073,0,18_502_503_19778_ego_502,0,19778,19774,19778,vehicle_vehicle,0.3252734648699439,2.966036829087125,1.1144499877589389,8.53991732102835,15.0,3.0,3.5,0.8,0.9294745612441473,3.3461084204789304
18,497,19740,213,65.8921,-31.6652,223.0967,2.155,4.6996,-5.0088,-5.1072,1.3089,-1.7244,7.1468,-0.3071,0.2224,-2.1535,car,502,48.9307,-44.3337,4.2171,-1.5576,4.4945,0.1013,341.0188,4.4955589385525805,16.184012178789292,16.961399999999998,12.668500000000002,-9.2259,-3.5496,9.885185429216792,21.170261741650716,0,18_502_503_19778_ego_502,0,19778,19774,19778,vehicle_vehicle,0.3252734648699439,2.966036829087125,1.1144499877589389,8.53991732102835,15.0,3.0,3.5,0.8,0.9294745612441473,3.3461084204789304
18,502,19740,42,48.9307,-44.3337,341.0188,2.1534,5.0925,4.2171,-1.5576,-1.7417,0.3022,4.4945,0.1013,-1.7453,0.2807,car,502,48.9307,-44.3337,4.2171,-1.5576,4.4945,0.1013,341.0188,4.4955589385525805,16.184012178789292,0.0,0.0,0.0,0.0,0.0,0.0,1,18_502_503_19778_ego_502,1,19778,19774,19778,vehicle_vehicle,0.3252734648699439,2.966036829087125,1.1144499877589389,8.53991732102835,15.0,3.0,3.5,0.8,0.9294745612441473,3.3461084204789304
18,496,19741,308,50.9786,-34.2228,179.5155,1.9521,4.0185,-9.4547,0.2022,-1.0215,1.6827,9.456,0.1222,1.0357,1.674,car,502,49.1003,-44.3963,4.1453,-1.546,4.423,0.1019,340.8666,4.42420931805899,15.927153545012365,1.878300000000003,10.173499999999997,-13.600000000000001,1.7482,13.711900059437424,10.345439243454091,0,18_502_503_19778_ego_502,0,19778,19774,19778,vehicle_vehicle,0.3252734648699439,2.966036829087125,1.1144499877589389,8.53991732102835,15.0,3.0,3.5,0.8,0.9294745612441473,3.3461084204789304
18,497,19741,214,65.6921,-31.8714,223.8145,2.155,4.6996,-4.9561,-5.1768,1.3666,-1.6924,7.1603,-0.3043,0.1856,-2.1673,car,502,49.1003,-44.3963,4.1453,-1.546,4.423,0.1019,340.8666,4.42420931805899,15.927153545012365,16.5918,12.524899999999995,-9.1014,-3.6308,9.798887212331817,20.788481119360302,0,18_502_503_19778_ego_502,0,19778,19774,19778,vehicle_vehicle,0.3252734648699439,2.966036829087125,1.1144499877589389,8.53991732102835,15.0,3.0,3.5,0.8,0.9294745612441473,3.3461084204789304
18,502,19741,43,49.1003,-44.3963,340.8666,2.1534,5.0925,4.1453,-1.546,-1.8374,0.3435,4.423,0.1019,-1.8485,0.2777,car,502,49.1003,-44.3963,4.1453,-1.546,4.423,0.1019,340.8666,4.42420931805899,15.927153545012365,0.0,0.0,0.0,0.0,0.0,0.0,1,18_502_503_19778_ego_502,1,19778,19774,19778,vehicle_vehicle,0.3252734648699439,2.966036829087125,1.1144499877589389,8.53991732102835,15.0,3.0,3.5,0.8,0.9294745612441473,3.3461084204789304
18,496,19742,309,50.5995,-34.214,179.1983,1.9521,4.0185,-9.4954,0.2667,-1.012,1.7023,9.4982,0.1338,1.0357,1.688,car,502,49.2672,-44.4585,4.0686,-1.5325,4.3464,0.1023,340.7092,4.347650194070355,15.651540698653278,1.3322999999999965,10.244500000000002,-13.564,1.7992,13.682807337677456,10.330769745764352,0,18_502_503_19778_ego_502,0,19778,19774,19778,vehicle_vehicle,0.3252734648699439,2.966036829087125,1.1144499877589389,8.53991732102835,15.0,3.0,3.5,0.8,0.9294745612441473,3.3461084204789304
18,497,19742,215,65.4939,-32.08,224.538,2.155,4.6996,-4.9007,-5.245,1.4237,-1.6597,7.1719,-0.3013,0.1493,-2.1816,car,502,49.2672,-44.4585,4.0686,-1.5325,4.3464,0.1023,340.7092,4.347650194070355,15.651540698653278,16.226699999999994,12.378500000000003,-8.9693,-3.7125000000000004,9.707265255467165,20.409141460139864,0,18_502_503_19778_ego_502,0,19778,19774,19778,vehicle_vehicle,0.3252734648699439,2.966036829087125,1.1144499877589389,8.53991732102835,15.0,3.0,3.5,0.8,0.9294745612441473,3.3461084204789304
18,502,19742,44,49.2672,-44.4585,340.7092,2.1534,5.0925,4.0686,-1.5325,-1.9304,0.385,4.3464,0.1023,-1.9492,0.2743,car,502,49.2672,-44.4585,4.0686,-1.5325,4.3464,0.1023,340.7092,4.347650194070355,15.651540698653278,0.0,0.0,0.0,0.0,0.0,0.0,1,18_502_503_19778_ego_502,1,19778,19774,19778,vehicle_vehicle,0.3252734648699439,2.966036829087125,1.1144499877589389,8.53991732102835,15.0,3.0,3.5,0.8,0.9294745612441473,3.3461084204789304
18,496,19743,310,50.2189,-34.2062,178.909,1.9521,4.0185,-9.5359,0.3336,-1.0025,1.724,9.5405,0.152,1.0351,1.7046,car,502,49.4302,-44.5205,3.9874,-1.5169,4.2649,0.1033,340.5602,4.266186162135919,15.35827018368931,0.7886999999999986,10.314299999999996,-13.523299999999999,1.8504999999999998,13.649322076205836,10.344410673402324,0,18_502_503_19778_ego_502,0,19778,19774,19778,vehicle_vehicle,0.3252734648699439,2.966036829087125,1.1144499877589389,8.53991732102835,15.0,3.0,3.5,0.8,0.9294745612441473,3.3461084204789304
18,497,19743,216,65.2984,-32.2911,225.2659,2.155,4.6996,-4.8427,-5.312,1.48,-1.6265,7.182,-0.2985,0.1138,-2.1961,car,502,49.4302,-44.5205,3.9874,-1.5169,4.2649,0.1033,340.5602,4.266186162135919,15.35827018368931,15.868200000000002,12.229399999999998,-8.8301,-3.7951000000000006,9.61111075890815,20.033921123933776,0,18_502_503_19778_ego_502,0,19778,19774,19778,vehicle_vehicle,0.3252734648699439,2.966036829087125,1.1144499877589389,8.53991732102835,15.0,3.0,3.5,0.8,0.9294745612441473,3.3461084204789304
18,502,19743,45,49.4302,-44.5205,340.5602,2.1534,5.0925,3.9874,-1.5169,-2.0198,0.4266,4.2649,0.1033,-2.0466,0.2699,car,502,49.4302,-44.5205,3.9874,-1.5169,4.2649,0.1033,340.5602,4.266186162135919,15.35827018368931,0.0,0.0,0.0,0.0,0.0,0.0,1,18_502_503_19778_ego_502,1,19778,19774,19778,vehicle_vehicle,0.3252734648699439,2.966036829087125,1.1144499877589389,8.53991732102835,15.0,3.0,3.5,0.8,0.9294745612441473,3.3461084204789304
18,496,19744,311,49.8363,-34.1961,178.5651,1.9521,4.0185,-9.5758,0.4033,-0.9931,1.7458,9.5829,0.1634,1.0365,1.7204,car,502,49.5899,-44.5808,3.9019,-1.4996,4.1789,0.1047,340.4126,4.180146381408192,15.04852697306949,0.24640000000000128,10.384700000000002,-13.477699999999999,1.9029,13.611371191029946,10.387622781464488,0,18_502_503_19778_ego_502,0,19778,19774,19778,vehicle_vehicle,0.3252734648699439,2.966036829087125,1.1144499877589389,8.53991732102835,15.0,3.0,3.5,0.8,0.9294745612441473,3.3461084204789304
18,497,19744,217,65.105,-32.5051,225.9749,2.155,4.6996,-4.7822,-5.3776,1.5351,-1.5928,7.1902,-0.2987,0.0784,-2.2107,car,502,49.5899,-44.5808,3.9019,-1.4996,4.1789,0.1047,340.4126,4.180146381408192,15.04852697306949,15.515100000000004,12.075700000000005,-8.684099999999999,-3.878,9.510650703816221,19.66064237251673,0,18_502_503_19778_ego_502,0,19778,19774,19778,vehicle_vehicle,0.3252734648699439,2.966036829087125,1.1144499877589389,8.53991732102835,15.0,3.0,3.5,0.8,0.9294745612441473,3.3461084204789304
18,502,19744,46,49.5899,-44.5808,340.4126,2.1534,5.0925,3.9019,-1.4996,-2.1049,0.468,4.1789,0.1047,-2.14,0.2647,car,502,49.5899,-44.5808,3.9019,-1.4996,4.1789,0.1047,340.4126,4.180146381408192,15.04852697306949,0.0,0.0,0.0,0.0,0.0,0.0,1,18_502_503_19778_ego_502,1,19778,19774,19778,vehicle_vehicle,0.3252734648699439,2.966036829087125,1.1144499877589389,8.53991732102835,15.0,3.0,3.5,0.8,0.9294745612441473,3.3461084204789304
18,496,19745,312,49.452,-34.1826,178.2037,1.9521,4.0185,-9.6151,0.4755,-0.984,1.7661,9.6253,0.1739,1.0389,1.7344,car,502,49.7462,-44.6408,3.8123,-1.4805,4.0883,0.1065,340.2687,4.089683550105069,14.722860780378248,-0.29420000000000357,10.458199999999998,-13.4274,1.956,13.569119601506946,10.462337257037738,0,18_502_503_19778_ego_502,0,19778,19774,19778,vehicle_vehicle,0.3252734648699439,2.966036829087125,1.1144499877589389,8.53991732102835,15.0,3.0,3.5,0.8,0.9294745612441473,3.3461084204789304
18,497,19745,218,64.9145,-32.7216,226.6777,2.155,4.6996,-4.7193,-5.4417,1.5888,-1.5585,7.1968,-0.3003,0.0438,-2.2252,car,502,49.7462,-44.6408,3.8123,-1.4805,4.0883,0.1065,340.2687,4.089683550105069,14.722860780378248,15.168300000000002,11.919199999999996,-8.5316,-3.9612,9.406343816807889,19.2910511255867,0,18_502_503_19778_ego_502,0,19778,19774,19778,vehicle_vehicle,0.3252734648699439,2.966036829087125,1.1144499877589389,8.53991732102835,15.0,3.0,3.5,0.8,0.9294745612441473,3.3461084204789304
18,502,19745,47,49.7462,-44.6408,340.2687,2.1534,5.0925,3.8123,-1.4805,-2.1849,0.5091,4.0883,0.1065,-2.2285,0.2584,car,502,49.7462,-44.6408,3.8123,-1.4805,4.0883,0.1065,340.2687,4.089683550105069,14.722860780378248,0.0,0.0,0.0,0.0,0.0,0.0,1,18_502_503_19778_ego_502,1,19778,19774,19778,vehicle_vehicle,0.3252734648699439,2.966036829087125,1.1144499877589389,8.53991732102835,15.0,3.0,3.5,0.8,0.9294745612441473,3.3461084204789304
18,496,19746,313,49.0665,-34.1652,177.8225,1.9521,4.0185,-9.654,0.5497,-0.9754,1.7835,9.6679,0.1825,1.0424,1.7451,car,502,49.8982,-44.7004,3.719,-1.4595,3.9936,0.1081,340.1233,3.99513469735377,14.382484910473572,-0.831700000000005,10.535200000000003,-13.373,2.0092,13.52309186687719,10.56797823285041,0,18_502_503_19778_ego_502,0,19778,19774,19778,vehicle_vehicle,0.3252734648699439,2.966036829087125,1.1144499877589389,8.53991732102835,15.0,3.0,3.5,0.8,0.9294745612441473,3.3461084204789304
18,497,19746,219,64.7271,-32.9405,227.3776,2.155,4.6996,-4.6542,-5.5045,1.6409,-1.5239,7.2021,-0.3027,0.0101,-2.2394,car,502,49.8982,-44.7004,3.719,-1.4595,3.9936,0.1081,340.1233,3.99513469735377,14.382484910473572,14.82889999999999,11.759900000000002,-8.3732,-4.045,9.299059266398942,18.92594841005332,0,18_502_503_19778_ego_502,0,19778,19774,19778,vehicle_vehicle,0.3252734648699439,2.966036829087125,1.1144499877589389,8.53991732102835,15.0,3.0,3.5,0.8,0.9294745612441473,3.3461084204789304
18,502,19746,48,49.8982,-44.7004,340.1233,2.1534,5.0925,3.719,-1.4595,-2.2593,0.5498,3.9936,0.1081,-2.3116,0.2511,car,502,49.8982,-44.7004,3.719,-1.4595,3.9936,0.1081,340.1233,3.99513469735377,14.382484910473572,0.0,0.0,0.0,0.0,0.0,0.0,1,18_502_503_19778_ego_502,1,19778,19774,19778,vehicle_vehicle,0.3252734648699439,2.966036829087125,1.1144499877589389,8.53991732102835,15.0,3.0,3.5,0.8,0.9294745612441473,3.3461084204789304
18,496,19747,314,48.6793,-34.1441,177.4218,1.9521,4.0185,-9.6925,0.6255,-0.9672,1.7968,9.7108,0.1889,1.047,1.7515,car,502,50.0465,-44.7589,3.6221,-1.4366,3.8951,0.1103,339.9875,3.896591840313789,14.02773062512964,-1.367200000000004,10.614799999999995,-13.3146,2.0621,13.473337729382427,10.70248638775121,0,18_502_503_19778_ego_502,0,19778,19774,19778,vehicle_vehicle,0.3252734648699439,2.966036829087125,1.1144499877589389,8.53991732102835,15.0,3.0,3.5,0.8,0.9294745612441473,3.3461084204789304
18,497,19747,220,64.5423,-33.1627,228.0906,2.155,4.6996,-4.5871,-5.5656,1.6916,-1.4889,7.206,-0.3038,-0.0219,-2.2534,car,502,50.0465,-44.7589,3.6221,-1.4366,3.8951,0.1103,339.9875,3.896591840313789,14.02773062512964,14.495799999999996,11.596199999999996,-8.209200000000001,-4.129,9.189102548127321,18.563406801554496,0,18_502_503_19778_ego_502,0,19778,19774,19778,vehicle_vehicle,0.3252734648699439,2.966036829087125,1.1144499877589389,8.53991732102835,15.0,3.0,3.5,0.8,0.9294745612441473,3.3461084204789304
18,502,19747,49,50.0465,-44.7589,339.9875,2.1534,5.0925,3.6221,-1.4366,-2.3274,0.5896,3.8951,0.1103,-2.3887,0.2425,car,502,50.0465,-44.7589,3.6221,-1.4366,3.8951,0.1103,339.9875,3.896591840313789,14.02773062512964,0.0,0.0,0.0,0.0,0.0,0.0,1,18_502_503_19778_ego_502,1,19778,19774,19778,vehicle_vehicle,0.3252734648699439,2.966036829087125,1.1144499877589389,8.53991732102835,15.0,3.0,3.5,0.8,0.9294745612441473,3.3461084204789304
18,496,19748,315,48.2906,-34.1194,177.0173,1.9521,4.0185,-9.7306,0.7026,-0.9596,1.8053,9.754,0.1953,1.0522,1.7529,car,502,50.1909,-44.817,3.522,-1.4117,3.7927,0.112,339.8496,3.7943880784653534,13.659797082475272,-1.9003000000000014,10.697600000000001,-13.252600000000001,2.1143,13.42019639386846,10.865071829030862,0,18_502_503_19778_ego_502,0,19778,19774,19778,vehicle_vehicle,0.3252734648699439,2.966036829087125,1.1144499877589389,8.53991732102835,15.0,3.0,3.5,0.8,0.9294745612441473,3.3461084204789304
18,497,19748,221,64.3601,-33.387,228.8094,2.155,4.6996,-4.518,-5.6251,1.7408,-1.4538,7.2084,-0.3046,-0.0524,-2.2675,car,502,50.1909,-44.817,3.522,-1.4117,3.7927,0.112,339.8496,3.7943880784653534,13.659797082475272,14.169200000000004,11.43,-8.04,-4.2134,9.077132782988249,18.204700729207282,0,18_502_503_19778_ego_502,0,19778,19774,19778,vehicle_vehicle,0.3252734648699439,2.966036829087125,1.1144499877589389,8.53991732102835,15.0,3.0,3.5,0.8,0.9294745612441473,3.3461084204789304
18,502,19748,50,50.1909,-44.817,339.8496,2.1534,5.0925,3.522,-1.4117,-2.3888,0.6284,3.7927,0.112,-2.459,0.233,car,502,50.1909,-44.817,3.522,-1.4117,3.7927,0.112,339.8496,3.7943880784653534,13.659797082475272,0.0,0.0,0.0,0.0,0.0,0.0,1,18_502_503_19778_ego_502,1,19778,19774,19778,vehicle_vehicle,0.3252734648699439,2.966036829087125,1.1144499877589389,8.53991732102835,15.0,3.0,3.5,0.8,0.9294745612441473,3.3461084204789304
18,496,19749,316,47.9005,-34.0915,176.5983,1.9521,4.0185,-9.7683,0.7806,-0.9527,1.8083,9.7974,0.1996,1.0583,1.7485,car,502,50.3308,-44.8745,3.4191,-1.3847,3.6871,0.1122,339.6954,3.6888533313212655,13.279871992756556,-2.4303000000000026,10.782999999999994,-13.1874,2.1653000000000002,13.363983045858745,11.05348122041196,0,18_502_503_19778_ego_502,0,19778,19774,19778,vehicle_vehicle,0.3252734648699439,2.966036829087125,1.1144499877589389,8.53991732102835,15.0,3.0,3.5,0.8,0.9294745612441473,3.3461084204789304
18,497,19749,222,64.1809,-33.6136,229.5233,2.155,4.6996,-4.4469,-5.6831,1.7886,-1.4189,7.2096,-0.3065,-0.0817,-2.2816,car,502,50.3308,-44.8745,3.4191,-1.3847,3.6871,0.1122,339.6954,3.6888533313212655,13.279871992756556,13.85009999999999,11.2609,-7.866,-4.298399999999999,8.963827227250645,17.85029800367489,0,18_502_503_19778_ego_502,0,19778,19774,19778,vehicle_vehicle,0.3252734648699439,2.966036829087125,1.1144499877589389,8.53991732102835,15.0,3.0,3.5,0.8,0.9294745612441473,3.3461084204789304
18,502,19749,51,50.3308,-44.8745,339.6954,2.1534,5.0925,3.4191,-1.3847,-2.443,0.6655,3.6871,0.1122,-2.5221,0.2236,car,502,50.3308,-44.8745,3.4191,-1.3847,3.6871,0.1122,339.6954,3.6888533313212655,13.279871992756556,0.0,0.0,0.0,0.0,0.0,0.0,1,18_502_503_19778_ego_502,1,19778,19774,19778,vehicle_vehicle,0.3252734648699439,2.966036829087125,1.1144499877589389,8.53991732102835,15.0,3.0,3.5,0.8,0.9294745612441473,3.3461084204789304
18,496,19750,317,47.5085,-34.0596,176.1995,1.9521,4.0185,-9.8055,0.8591,-0.9465,1.8052,9.8409,0.2073,1.0641,1.7385,car,502,50.4663,-44.9307,3.3137,-1.3556,3.5785,0.1117,339.5387,3.5802596344399378,12.888934683983777,-2.957799999999999,10.871099999999998,-13.1192,2.2146999999999997,13.30482261174496,11.266294690358492,0,18_502_503_19778_ego_502,0,19778,19774,19778,vehicle_vehicle,0.3252734648699439,2.966036829087125,1.1144499877589389,8.53991732102835,15.0,3.0,3.5,0.8,0.9294745612441473,3.3461084204789304
18,497,19750,223,64.0042,-33.8421,230.2482,2.155,4.6996,-4.3738,-5.7396,1.8349,-1.3843,7.2096,-0.3075,-0.1091,-2.2959,car,502,50.4663,-44.9307,3.3137,-1.3556,3.5785,0.1117,339.5387,3.5802596344399378,12.888934683983777,13.5379,11.0886,-7.6875,-4.384,8.849695602109714,17.499479602833908,0,18_502_503_19778_ego_502,0,19778,19774,19778,vehicle_vehicle,0.3252734648699439,2.966036829087125,1.1144499877589389,8.53991732102835,15.0,3.0,3.5,0.8,0.9294745612441473,3.3461084204789304
18,502,19750,52,50.4663,-44.9307,339.5387,2.1534,5.0925,3.3137,-1.3556,-2.4896,0.7004,3.5785,0.1117,-2.5774,0.2141,car,502,50.4663,-44.9307,3.3137,-1.3556,3.5785,0.1117,339.5387,3.5802596344399378,12.888934683983777,0.0,0.0,0.0,0.0,0.0,0.0,1,18_502_503_19778_ego_502,1,19778,19774,19778,vehicle_vehicle,0.3252734648699439,2.966036829087125,1.1144499877589389,8.53991732102835,15.0,3.0,3.5,0.8,0.9294745612441473,3.3461084204789304
18,496,19751,318,47.1158,-34.0238,175.8132,1.9521,4.0185,-9.8426,0.9374,-0.9411,1.7961,9.8848,0.2163,1.0697,1.7226,car,502,50.598,-44.9852,3.2059,-1.3248,3.4671,0.1101,339.3675,3.4688456076914123,12.487844187689085,-3.482199999999999,10.961399999999998,-13.048499999999999,2.2622,13.243145437923726,11.501217622495451,0,18_502_503_19778_ego_502,0,19778,19774,19778,vehicle_vehicle,0.3252734648699439,2.966036829087125,1.1144499877589389,8.53991732102835,15.0,3.0,3.5,0.8,0.9294745612441473,3.3461084204789304
18,497,19751,224,63.8303,-34.0727,230.9706,2.155,4.6996,-4.2988,-5.7947,1.8795,-1.3499,7.2085,-0.3097,-0.135,-2.3101,car,502,50.598,-44.9852,3.2059,-1.3248,3.4671,0.1101,339.3675,3.4688456076914123,12.487844187689085,13.232300000000002,10.912500000000001,-7.5047,-4.4699,8.735017349725185,17.151571926211314,0,18_502_503_19778_ego_502,0,19778,19774,19778,vehicle_vehicle,0.3252734648699439,2.966036829087125,1.1144499877589389,8.53991732102835,15.0,3.0,3.5,0.8,0.9294745612441473,3.3461084204789304
18,502,19751,53,50.598,-44.9852,339.3675,2.1534,5.0925,3.2059,-1.3248,-2.5284,0.7327,3.4671,0.1101,-2.6244,0.2052,car,502,50.598,-44.9852,3.2059,-1.3248,3.4671,0.1101,339.3675,3.4688456076914123,12.487844187689085,0.0,0.0,0.0,0.0,0.0,0.0,1,18_502_503_19778_ego_502,1,19778,19774,19778,vehicle_vehicle,0.3252734648699439,2.966036829087125,1.1144499877589389,8.53991732102835,15.0,3.0,3.5,0.8,0.9294745612441473,3.3461084204789304
18,496,19752,319,46.7214,-33.9849,175.4226,1.9521,4.0185,-9.8795,1.0154,-0.9365,1.7808,9.9291,0.2238,1.0756,1.7004,car,502,50.7247,-45.0384,3.0965,-1.2923,3.3536,0.1076,339.1835,3.3553467093580656,12.079248153689036,-4.003299999999996,11.0535,-12.975999999999999,2.3077,13.179607554475966,11.756116414020404,0,18_502_503_19778_ego_502,0,19778,19774,19778,vehicle_vehicle,0.3252734648699439,2.966036829087125,1.1144499877589389,8.53991732102835,15.0,3.0,3.5,0.8,0.9294745612441473,3.3461084204789304
18,497,19752,225,63.6593,-34.305,231.7016,2.155,4.6996,-4.2217,-5.8487,1.9224,-1.3156,7.2064,-0.3116,-0.159,-2.324,car,502,50.7247,-45.0384,3.0965,-1.2923,3.3536,0.1076,339.1835,3.3553467093580656,12.079248153689036,12.934600000000003,10.733400000000003,-7.3182,-4.5564,8.620721095128877,16.80802643738997,0,18_502_503_19778_ego_502,0,19778,19774,19778,vehicle_vehicle,0.3252734648699439,2.966036829087125,1.1144499877589389,8.53991732102835,15.0,3.0,3.5,0.8,0.9294745612441473,3.3461084204789304
18,502,19752,54,50.7247,-45.0384,339.1835,2.1534,5.0925,3.0965,-1.2923,-2.5589,0.762,3.3536,0.1076,-2.6626,0.1971,car,502,50.7247,-45.0384,3.0965,-1.2923,3.3536,0.1076,339.1835,3.3553467093580656,12.079248153689036,0.0,0.0,0.0,0.0,0.0,0.0,1,18_502_503_19778_ego_502,1,19778,19774,19778,vehicle_vehicle,0.3252734648699439,2.966036829087125,1.1144499877589389,8.53991732102835,15.0,3.0,3.5,0.8,0.9294745612441473,3.3461084204789304
18,496,19753,320,46.3249,-33.9423,175.0308,1.9521,4.0185,-9.916,1.0926,-0.9327,1.7595,9.9734,0.2296,1.0816,1.6721,car,502,50.8469,-45.0896,2.9856,-1.2587,3.2384,0.1047,338.9925,3.24008225975823,11.664296135129629,-4.5219999999999985,11.147299999999994,-12.9016,2.3513,13.114110501669566,12.029579431135565,0,18_502_503_19778_ego_502,0,19778,19774,19778,vehicle_vehicle,0.3252734648699439,2.966036829087125,1.1144499877589389,8.53991732102835,15.0,3.0,3.5,0.8,0.9294745612441473,3.3461084204789304
18,497,19753,226,63.4918,-34.5398,232.4486,2.155,4.6996,-4.1428,-5.9014,1.9633,-1.2813,7.2036,-0.3123,-0.1808,-2.3374,car,502,50.8469,-45.0896,2.9856,-1.2587,3.2384,0.1047,338.9925,3.24008225975823,11.664296135129629,12.6449,10.549799999999998,-7.1284,-4.6427,8.506982417402778,16.46790138572611,0,18_502_503_19778_ego_502,0,19778,19774,19778,vehicle_vehicle,0.3252734648699439,2.966036829087125,1.1144499877589389,8.53991732102835,15.0,3.0,3.5,0.8,0.9294745612441473,3.3461084204789304
18,502,19753,55,50.8469,-45.0896,338.9925,2.1534,5.0925,2.9856,-1.2587,-2.581,0.7882,3.2384,0.1047,-2.692,0.1894,car,502,50.8469,-45.0896,2.9856,-1.2587,3.2384,0.1047,338.9925,3.24008225975823,11.664296135129629,0.0,0.0,0.0,0.0,0.0,0.0,1,18_502_503_19778_ego_502,1,19778,19774,19778,vehicle_vehicle,0.3252734648699439,2.966036829087125,1.1144499877589389,8.53991732102835,15.0,3.0,3.5,0.8,0.9294745612441473,3.3461084204789304
18,496,19754,321,45.9278,-33.8965,174.6508,1.9521,4.0185,-9.9525,1.1686,-0.9299,1.7323,10.0181,0.2357,1.0873,1.6381,car,502,50.9649,-45.1398,2.8736,-1.2238,3.1217,0.1013,338.7919,3.123341704008705,11.244030134431338,-5.037100000000002,11.243299999999998,-12.8261,2.3924000000000003,13.047314626772822,12.320071886965595,0,18_502_503_19778_ego_502,0,19778,19774,19778,vehicle_vehicle,0.3252734648699439,2.966036829087125,1.1144499877589389,8.53991732102835,15.0,3.0,3.5,0.8,0.9294745612441473,3.3461084204789304
18,497,19754,227,63.3277,-34.7768,233.2351,2.155,4.6996,-4.0623,-5.9528,2.0022,-1.2468,7.2002,-0.3087,-0.1996,-2.3502,car,502,50.9649,-45.1398,2.8736,-1.2238,3.1217,0.1013,338.7919,3.123341704008705,11.244030134431338,12.3628,10.363,-6.9359,-4.729,8.394650070729572,16.131664292316525,0,18_502_503_19778_ego_502,0,19778,19774,19778,vehicle_vehicle,0.3252734648699439,2.966036829087125,1.1144499877589389,8.53991732102835,15.0,3.0,3.5,0.8,0.9294745612441473,3.3461084204789304
18,502,19754,56,50.9649,-45.1398,338.7919,2.1534,5.0925,2.8736,-1.2238,-2.5945,0.8111,3.1217,0.1013,-2.7122,0.1824,car,502,50.9649,-45.1398,2.8736,-1.2238,3.1217,0.1013,338.7919,3.123341704008705,11.244030134431338,0.0,0.0,0.0,0.0,0.0,0.0,1,18_502_503_19778_ego_502,1,19778,19774,19778,vehicle_vehicle,0.3252734648699439,2.966036829087125,1.1144499877589389,8.53991732102835,15.0,3.0,3.5,0.8,0.9294745612441473,3.3461084204789304
18,496,19755,322,45.5292,-33.8474,174.2756,1.9521,4.0185,-9.989,1.2432,-0.9278,1.6997,10.0631,0.2407,1.0927,1.5987,car,502,51.0779,-45.1885,2.7611,-1.1878,3.0041,0.0984,338.5991,3.00575149505078,10.820705382182808,-5.548699999999997,11.341099999999997,-12.7501,2.431,12.979784705841618,12.625712688795034,0,18_502_503_19778_ego_502,0,19778,19774,19778,vehicle_vehicle,0.3252734648699439,2.966036829087125,1.1144499877589389,8.53991732102835,15.0,3.0,3.5,0.8,0.9294745612441473,3.3461084204789304
18,497,19755,228,63.167,-35.0161,234.048,2.155,4.6996,-3.9803,-6.0027,2.0392,-1.2123,7.1961,-0.3022,-0.2159,-2.3625,car,502,51.0779,-45.1885,2.7611,-1.1878,3.0041,0.0984,338.5991,3.00575149505078,10.820705382182808,12.089100000000002,10.172399999999996,-6.7414000000000005,-4.8149,8.284306607676951,15.799495579606331,0,18_502_503_19778_ego_502,0,19778,19774,19778,vehicle_vehicle,0.3252734648699439,2.966036829087125,1.1144499877589389,8.53991732102835,15.0,3.0,3.5,0.8,0.9294745612441473,3.3461084204789304
18,502,19755,57,51.0779,-45.1885,338.5991,2.1534,5.0925,2.7611,-1.1878,-2.5992,0.8306,3.0041,0.0984,-2.723,0.1751,car,502,51.0779,-45.1885,2.7611,-1.1878,3.0041,0.0984,338.5991,3.00575149505078,10.820705382182808,0.0,0.0,0.0,0.0,0.0,0.0,1,18_502_503_19778_ego_502,1,19778,19774,19778,vehicle_vehicle,0.3252734648699439,2.966036829087125,1.1144499877589389,8.53991732102835,15.0,3.0,3.5,0.8,0.9294745612441473,3.3461084204789304
18,496,19756,323,45.1291,-33.7949,173.8951,1.9521,4.0185,-10.0254,1.3159,-0.9264,1.6621,10.1085,0.2423,1.098,1.5542,car,502,51.1859,-45.2346,2.6485,-1.1514,2.8864,0.095,338.3885,2.8879532908272596,10.396631846978135,-6.0567999999999955,11.439700000000002,-12.6739,2.4673,12.911828317476964,12.94417097886149,0,18_502_503_19778_ego_502,0,19778,19774,19778,vehicle_vehicle,0.3252734648699439,2.966036829087125,1.1144499877589389,8.53991732102835,15.0,3.0,3.5,0.8,0.9294745612441473,3.3461084204789304
18,497,19756,229,63.0096,-35.2578,234.8751,2.155,4.6996,-3.8969,-6.051,2.0743,-1.1779,7.1912,-0.2943,-0.2301,-2.3743,car,502,51.1859,-45.2346,2.6485,-1.1514,2.8864,0.095,338.3885,2.8879532908272596,10.396631846978135,11.823700000000002,9.976799999999997,-6.5454,-4.8996,8.176083495170534,15.470501605636452,0,18_502_503_19778_ego_502,0,19778,19774,19778,vehicle_vehicle,0.3252734648699439,2.966036829087125,1.1144499877589389,8.53991732102835,15.0,3.0,3.5,0.8,0.9294745612441473,3.3461084204789304
18,502,19756,58,51.1859,-45.2346,338.3885,2.1534,5.0925,2.6485,-1.1514,-2.5952,0.8467,2.8864,0.095,-2.7246,0.1687,car,502,51.1859,-45.2346,2.6485,-1.1514,2.8864,0.095,338.3885,2.8879532908272596,10.396631846978135,0.0,0.0,0.0,0.0,0.0,0.0,1,18_502_503_19778_ego_502,1,19778,19774,19778,vehicle_vehicle,0.3252734648699439,2.966036829087125,1.1144499877589389,8.53991732102835,15.0,3.0,3.5,0.8,0.9294745612441473,3.3461084204789304
18,496,19757,324,44.7272,-33.7395,173.5068,1.9521,4.0185,-10.0617,1.3866,-0.9258,1.6201,10.154,0.2398,1.1031,1.505,car,502,51.2892,-45.2799,2.5362,-1.1144,2.7687,0.0919,338.1822,2.770234250022911,9.97284330008248,-6.561999999999998,11.540399999999998,-12.5979,2.5010000000000003,12.843756670460554,13.27556688657776,0,18_502_503_19778_ego_502,0,19778,19774,19778,vehicle_vehicle,0.3252734648699439,2.966036829087125,1.1144499877589389,8.53991732102835,15.0,3.0,3.5,0.8,0.9294745612441473,3.3461084204789304
18,497,19757,230,62.8551,-35.5003,235.7211,2.155,4.6996,-3.812,-6.0981,2.1076,-1.1435,7.1859,-0.2847,-0.2422,-2.3855,car,502,51.2892,-45.2799,2.5362,-1.1144,2.7687,0.0919,338.1822,2.770234250022911,9.97284330008248,11.5659,9.779599999999995,-6.3482,-4.9837,8.070744013410412,15.14630710668445,0,18_502_503_19778_ego_502,0,19778,19774,19778,vehicle_vehicle,0.3252734648699439,2.966036829087125,1.1144499877589389,8.53991732102835,15.0,3.0,3.5,0.8,0.9294745612441473,3.3461084204789304
18,502,19757,59,51.2892,-45.2799,338.1822,2.1534,5.0925,2.5362,-1.1144,-2.5826,0.8596,2.7687,0.0919,-2.7171,0.1618,car,502,51.2892,-45.2799,2.5362,-1.1144,2.7687,0.0919,338.1822,2.770234250022911,9.97284330008248,0.0,0.0,0.0,0.0,0.0,0.0,1,18_502_503_19778_ego_502,1,19778,19774,19778,vehicle_vehicle,0.3252734648699439,2.966036829087125,1.1144499877589389,8.53991732102835,15.0,3.0,3.5,0.8,0.9294745612441473,3.3461084204789304
18,503,19757,0,40.9916,-41.8079,344.8012,2.0859,4.9018,4.5219,-1.3161,-0.4427,0.1238,4.7088,0.0846,-0.4597,-0.0034,car,502,51.2892,-45.2799,2.5362,-1.1144,2.7687,0.0919,338.1822,2.770234250022911,9.97284330008248,-10.297600000000003,3.4720000000000013,1.9856999999999996,-0.2017,1.9959176786631252,10.867168433405276,0,18_502_503_19778_ego_502,1,19778,19774,19778,vehicle_vehicle,0.3252734648699439,2.966036829087125,1.1144499877589389,8.53991732102835,15.0,3.0,3.5,0.8,0.9294745612441473,3.3461084204789304
18,496,19758,325,44.3236,-33.6808,173.1128,1.9521,4.0185,-10.0978,1.4547,-0.926,1.5743,10.1994,0.2333,1.1081,1.4519,car,502,51.388,-45.3233,2.4248,-1.077,2.6517,0.0891,337.9754,2.653221445714624,9.551597204572648,-7.064399999999999,11.642500000000005,-12.522599999999999,2.5317,12.775954588601197,13.618133264511702,0,18_502_503_19778_ego_502,0,19778,19774,19778,vehicle_vehicle,0.3252734648699439,2.966036829087125,1.1144499877589389,8.53991732102835,15.0,3.0,3.5,0.8,0.9294745612441473,3.3461084204789304
18,497,19758,231,62.7035,-35.745,236.575,2.155,4.6996,-3.7254,-6.1439,2.1387,-1.1091,7.1799,-0.2751,-0.2524,-2.396,car,502,51.388,-45.3233,2.4248,-1.077,2.6517,0.0891,337.9754,2.653221445714624,9.551597204572648,11.3155,9.578300000000006,-6.1502,-5.0669,7.968590568601201,14.825126344824184,0,18_502_503_19778_ego_502,0,19778,19774,19778,vehicle_vehicle,0.3252734648699439,2.966036829087125,1.1144499877589389,8.53991732102835,15.0,3.0,3.5,0.8,0.9294745612441473,3.3461084204789304
18,502,19758,60,51.388,-45.3233,337.9754,2.1534,5.0925,2.4248,-1.077,-2.5618,0.8695,2.6517,0.0891,-2.7009,0.1547,car,502,51.388,-45.3233,2.4248,-1.077,2.6517,0.0891,337.9754,2.653221445714624,9.551597204572648,0.0,0.0,0.0,0.0,0.0,0.0,1,18_502_503_19778_ego_502,1,19778,19774,19778,vehicle_vehicle,0.3252734648699439,2.966036829087125,1.1144499877589389,8.53991732102835,15.0,3.0,3.5,0.8,0.9294745612441473,3.3461084204789304
18,503,19758,1,41.1707,-41.8592,344.7833,2.0859,4.9018,4.5138,-1.3127,-0.471,0.1289,4.7001,0.0819,-0.4883,-0.0008,car,502,51.388,-45.3233,2.4248,-1.077,2.6517,0.0891,337.9754,2.653221445714624,9.551597204572648,-10.217300000000002,3.464100000000002,2.089,-0.23570000000000002,2.1022548584793426,10.788568399004571,0,18_502_503_19778_ego_502,1,19778,19774,19778,vehicle_vehicle,0.3252734648699439,2.966036829087125,1.1144499877589389,8.53991732102835,15.0,3.0,3.5,0.8,0.9294745612441473,3.3461084204789304
18,496,19759,326,43.9184,-33.6191,172.7228,1.9521,4.0185,-10.1338,1.5201,-0.9271,1.5256,10.2447,0.2243,1.1129,1.3959,car,502,51.4827,-45.3661,2.3142,-1.039,2.5353,0.0872,337.7906,2.5367385832994302,9.132258899877948,-7.564300000000003,11.747,-12.448,2.5591,12.708331787060015,13.971780254856574,0,18_502_503_19778_ego_502,0,19778,19774,19778,vehicle_vehicle,0.3252734648699439,2.966036829087125,1.1144499877589389,8.53991732102835,15.0,3.0,3.5,0.8,0.9294745612441473,3.3461084204789304
18,497,19759,232,62.556,-35.9911,237.4325,2.155,4.6996,-3.6375,-6.1885,2.1676,-1.0746,7.1735,-0.2657,-0.2612,-2.4052,car,502,51.4827,-45.3661,2.3142,-1.039,2.5353,0.0872,337.7906,2.5367385832994302,9.132258899877948,11.073299999999996,9.375,-5.951700000000001,-5.149500000000001,7.870202229930309,14.508914428378159,0,18_502_503_19778_ego_502,0,19778,19774,19778,vehicle_vehicle,0.3252734648699439,2.966036829087125,1.1144499877589389,8.53991732102835,15.0,3.0,3.5,0.8,0.9294745612441473,3.3461084204789304
18,502,19759,61,51.4827,-45.3661,337.7906,2.1534,5.0925,2.3142,-1.039,-2.5329,0.8762,2.5353,0.0872,-2.6762,0.1462,car,502,51.4827,-45.3661,2.3142,-1.039,2.5353,0.0872,337.7906,2.5367385832994302,9.132258899877948,0.0,0.0,0.0,0.0,0.0,0.0,1,18_502_503_19778_ego_502,1,19778,19774,19778,vehicle_vehicle,0.3252734648699439,2.966036829087125,1.1144499877589389,8.53991732102835,15.0,3.0,3.5,0.8,0.9294745612441473,3.3461084204789304
18,503,19759,2,41.3501,-41.911,344.7618,2.0859,4.9018,4.5048,-1.3093,-0.5091,0.1357,4.6906,0.0793,-0.5269,0.0028,car,502,51.4827,-45.3661,2.3142,-1.039,2.5353,0.0872,337.7906,2.5367385832994302,9.132258899877948,-10.132600000000004,3.4551000000000016,2.1906000000000003,-0.2703,2.2072132769626047,10.70547984772285,0,18_502_503_19778_ego_502,1,19778,19774,19778,vehicle_vehicle,0.3252734648699439,2.966036829087125,1.1144499877589389,8.53991732102835,15.0,3.0,3.5,0.8,0.9294745612441473,3.3461084204789304
18,496,19760,327,43.5117,-33.5545,172.3198,1.9521,4.0185,-10.1695,1.5826,-0.9296,1.475,10.2898,0.2093,1.1184,1.3376,car,502,51.5727,-45.4072,2.205,-1.0008,2.42,0.0854,337.6108,2.4214924406241702,8.717372786247013,-8.061,11.852700000000006,-12.3745,2.5834,12.641289720989706,14.334092865961214,0,18_502_503_19778_ego_502,0,19778,19774,19778,vehicle_vehicle,0.3252734648699439,2.966036829087125,1.1144499877589389,8.53991732102835,15.0,3.0,3.5,0.8,0.9294745612441473,3.3461084204789304
18,497,19760,233,62.4125,-36.2397,238.2944,2.155,4.6996,-3.5486,-6.2317,2.1942,-1.0398,7.1666,-0.2561,-0.2685,-2.4132,car,502,51.5727,-45.4072,2.205,-1.0008,2.42,0.0854,337.6108,2.4214924406241702,8.717372786247013,10.839800000000004,9.167500000000004,-5.7536000000000005,-5.2309,7.776003328831592,14.196630596377442,0,18_502_503_19778_ego_502,0,19778,19774,19778,vehicle_vehicle,0.3252734648699439,2.966036829087125,1.1144499877589389,8.53991732102835,15.0,3.0,3.5,0.8,0.9294745612441473,3.3461084204789304
18,502,19760,62,51.5727,-45.4072,337.6108,2.1534,5.0925,2.205,-1.0008,-2.4959,0.8798,2.42,0.0854,-2.6429,0.1372,car,502,51.5727,-45.4072,2.205,-1.0008,2.42,0.0854,337.6108,2.4214924406241702,8.717372786247013,0.0,0.0,0.0,0.0,0.0,0.0,1,18_502_503_19778_ego_502,1,19778,19774,19778,vehicle_vehicle,0.3252734648699439,2.966036829087125,1.1144499877589389,8.53991732102835,15.0,3.0,3.5,0.8,0.9294745612441473,3.3461084204789304
18,503,19760,3,41.5297,-41.9624,344.7483,2.0859,4.9018,4.4944,-1.3061,-0.5571,0.1445,4.6797,0.0778,-0.5755,0.0071,car,502,51.5727,-45.4072,2.205,-1.0008,2.42,0.0854,337.6108,2.4214924406241702,8.717372786247013,-10.043,3.4448000000000008,2.2893999999999997,-0.3053000000000001,2.309666740029825,10.617367660583295,0,18_502_503_19778_ego_502,1,19778,19774,19778,vehicle_vehicle,0.3252734648699439,2.966036829087125,1.1144499877589389,8.53991732102835,15.0,3.0,3.5,0.8,0.9294745612441473,3.3461084204789304
18,496,19761,328,43.1041,-33.4868,171.9349,1.9521,4.0185,-10.2053,1.6417,-0.9334,1.4236,10.3347,0.1937,1.1239,1.2786,car,502,51.6585,-45.4467,2.0975,-0.9622,2.3061,0.0836,337.433,2.307668756559312,8.307607523613523,-8.554399999999994,11.959899999999998,-12.3028,2.6039,12.575340275714211,14.70431798384406,0,18_502_503_19778_ego_502,0,19778,19774,19778,vehicle_vehicle,0.3252734648699439,2.966036829087125,1.1144499877589389,8.53991732102835,15.0,3.0,3.5,0.8,0.9294745612441473,3.3461084204789304
18,497,19761,234,62.2725,-36.4899,239.1701,2.155,4.6996,-3.4587,-6.2734,2.2185,-1.0049,7.1595,-0.2451,-0.2741,-2.4201,car,502,51.6585,-45.4467,2.0975,-0.9622,2.3061,0.0836,337.433,2.307668756559312,8.307607523613523,10.614000000000004,8.956800000000001,-5.5562000000000005,-5.3111999999999995,7.6863648026879385,13.888169866472692,0,18_502_503_19778_ego_502,0,19778,19774,19778,vehicle_vehicle,0.3252734648699439,2.966036829087125,1.1144499877589389,8.53991732102835,15.0,3.0,3.5,0.8,0.9294745612441473,3.3461084204789304
18,502,19761,63,51.6585,-45.4467,337.433,2.1534,5.0925,2.0975,-0.9622,-2.4512,0.8801,2.3061,0.0836,-2.6013,0.128,car,502,51.6585,-45.4467,2.0975,-0.9622,2.3061,0.0836,337.433,2.307668756559312,8.307607523613523,0.0,0.0,0.0,0.0,0.0,0.0,1,18_502_503_19778_ego_502,1,19778,19774,19778,vehicle_vehicle,0.3252734648699439,2.966036829087125,1.1144499877589389,8.53991732102835,15.0,3.0,3.5,0.8,0.9294745612441473,3.3461084204789304
18,503,19761,4,41.71,-42.0137,344.7287,2.0859,4.9018,4.4817,-1.3028,-0.6149,0.1556,4.6666,0.0763,-0.6342,0.0118,car,502,51.6585,-45.4467,2.0975,-0.9622,2.3061,0.0836,337.433,2.307668756559312,8.307607523613523,-9.948499999999996,3.433,2.3842,-0.3405999999999999,2.4084056967213807,10.524169385276917,0,18_502_503_19778_ego_502,1,19778,19774,19778,vehicle_vehicle,0.3252734648699439,2.966036829087125,1.1144499877589389,8.53991732102835,15.0,3.0,3.5,0.8,0.9294745612441473,3.3461084204789304
18,496,19762,329,42.6955,-33.4174,171.5628,1.9521,4.0185,-10.2414,1.6978,-0.9385,1.3726,10.3796,0.1768,1.1297,1.22,car,502,51.7402,-45.4851,1.9918,-0.9234,2.1939,0.0815,337.253,2.1954349910666906,7.903565967840087,-9.044699999999999,12.067700000000002,-12.2332,2.6212,12.510870140801558,15.080980783092327,0,18_502_503_19778_ego_502,0,19778,19774,19778,vehicle_vehicle,0.3252734648699439,2.966036829087125,1.1144499877589389,8.53991732102835,15.0,3.0,3.5,0.8,0.9294745612441473,3.3461084204789304
18,497,19762,235,62.1359,-36.7414,240.0428,2.155,4.6996,-3.3678,-6.3139,2.2408,-0.9698,7.152,-0.235,-0.2787,-2.4257,car,502,51.7402,-45.4851,1.9918,-0.9234,2.1939,0.0815,337.253,2.1954349910666906,7.903565967840087,10.395699999999998,8.743700000000004,-5.3596,-5.3905,7.601500010524239,13.583919470462126,0,18_502_503_19778_ego_502,0,19778,19774,19778,vehicle_vehicle,0.3252734648699439,2.966036829087125,1.1144499877589389,8.53991732102835,15.0,3.0,3.5,0.8,0.9294745612441473,3.3461084204789304
18,502,19762,64,51.7402,-45.4851,337.253,2.1534,5.0925,1.9918,-0.9234,-2.3988,0.8769,2.1939,0.0815,-2.5513,0.1188,car,502,51.7402,-45.4851,1.9918,-0.9234,2.1939,0.0815,337.253,2.1954349910666906,7.903565967840087,0.0,0.0,0.0,0.0,0.0,0.0,1,18_502_503_19778_ego_502,1,19778,19774,19778,vehicle_vehicle,0.3252734648699439,2.966036829087125,1.1144499877589389,8.53991732102835,15.0,3.0,3.5,0.8,0.9294745612441473,3.3461084204789304
18,503,19762,5,41.8901,-42.0658,344.7029,2.0859,4.9018,4.4662,-1.299,-0.682,0.1692,4.6507,0.0746,-0.7025,0.0167,car,502,51.7402,-45.4851,1.9918,-0.9234,2.1939,0.0815,337.253,2.1954349910666906,7.903565967840087,-9.850100000000005,3.4193,2.4743999999999997,-0.37559999999999993,2.502744637393116,10.426700460836116,0,18_502_503_19778_ego_502,1,19778,19774,19778,vehicle_vehicle,0.3252734648699439,2.966036829087125,1.1144499877589389,8.53991732102835,15.0,3.0,3.5,0.8,0.9294745612441473,3.3461084204789304
18,496,19763,330,42.2861,-33.3453,171.2154,1.9521,4.0185,-10.2781,1.7506,-0.9446,1.323,10.4249,0.1604,1.1356,1.1632,car,502,51.8175,-45.5218,1.8884,-0.8846,2.0838,0.0795,337.0832,2.0853229294284374,7.507162545942375,-9.531400000000005,12.176499999999997,-12.166500000000001,2.6352,12.448614432538266,15.463335287382215,0,18_502_503_19778_ego_502,0,19778,19774,19778,vehicle_vehicle,0.3252734648699439,2.966036829087125,1.1144499877589389,8.53991732102835,15.0,3.0,3.5,0.8,0.9294745612441473,3.3461084204789304
18,497,19763,236,62.0037,-36.995,240.9174,2.155,4.6996,-3.2763,-6.3528,2.261,-0.9345,7.1443,-0.2247,-0.2823,-2.4302,car,502,51.8175,-45.5218,1.8884,-0.8846,2.0838,0.0795,337.0832,2.0853229294284374,7.507162545942375,10.1862,8.526800000000001,-5.1647,-5.4682,7.52165788440288,13.284012521824874,0,18_502_503_19778_ego_502,0,19778,19774,19778,vehicle_vehicle,0.3252734648699439,2.966036829087125,1.1144499877589389,8.53991732102835,15.0,3.0,3.5,0.8,0.9294745612441473,3.3461084204789304
18,502,19763,65,51.8175,-45.5218,337.0832,2.1534,5.0925,1.8884,-0.8846,-2.3389,0.8701,2.0838,0.0795,-2.4931,0.1094,car,502,51.8175,-45.5218,1.8884,-0.8846,2.0838,0.0795,337.0832,2.0853229294284374,7.507162545942375,0.0,0.0,0.0,0.0,0.0,0.0,1,18_502_503_19778_ego_502,1,19778,19774,19778,vehicle_vehicle,0.3252734648699439,2.966036829087125,1.1144499877589389,8.53991732102835,15.0,3.0,3.5,0.8,0.9294745612441473,3.3461084204789304
18,503,19763,6,42.0698,-42.1177,344.6727,2.0859,4.9018,4.4473,-1.2946,-0.7579,0.1852,4.6314,0.0729,-0.7799,0.0218,car,502,51.8175,-45.5218,1.8884,-0.8846,2.0838,0.0795,337.0832,2.0853229294284374,7.507162545942375,-9.747700000000002,3.4040999999999997,2.5589000000000004,-0.4099999999999999,2.591538000879015,10.324996469733055,0,18_502_503_19778_ego_502,1,19778,19774,19778,vehicle_vehicle,0.3252734648699439,2.966036829087125,1.1144499877589389,8.53991732102835,15.0,3.0,3.5,0.8,0.9294745612441473,3.3461084204789304
18,496,19764,331,41.8759,-33.2703,170.9193,1.9521,4.0185,-10.3157,1.7998,-0.9512,1.2764,10.4705,0.1492,1.1408,1.1103,car,502,51.8902,-45.5566,1.7878,-0.846,1.9764,0.0775,336.9215,1.9778637061233517,7.120309342044067,-10.014299999999999,12.286300000000004,-12.1035,2.6458,12.389308692982027,15.850532236489729,0,18_502_503_19778_ego_502,0,19778,19774,19778,vehicle_vehicle,0.3252734648699439,2.966036829087125,1.1144499877589389,8.53991732102835,15.0,3.0,3.5,0.8,0.9294745612441473,3.3461084204789304
18,497,19764,237,61.8745,-37.25,241.7802,2.155,4.6996,-3.1839,-6.3902,2.2793,-0.8992,7.1362,-0.2162,-0.2855,-2.4335,car,502,51.8902,-45.5566,1.7878,-0.846,1.9764,0.0775,336.9215,1.9778637061233517,7.120309342044067,9.984299999999998,8.306600000000003,-4.9717,-5.5442,7.446875487746522,12.987911689336357,0,18_502_503_19778_ego_502,0,19778,19774,19778,vehicle_vehicle,0.3252734648699439,2.966036829087125,1.1144499877589389,8.53991732102835,15.0,3.0,3.5,0.8,0.9294745612441473,3.3461084204789304
18,502,19764,66,51.8902,-45.5566,336.9215,2.1534,5.0925,1.7878,-0.846,-2.2717,0.8594,1.9764,0.0775,-2.4268,0.0998,car,502,51.8902,-45.5566,1.7878,-0.846,1.9764,0.0775,336.9215,1.9778637061233517,7.120309342044067,0.0,0.0,0.0,0.0,0.0,0.0,1,18_502_503_19778_ego_502,1,19778,19774,19778,vehicle_vehicle,0.3252734648699439,2.966036829087125,1.1144499877589389,8.53991732102835,15.0,3.0,3.5,0.8,0.9294745612441473,3.3461084204789304
18,503,19764,7,42.2489,-42.1698,344.6307,2.0859,4.9018,4.4247,-1.2894,-0.8418,0.2034,4.6082,0.0705,-0.8656,0.027,car,502,51.8902,-45.5566,1.7878,-0.846,1.9764,0.0775,336.9215,1.9778637061233517,7.120309342044067,-9.641300000000001,3.386800000000001,2.6369,-0.4434000000000001,2.6739194396989596,10.21885903269049,0,18_502_503_19778_ego_502,1,19778,19774,19778,vehicle_vehicle,0.3252734648699439,2.966036829087125,1.1144499877589389,8.53991732102835,15.0,3.0,3.5,0.8,0.9294745612441473,3.3461084204789304
18,496,19765,332,41.4633,-33.1971,170.6681,1.9521,4.0185,-10.3539,1.8471,-0.9579,1.2335,10.5164,0.1437,1.1452,1.0619,car,502,51.959,-45.5894,1.6902,-0.808,1.8719,0.0758,336.7708,1.8734033308393576,6.744251991021687,-10.495700000000006,12.392299999999999,-12.0441,2.6551,12.333284267379877,16.239729609202247,0,18_502_503_19778_ego_502,0,19778,19774,19778,vehicle_vehicle,0.3252734648699439,2.966036829087125,1.1144499877589389,8.53991732102835,15.0,3.0,3.5,0.8,0.9294745612441473,3.3461084204789304
18,497,19765,238,61.7491,-37.5071,242.6343,2.155,4.6996,-3.091,-6.426,2.2957,-0.8638,7.1277,-0.2088,-0.2881,-2.4359,car,502,51.959,-45.5894,1.6902,-0.808,1.8719,0.0758,336.7708,1.8734033308393576,6.744251991021687,9.790099999999995,8.082299999999996,-4.7812,-5.618,7.377113083042716,12.695260190322996,0,18_502_503_19778_ego_502,0,19778,19774,19778,vehicle_vehicle,0.3252734648699439,2.966036829087125,1.1144499877589389,8.53991732102835,15.0,3.0,3.5,0.8,0.9294745612441473,3.3461084204789304
18,502,19765,67,51.959,-45.5894,336.7708,2.1534,5.0925,1.6902,-0.808,-2.1977,0.8451,1.8719,0.0758,-2.3528,0.0902,car,502,51.959,-45.5894,1.6902,-0.808,1.8719,0.0758,336.7708,1.8734033308393576,6.744251991021687,0.0,0.0,0.0,0.0,0.0,0.0,1,18_502_503_19778_ego_502,1,19778,19774,19778,vehicle_vehicle,0.3252734648699439,2.966036829087125,1.1144499877589389,8.53991732102835,15.0,3.0,3.5,0.8,0.9294745612441473,3.3461084204789304
18,503,19765,8,42.4273,-42.2211,344.5899,2.0859,4.9018,4.3979,-1.2835,-0.9331,0.2239,4.5809,0.0687,-0.959,0.0321,car,502,51.959,-45.5894,1.6902,-0.808,1.8719,0.0758,336.7708,1.8734033308393576,6.744251991021687,-9.5317,3.368299999999998,2.7077,-0.47550000000000003,2.7491343255650498,10.109339730170314,0,18_502_503_19778_ego_502,1,19778,19774,19778,vehicle_vehicle,0.3252734648699439,2.966036829087125,1.1144499877589389,8.53991732102835,15.0,3.0,3.5,0.8,0.9294745612441473,3.3461084204789304
18,496,19766,333,41.0487,-33.1216,170.4372,1.9521,4.0185,-10.3925,1.8924,-0.9643,1.1945,10.5625,0.1396,1.1493,1.0177,car,502,52.0238,-45.6209,1.596,-0.7705,1.7707,0.0746,336.6419,1.7722545669288035,6.380116440943692,-10.975100000000005,12.499299999999998,-11.9885,2.6629,12.280682744049697,16.63386066131372,0,18_502_503_19778_ego_502,0,19778,19774,19778,vehicle_vehicle,0.3252734648699439,2.966036829087125,1.1144499877589389,8.53991732102835,15.0,3.0,3.5,0.8,0.9294745612441473,3.3461084204789304
18,497,19766,239,61.6279,-37.7656,243.4664,2.155,4.6996,-2.9975,-6.46,2.3105,-0.8289,7.1186,-0.204,-0.2905,-2.4375,car,502,52.0238,-45.6209,1.596,-0.7705,1.7707,0.0746,336.6419,1.7722545669288035,6.380116440943692,9.604099999999995,7.8553,-4.593500000000001,-5.6895,7.312362990169457,12.407436274267134,0,18_502_503_19778_ego_502,0,19778,19774,19778,vehicle_vehicle,0.3252734648699439,2.966036829087125,1.1144499877589389,8.53991732102835,15.0,3.0,3.5,0.8,0.9294745612441473,3.3461084204789304
18,502,19766,68,52.0238,-45.6209,336.6419,2.1534,5.0925,1.596,-0.7705,-2.1171,0.8271,1.7707,0.0746,-2.2716,0.0801,car,502,52.0238,-45.6209,1.596,-0.7705,1.7707,0.0746,336.6419,1.7722545669288035,6.380116440943692,0.0,0.0,0.0,0.0,0.0,0.0,1,18_502_503_19778_ego_502,1,19778,19774,19778,vehicle_vehicle,0.3252734648699439,2.966036829087125,1.1144499877589389,8.53991732102835,15.0,3.0,3.5,0.8,0.9294745612441473,3.3461084204789304
18,503,19766,9,42.6045,-42.2724,344.5448,2.0859,4.9018,4.3667,-1.2767,-1.0307,0.2466,4.549,0.0669,-1.0592,0.037,car,502,52.0238,-45.6209,1.596,-0.7705,1.7707,0.0746,336.6419,1.7722545669288035,6.380116440943692,-9.4193,3.3485000000000014,2.7706999999999997,-0.5062,2.816561188754826,9.996782719455295,0,18_502_503_19778_ego_502,1,19778,19774,19778,vehicle_vehicle,0.3252734648699439,2.966036829087125,1.1144499877589389,8.53991732102835,15.0,3.0,3.5,0.8,0.9294745612441473,3.3461084204789304
18,496,19767,334,40.6328,-33.0443,170.2268,1.9521,4.0185,-10.4316,1.9359,-0.9703,1.1597,10.6088,0.1371,1.1531,0.9781,car,502,52.0846,-45.6512,1.5056,-0.7338,1.6734,0.0731,336.5166,1.6749011314104485,6.029644073077614,-11.451799999999999,12.606900000000003,-11.937199999999999,2.6696999999999997,12.232090660635246,17.031666120788067,0,18_502_503_19778_ego_502,0,19778,19774,19778,vehicle_vehicle,0.3252734648699439,2.966036829087125,1.1144499877589389,8.53991732102835,15.0,3.0,3.5,0.8,0.9294745612441473,3.3461084204789304
18,497,19767,240,61.5106,-38.0254,244.2748,2.155,4.6996,-2.9038,-6.4923,2.3239,-0.7947,7.1093,-0.202,-0.2928,-2.4385,car,502,52.0846,-45.6512,1.5056,-0.7338,1.6734,0.0731,336.5166,1.6749011314104485,6.029644073077614,9.425999999999995,7.625800000000005,-4.4094,-5.7585,7.252801569738414,12.124450570644427,0,18_502_503_19778_ego_502,0,19778,19774,19778,vehicle_vehicle,0.3252734648699439,2.966036829087125,1.1144499877589389,8.53991732102835,15.0,3.0,3.5,0.8,0.9294745612441473,3.3461084204789304
18,502,19767,69,52.0846,-45.6512,336.5166,2.1534,5.0925,1.5056,-0.7338,-2.0306,0.8055,1.6734,0.0731,-2.1834,0.0704,car,502,52.0846,-45.6512,1.5056,-0.7338,1.6734,0.0731,336.5166,1.6749011314104485,6.029644073077614,0.0,0.0,0.0,0.0,0.0,0.0,1,18_502_503_19778_ego_502,1,19778,19774,19778,vehicle_vehicle,0.3252734648699439,2.966036829087125,1.1144499877589389,8.53991732102835,15.0,3.0,3.5,0.8,0.9294745612441473,3.3461084204789304
18,503,19767,10,42.7803,-42.3234,344.4953,2.0859,4.9018,4.3307,-1.269,-1.1341,0.2715,4.5123,0.0652,-1.1654,0.0415,car,502,52.0846,-45.6512,1.5056,-0.7338,1.6734,0.0731,336.5166,1.6749011314104485,6.029644073077614,-9.304300000000005,3.3278000000000034,2.8251,-0.5351999999999999,2.8753485093115234,9.881510579359823,0,18_502_503_19778_ego_502,1,19778,19774,19778,vehicle_vehicle,0.3252734648699439,2.966036829087125,1.1144499877589389,8.53991732102835,15.0,3.0,3.5,0.8,0.9294745612441473,3.3461084204789304
18,496,19768,335,40.2151,-32.9653,170.0359,1.9521,4.0185,-10.471,1.9777,-0.9758,1.1292,10.6553,0.1361,1.1565,0.9434,car,502,52.1415,-45.6797,1.4194,-0.698,1.5801,0.0712,336.3919,1.5817396625235138,5.69426278508465,-11.926400000000001,12.714399999999998,-11.8904,2.6757,12.187739029450869,17.432583982875286,0,18_502_503_19778_ego_502,0,19778,19774,19778,vehicle_vehicle,0.3252734648699439,2.966036829087125,1.1144499877589389,8.53991732102835,15.0,3.0,3.5,0.8,0.9294745612441473,3.3461084204789304
18,497,19768,241,61.3966,-38.2865,245.056,2.155,4.6996,-2.8097,-6.523,2.336,-0.7614,7.0995,-0.2033,-0.2948,-2.4392,car,502,52.1415,-45.6797,1.4194,-0.698,1.5801,0.0712,336.3919,1.5817396625235138,5.69426278508465,9.255099999999999,7.3932,-4.2291,-5.824999999999999,7.198327014661114,11.845517390557491,0,18_502_503_19778_ego_502,0,19778,19774,19778,vehicle_vehicle,0.3252734648699439,2.966036829087125,1.1144499877589389,8.53991732102835,15.0,3.0,3.5,0.8,0.9294745612441473,3.3461084204789304
18,502,19768,70,52.1415,-45.6797,336.3919,2.1534,5.0925,1.4194,-0.698,-1.9387,0.7802,1.5801,0.0712,-2.0889,0.0615,car,502,52.1415,-45.6797,1.4194,-0.698,1.5801,0.0712,336.3919,1.5817396625235138,5.69426278508465,0.0,0.0,0.0,0.0,0.0,0.0,1,18_502_503_19778_ego_502,1,19778,19774,19778,vehicle_vehicle,0.3252734648699439,2.966036829087125,1.1144499877589389,8.53991732102835,15.0,3.0,3.5,0.8,0.9294745612441473,3.3461084204789304
18,503,19768,11,42.9551,-42.3739,344.4435,2.0859,4.9018,4.2896,-1.2603,-1.2422,0.2986,4.4705,0.0638,-1.2767,0.0455,car,502,52.1415,-45.6797,1.4194,-0.698,1.5801,0.0712,336.3919,1.5817396625235138,5.69426278508465,-9.186399999999999,3.305799999999998,2.8702,-0.5623,2.924761414201165,9.763107015699457,0,18_502_503_19778_ego_502,1,19778,19774,19778,vehicle_vehicle,0.3252734648699439,2.966036829087125,1.1144499877589389,8.53991732102835,15.0,3.0,3.5,0.8,0.9294745612441473,3.3461084204789304
18,496,19769,336,39.7954,-32.8858,169.863,1.9521,4.0185,-10.5107,2.0186,-0.9806,1.1032,10.7019,0.1372,1.1595,0.9134,car,502,52.195,-45.7073,1.3375,-0.6631,1.4912,0.0688,336.2686,1.4928522565880389,5.3742681237169405,-12.3996,12.821499999999993,-11.8482,2.6817,12.147895213986661,17.836505891289352,0,18_502_503_19778_ego_502,0,19778,19774,19778,vehicle_vehicle,0.3252734648699439,2.966036829087125,1.1144499877589389,8.53991732102835,15.0,3.0,3.5,0.8,0.9294745612441473,3.3461084204789304
18,497,19769,242,61.2865,-38.5486,245.8337,2.155,4.6996,-2.7153,-6.5521,2.3471,-0.7294,7.0895,-0.205,-0.2954,-2.44,car,502,52.195,-45.7073,1.3375,-0.6631,1.4912,0.0688,336.2686,1.4928522565880389,5.3742681237169405,9.091499999999996,7.158699999999996,-4.0527999999999995,-5.889,7.1488117082491405,11.571618639585385,0,18_502_503_19778_ego_502,0,19778,19774,19778,vehicle_vehicle,0.3252734648699439,2.966036829087125,1.1144499877589389,8.53991732102835,15.0,3.0,3.5,0.8,0.9294745612441473,3.3461084204789304
18,502,19769,71,52.195,-45.7073,336.2686,2.1534,5.0925,1.3375,-0.6631,-1.8421,0.7513,1.4912,0.0688,-1.9887,0.0536,car,502,52.195,-45.7073,1.3375,-0.6631,1.4912,0.0688,336.2686,1.4928522565880389,5.3742681237169405,0.0,0.0,0.0,0.0,0.0,0.0,1,18_502_503_19778_ego_502,1,19778,19774,19778,vehicle_vehicle,0.3252734648699439,2.966036829087125,1.1144499877589389,8.53991732102835,15.0,3.0,3.5,0.8,0.9294745612441473,3.3461084204789304
18,503,19769,12,43.1284,-42.4247,344.3882,2.0859,4.9018,4.2431,-1.2503,-1.354,0.3277,4.4231,0.0623,-1.3922,0.0488,car,502,52.195,-45.7073,1.3375,-0.6631,1.4912,0.0688,336.2686,1.4928522565880389,5.3742681237169405,-9.066600000000001,3.282599999999995,2.9056,-0.5871999999999999,2.964340601213025,9.642546257083758,0,18_502_503_19778_ego_502,1,19778,19774,19778,vehicle_vehicle,0.3252734648699439,2.966036829087125,1.1144499877589389,8.53991732102835,15.0,3.0,3.5,0.8,0.9294745612441473,3.3461084204789304
18,496,19770,337,39.3739,-32.8042,169.7052,1.9521,4.0185,-10.5504,2.0584,-0.9849,1.0816,10.7484,0.1398,1.1623,0.8881,car,502,52.245,-45.7324,1.2602,-0.6297,1.4072,0.0665,336.1559,1.408767592614197,5.071563333411109,-12.871099999999998,12.928199999999997,-11.810599999999999,2.6881,12.112644383865975,18.242904660442644,0,18_502_503_19778_ego_502,0,19778,19774,19778,vehicle_vehicle,0.3252734648699439,2.966036829087125,1.1144499877589389,8.53991732102835,15.0,3.0,3.5,0.8,0.9294745612441473,3.3461084204789304
18,497,19770,243,61.1797,-38.8114,246.591,2.155,4.6996,-2.6205,-6.5798,2.3571,-0.6988,7.0793,-0.2093,-0.2952,-2.4407,car,502,52.245,-45.7324,1.2602,-0.6297,1.4072,0.0665,336.1559,1.408767592614197,5.071563333411109,8.9347,6.920999999999999,-3.8807,-5.9501,7.103768190193145,11.301730181259858,0,18_502_503_19778_ego_502,0,19778,19774,19778,vehicle_vehicle,0.3252734648699439,2.966036829087125,1.1144499877589389,8.53991732102835,15.0,3.0,3.5,0.8,0.9294745612441473,3.3461084204789304
18,502,19770,72,52.245,-45.7324,336.1559,2.1534,5.0925,1.2602,-0.6297,-1.7415,0.7189,1.4072,0.0665,-1.8835,0.0465,car,502,52.245,-45.7324,1.2602,-0.6297,1.4072,0.0665,336.1559,1.408767592614197,5.071563333411109,0.0,0.0,0.0,0.0,0.0,0.0,1,18_502_503_19778_ego_502,1,19778,19774,19778,vehicle_vehicle,0.3252734648699439,2.966036829087125,1.1144499877589389,8.53991732102835,15.0,3.0,3.5,0.8,0.9294745612441473,3.3461084204789304
18,503,19770,13,43.3002,-42.4751,344.3311,2.0859,4.9018,4.1908,-1.2389,-1.4684,0.3586,4.3697,0.061,-1.5107,0.0513,car,502,52.245,-45.7324,1.2602,-0.6297,1.4072,0.0665,336.1559,1.408767592614197,5.071563333411109,-8.9448,3.2573000000000008,2.9306,-0.6091999999999999,2.9932492378684405,9.519424894918812,0,18_502_503_19778_ego_502,1,19778,19774,19778,vehicle_vehicle,0.3252734648699439,2.966036829087125,1.1144499877589389,8.53991732102835,15.0,3.0,3.5,0.8,0.9294745612441473,3.3461084204789304
18,496,19771,338,38.9514,-32.7215,169.5647,1.9521,4.0185,-10.5904,2.0975,-0.9886,1.0641,10.7951,0.1446,1.165,0.8675,car,502,52.2922,-45.7558,1.1878,-0.598,1.3283,0.0644,336.0501,1.329839403837922,4.787421853816519,-13.340800000000002,13.034300000000002,-11.7782,2.6955,12.08270315326831,18.65127130063793,0,18_502_503_19778_ego_502,0,19778,19774,19778,vehicle_vehicle,0.3252734648699439,2.966036829087125,1.1144499877589389,8.53991732102835,15.0,3.0,3.5,0.8,0.9294745612441473,3.3461084204789304
18,497,19771,244,61.0772,-39.0756,247.349,2.155,4.6996,-2.5253,-6.6062,2.3663,-0.6697,7.0692,-0.2136,-0.2933,-2.4417,car,502,52.2922,-45.7558,1.1878,-0.598,1.3283,0.0644,336.0501,1.329839403837922,4.787421853816519,8.784999999999997,6.680199999999999,-3.7131,-6.0082,7.062972380662408,11.03636249132838,0,18_502_503_19778_ego_502,0,19778,19774,19778,vehicle_vehicle,0.3252734648699439,2.966036829087125,1.1144499877589389,8.53991732102835,15.0,3.0,3.5,0.8,0.9294745612441473,3.3461084204789304
18,502,19771,73,52.2922,-45.7558,336.0501,2.1534,5.0925,1.1878,-0.598,-1.6378,0.6834,1.3283,0.0644,-1.7742,0.0403,car,502,52.2922,-45.7558,1.1878,-0.598,1.3283,0.0644,336.0501,1.329839403837922,4.787421853816519,0.0,0.0,0.0,0.0,0.0,0.0,1,18_502_503_19778_ego_502,1,19778,19774,19778,vehicle_vehicle,0.3252734648699439,2.966036829087125,1.1144499877589389,8.53991732102835,15.0,3.0,3.5,0.8,0.9294745612441473,3.3461084204789304
18,503,19771,14,43.4698,-42.5253,344.2622,2.0859,4.9018,4.1328,-1.2259,-1.584,0.391,4.3103,0.0589,-1.6307,0.0533,car,502,52.2922,-45.7558,1.1878,-0.598,1.3283,0.0644,336.0501,1.329839403837922,4.787421853816519,-8.822400000000002,3.2304999999999993,2.9449999999999994,-0.6279,3.0111930210466413,9.395257953350724,0,18_502_503_19778_ego_502,1,19778,19774,19778,vehicle_vehicle,0.3252734648699439,2.966036829087125,1.1144499877589389,8.53991732102835,15.0,3.0,3.5,0.8,0.9294745612441473,3.3461084204789304
18,496,19772,339,38.5272,-32.6374,169.4492,1.9521,4.0185,-10.6306,2.1362,-0.9917,1.0507,10.8421,0.1536,1.1673,0.8513,car,502,52.3362,-45.7778,1.1203,-0.5684,1.2547,0.0626,335.9544,1.2562446616801999,4.52248078204872,-13.808999999999997,13.1404,-11.7509,2.7046,12.05813053379337,19.061967190193144,0,18_502_503_19778_ego_502,0,19778,19774,19778,vehicle_vehicle,0.3252734648699439,2.966036829087125,1.1144499877589389,8.53991732102835,15.0,3.0,3.5,0.8,0.9294745612441473,3.3461084204789304
18,497,19772,245,60.9782,-39.3401,248.0933,2.155,4.6996,-2.4299,-6.6315,2.3747,-0.6421,7.0592,-0.2197,-0.2903,-2.4428,car,502,52.3362,-45.7778,1.1203,-0.5684,1.2547,0.0626,335.9544,1.2562446616801999,4.52248078204872,8.642000000000003,6.4376999999999995,-3.5502000000000002,-6.0631,7.0260302909964745,10.77627696795141,0,18_502_503_19778_ego_502,0,19778,19774,19778,vehicle_vehicle,0.3252734648699439,2.966036829087125,1.1144499877589389,8.53991732102835,15.0,3.0,3.5,0.8,0.9294745612441473,3.3461084204789304
18,502,19772,74,52.3362,-45.7778,335.9544,2.1534,5.0925,1.1203,-0.5684,-1.5316,0.6452,1.2547,0.0626,-1.6616,0.0349,car,502,52.3362,-45.7778,1.1203,-0.5684,1.2547,0.0626,335.9544,1.2562446616801999,4.52248078204872,0.0,0.0,0.0,0.0,0.0,0.0,1,18_502_503_19778_ego_502,1,19778,19774,19778,vehicle_vehicle,0.3252734648699439,2.966036829087125,1.1144499877589389,8.53991732102835,15.0,3.0,3.5,0.8,0.9294745612441473,3.3461084204789304
18,503,19772,15,43.6362,-42.5755,344.1859,2.0859,4.9018,4.0691,-1.2109,-1.6999,0.4244,4.2451,0.0562,-1.7512,0.0549,car,502,52.3362,-45.7778,1.1203,-0.5684,1.2547,0.0626,335.9544,1.2562446616801999,4.52248078204872,-8.699999999999996,3.202300000000001,2.9487999999999994,-0.6425000000000001,3.0179840440267403,9.27063780384068,0,18_502_503_19778_ego_502,1,19778,19774,19778,vehicle_vehicle,0.3252734648699439,2.966036829087125,1.1144499877589389,8.53991732102835,15.0,3.0,3.5,0.8,0.9294745612441473,3.3461084204789304
18,496,19773,340,38.1015,-32.5521,169.3421,1.9521,4.0185,-10.6712,2.1748,-0.994,1.0409,10.8893,0.1637,1.1694,0.8391,car,502,52.3777,-45.7986,1.0579,-0.5408,1.1865,0.061,335.8657,1.1881149144758685,4.2772136921131265,-14.276199999999996,13.246499999999997,-11.7291,2.7156,12.039363362321117,19.475103303705474,0,18_502_503_19778_ego_502,0,19778,19774,19778,vehicle_vehicle,0.3252734648699439,2.966036829087125,1.1144499877589389,8.53991732102835,15.0,3.0,3.5,0.8,0.9294745612441473,3.3461084204789304
18,497,19773,246,60.8835,-39.6061,248.8352,2.155,4.6996,-2.3344,-6.6556,2.3824,-0.6161,7.0495,-0.2261,-0.2857,-2.4441,car,502,52.3777,-45.7986,1.0579,-0.5408,1.1865,0.061,335.8657,1.1881149144758685,4.2772136921131265,8.5058,6.192500000000003,-3.3923,-6.1148,6.992744692179174,10.521201922309068,0,18_502_503_19778_ego_502,0,19778,19774,19778,vehicle_vehicle,0.3252734648699439,2.966036829087125,1.1144499877589389,8.53991732102835,15.0,3.0,3.5,0.8,0.9294745612441473,3.3461084204789304
18,502,19773,75,52.3777,-45.7986,335.8657,2.1534,5.0925,1.0579,-0.5408,-1.424,0.605,1.1865,0.061,-1.5469,0.0301,car,502,52.3777,-45.7986,1.0579,-0.5408,1.1865,0.061,335.8657,1.1881149144758685,4.2772136921131265,0.0,0.0,0.0,0.0,0.0,0.0,1,18_502_503_19778_ego_502,1,19778,19774,19778,vehicle_vehicle,0.3252734648699439,2.966036829087125,1.1144499877589389,8.53991732102835,15.0,3.0,3.5,0.8,0.9294745612441473,3.3461084204789304
18,503,19773,16,43.7999,-42.6249,344.1008,2.0859,4.9018,3.9999,-1.1941,-1.815,0.4582,4.1741,0.0527,-1.8711,0.0565,car,502,52.3777,-45.7986,1.0579,-0.5408,1.1865,0.061,335.8657,1.1881149144758685,4.2772136921131265,-8.577799999999996,3.1737000000000037,2.9419999999999997,-0.6533,3.01366303524465,9.146093402650115,0,18_502_503_19778_ego_502,1,19778,19774,19778,vehicle_vehicle,0.3252734648699439,2.966036829087125,1.1144499877589389,8.53991732102835,15.0,3.0,3.5,0.8,0.9294745612441473,3.3461084204789304
18,496,19774,341,37.6732,-32.4657,169.2533,1.9521,4.0185,-10.7115,2.2135,-0.9956,1.0343,10.9364,0.1773,1.171,0.8305,car,502,52.4168,-45.8184,1.0007,-0.5154,1.124,0.0595,335.779,1.1256276693471958,4.052259609649905,-14.7436,13.352699999999999,-11.7122,2.7289,12.025910528937091,19.89141368153606,0,18_502_503_19778_ego_502,0,19778,19774,19778,vehicle_vehicle,0.3252734648699439,2.966036829087125,1.1144499877589389,8.53991732102835,15.0,3.0,3.5,0.8,0.9294745612441473,3.3461084204789304
18,497,19774,247,60.7924,-39.8727,249.5772,2.155,4.6996,-2.2387,-6.6787,2.3896,-0.5916,7.0401,-0.2325,-0.2794,-2.4458,car,502,52.4168,-45.8184,1.0007,-0.5154,1.124,0.0595,335.779,1.1256276693471958,4.052259609649905,8.375599999999999,5.945699999999995,-3.2394,-6.1633000000000004,6.962756584141083,10.271417811091121,0,18_502_503_19778_ego_502,0,19778,19774,19778,vehicle_vehicle,0.3252734648699439,2.966036829087125,1.1144499877589389,8.53991732102835,15.0,3.0,3.5,0.8,0.9294745612441473,3.3461084204789304
18,502,19774,76,52.4168,-45.8184,335.779,2.1534,5.0925,1.0007,-0.5154,-1.3156,0.5633,1.124,0.0595,-1.4309,0.026,car,502,52.4168,-45.8184,1.0007,-0.5154,1.124,0.0595,335.779,1.1256276693471958,4.052259609649905,0.0,0.0,0.0,0.0,0.0,0.0,1,18_502_503_19778_ego_502,1,19778,19774,19778,vehicle_vehicle,0.3252734648699439,2.966036829087125,1.1144499877589389,8.53991732102835,15.0,3.0,3.5,0.8,0.9294745612441473,3.3461084204789304
18,503,19774,17,43.9608,-42.6734,344.0237,2.0859,4.9018,3.9252,-1.1755,-1.9285,0.492,4.0972,0.0497,-1.9894,0.0578,car,502,52.4168,-45.8184,1.0007,-0.5154,1.124,0.0595,335.779,1.1256276693471958,4.052259609649905,-8.456000000000003,3.144999999999996,2.9245,-0.6601,2.9980714234320707,9.02191559481688,0,18_502_503_19778_ego_502,1,19778,19774,19778,vehicle_vehicle,0.3252734648699439,2.966036829087125,1.1144499877589389,8.53991732102835,15.0,3.0,3.5,0.8,0.9294745612441473,3.3461084204789304
18,496,19775,342,37.2437,-32.3777,169.1652,1.9521,4.0185,-10.7518,2.2526,-0.9966,1.0303,10.9835,0.1913,1.1726,0.8246,car,502,52.454,-45.8374,0.9485,-0.4921,1.0669,0.058,335.6937,1.0685572797000638,3.84680620692023,-15.210300000000004,13.459700000000005,-11.700299999999999,2.7447,12.017919877416388,20.310508368329934,0,18_502_503_19778_ego_502,0,19778,19774,19778,vehicle_vehicle,0.3252734648699439,2.966036829087125,1.1144499877589389,8.53991732102835,15.0,3.0,3.5,0.8,0.9294745612441473,3.3461084204789304
18,497,19775,248,60.7044,-40.1403,250.3243,2.155,4.6996,-2.1425,-6.7008,2.3963,-0.5686,7.031,-0.2387,-0.2714,-2.4479,car,502,52.454,-45.8374,0.9485,-0.4921,1.0669,0.058,335.6937,1.0685572797000638,3.84680620692023,8.250399999999999,5.697099999999999,-3.091,-6.2087,6.935577603199318,10.026267928297147,0,18_502_503_19778_ego_502,0,19778,19774,19778,vehicle_vehicle,0.3252734648699439,2.966036829087125,1.1144499877589389,8.53991732102835,15.0,3.0,3.5,0.8,0.9294745612441473,3.3461084204789304
18,502,19775,77,52.454,-45.8374,335.6937,2.1534,5.0925,0.9485,-0.4921,-1.2073,0.5206,1.0669,0.058,-1.3145,0.0225,car,502,52.454,-45.8374,0.9485,-0.4921,1.0669,0.058,335.6937,1.0685572797000638,3.84680620692023,0.0,0.0,0.0,0.0,0.0,0.0,1,18_502_503_19778_ego_502,1,19778,19774,19778,vehicle_vehicle,0.3252734648699439,2.966036829087125,1.1144499877589389,8.53991732102835,15.0,3.0,3.5,0.8,0.9294745612441473,3.3461084204789304
18,503,19775,18,44.1189,-42.7208,343.9405,2.0859,4.9018,3.8449,-1.1553,-2.0393,0.5254,4.0144,0.0465,-2.105,0.0592,car,502,52.454,-45.8374,0.9485,-0.4921,1.0669,0.058,335.6937,1.0685572797000638,3.84680620692023,-8.335100000000004,3.1166000000000054,2.8964,-0.6632,2.97135780410236,8.898712691732445,0,18_502_503_19778_ego_502,1,19778,19774,19778,vehicle_vehicle,0.3252734648699439,2.966036829087125,1.1144499877589389,8.53991732102835,15.0,3.0,3.5,0.8,0.9294745612441473,3.3461084204789304
18,496,19776,343,36.8126,-32.2892,169.073,1.9521,4.0185,-10.792,2.2924,-0.9973,1.0282,11.0309,0.2051,1.1741,0.8205,car,502,52.4893,-45.8557,0.9013,-0.4709,1.0153,0.0566,335.6033,1.0169014209843548,3.6608451155436774,-15.676699999999997,13.566499999999998,-11.6933,2.7633,12.015368982266006,20.731831688010587,0,18_502_503_19778_ego_502,0,19778,19774,19778,vehicle_vehicle,0.3252734648699439,2.966036829087125,1.1144499877589389,8.53991732102835,15.0,3.0,3.5,0.8,0.9294745612441473,3.3461084204789304
18,497,19776,249,60.6201,-40.4082,251.0557,2.155,4.6996,-2.0459,-6.7223,2.4024,-0.5471,7.0224,-0.2473,-0.2625,-2.4499,car,502,52.4893,-45.8557,0.9013,-0.4709,1.0153,0.0566,335.6033,1.0169014209843548,3.6608451155436774,8.1308,5.447499999999998,-2.9472,-6.251399999999999,6.911294365023095,9.786989572386393,0,18_502_503_19778_ego_502,0,19778,19774,19778,vehicle_vehicle,0.3252734648699439,2.966036829087125,1.1144499877589389,8.53991732102835,15.0,3.0,3.5,0.8,0.9294745612441473,3.3461084204789304
18,502,19776,78,52.4893,-45.8557,335.6033,2.1534,5.0925,0.9013,-0.4709,-1.0997,0.4773,1.0153,0.0566,-1.1987,0.0196,car,502,52.4893,-45.8557,0.9013,-0.4709,1.0153,0.0566,335.6033,1.0169014209843548,3.6608451155436774,0.0,0.0,0.0,0.0,0.0,0.0,1,18_502_503_19778_ego_502,1,19778,19774,19778,vehicle_vehicle,0.3252734648699439,2.966036829087125,1.1144499877589389,8.53991732102835,15.0,3.0,3.5,0.8,0.9294745612441473,3.3461084204789304
18,503,19776,19,44.274,-42.7673,343.8597,2.0859,4.9018,3.7589,-1.1334,-2.1463,0.5581,3.9258,0.0438,-2.2168,0.0606,car,502,52.4893,-45.8557,0.9013,-0.4709,1.0153,0.0566,335.6033,1.0169014209843548,3.6608451155436774,-8.2153,3.0884,2.8576,-0.6625,2.9333912132547204,8.776637661997901,0,18_502_503_19778_ego_502,1,19778,19774,19778,vehicle_vehicle,0.3252734648699439,2.966036829087125,1.1144499877589389,8.53991732102835,15.0,3.0,3.5,0.8,0.9294745612441473,3.3461084204789304
18,496,19777,344,36.3797,-32.1981,168.965,1.9521,4.0185,-10.8321,2.3327,-0.9977,1.0272,11.0783,0.2162,1.1758,0.8172,car,502,52.5229,-45.873,0.859,-0.4519,0.9691,0.0552,335.5141,0.9706155830193538,3.4942160988696735,-16.1432,13.674900000000001,-11.6911,2.7846,12.01814529659215,21.156696250832738,0,18_502_503_19778_ego_502,0,19778,19774,19778,vehicle_vehicle,0.3252734648699439,2.966036829087125,1.1144499877589389,8.53991732102835,15.0,3.0,3.5,0.8,0.9294745612441473,3.3461084204789304
18,497,19777,250,60.54,-40.6769,251.7919,2.155,4.6996,-1.949,-6.7431,2.4077,-0.5267,7.0145,-0.2556,-0.2521,-2.4517,car,502,52.5229,-45.873,0.859,-0.4519,0.9691,0.0552,335.5141,0.9706155830193538,3.4942160988696735,8.0171,5.196099999999994,-2.808,-6.2912,6.889416625520625,9.553708579394701,0,18_502_503_19778_ego_502,0,19778,19774,19778,vehicle_vehicle,0.3252734648699439,2.966036829087125,1.1144499877589389,8.53991732102835,15.0,3.0,3.5,0.8,0.9294745612441473,3.3461084204789304
18,502,19777,79,52.5229,-45.873,335.5141,2.1534,5.0925,0.859,-0.4519,-0.9936,0.4339,0.9691,0.0552,-1.0841,0.017,car,502,52.5229,-45.873,0.859,-0.4519,0.9691,0.0552,335.5141,0.9706155830193538,3.4942160988696735,0.0,0.0,0.0,0.0,0.0,0.0,1,18_502_503_19778_ego_502,1,19778,19774,19778,vehicle_vehicle,0.3252734648699439,2.966036829087125,1.1144499877589389,8.53991732102835,15.0,3.0,3.5,0.8,0.9294745612441473,3.3461084204789304
18,503,19777,20,44.4252,-42.8125,343.7909,2.0859,4.9018,3.6677,-1.1101,-2.2484,0.5898,3.8318,0.0421,-2.3236,0.0613,car,502,52.5229,-45.873,0.859,-0.4519,0.9691,0.0552,335.5141,0.9706155830193538,3.4942160988696735,-8.097700000000003,3.0604999999999976,2.8087,-0.6582000000000001,2.8847916614549485,8.65675490816276,0,18_502_503_19778_ego_502,1,19778,19774,19778,vehicle_vehicle,0.3252734648699439,2.966036829087125,1.1144499877589389,8.53991732102835,15.0,3.0,3.5,0.8,0.9294745612441473,3.3461084204789304
18,496,19778,345,35.9457,-32.1045,168.8611,1.9521,4.0185,-10.8723,2.3732,-0.9978,1.0269,11.1259,0.2281,1.1774,0.8148,car,502,52.5554,-45.8898,0.8214,-0.435,0.9279,0.054,335.4245,0.9294745612441473,3.3461084204789304,-16.609699999999997,13.7853,-11.6937,2.8082000000000003,12.026163433531078,21.58510204238099,0,18_502_503_19778_ego_502,0,19778,19774,19778,vehicle_vehicle,0.3252734648699439,2.966036829087125,1.1144499877589389,8.53991732102835,15.0,3.0,3.5,0.8,0.9294745612441473,3.3461084204789304
18,497,19778,251,60.4634,-40.9464,252.5406,2.155,4.6996,-1.8516,-6.7634,2.4121,-0.5072,7.0074,-0.2629,-0.2399,-2.4531,car,502,52.5554,-45.8898,0.8214,-0.435,0.9279,0.054,335.4245,0.9294745612441473,3.3461084204789304,7.908000000000001,4.943400000000004,-2.673,-6.3284,6.869758042318521,9.325967379312457,0,18_502_503_19778_ego_502,0,19778,19774,19778,vehicle_vehicle,0.3252734648699439,2.966036829087125,1.1144499877589389,8.53991732102835,15.0,3.0,3.5,0.8,0.9294745612441473,3.3461084204789304
18,502,19778,80,52.5554,-45.8898,335.4245,2.1534,5.0925,0.8214,-0.435,-0.8895,0.3907,0.9279,0.054,-0.9714,0.0146,car,502,52.5554,-45.8898,0.8214,-0.435,0.9279,0.054,335.4245,0.9294745612441473,3.3461084204789304,0.0,0.0,0.0,0.0,0.0,0.0,1,18_502_503_19778_ego_502,1,19778,19774,19778,vehicle_vehicle,0.3252734648699439,2.966036829087125,1.1144499877589389,8.53991732102835,15.0,3.0,3.5,0.8,0.9294745612441473,3.3461084204789304
18,503,19778,21,44.5723,-42.8566,343.7195,2.0859,4.9018,3.5715,-1.0854,-2.3447,0.6205,3.7326,0.0407,-2.4246,0.0617,car,502,52.5554,-45.8898,0.8214,-0.435,0.9279,0.054,335.4245,0.9294745612441473,3.3461084204789304,-7.9831,3.033200000000001,2.7500999999999998,-0.6503999999999999,2.8259635825679,8.53991732102835,0,18_502_503_19778_ego_502,1,19778,19774,19778,vehicle_vehicle,0.3252734648699439,2.966036829087125,1.1144499877589389,8.53991732102835,15.0,3.0,3.5,0.8,0.9294745612441473,3.3461084204789304
18,496,19779,346,35.5094,-32.0103,168.761,1.9521,4.0185,-10.9122,2.4142,-0.9978,1.0269,11.1735,0.2411,1.1788,0.8127,car,502,52.5866,-45.907,0.7884,-0.4197,0.8916,0.0527,335.3532,0.8931532063425625,3.215351542833225,-17.077199999999998,13.896699999999996,-11.7006,2.8339000000000003,12.038896526260203,22.01701684447736,0,18_502_503_19778_ego_502,0,19778,19774,19778,vehicle_vehicle,0.3252734648699439,2.966036829087125,1.1144499877589389,8.53991732102835,15.0,3.0,3.5,0.8,0.9294745612441473,3.3461084204789304
18,497,19779,252,60.3911,-41.2169,253.2987,2.155,4.6996,-1.7541,-6.7831,2.4154,-0.4884,7.0011,-0.2693,-0.2264,-2.4538,car,502,52.5866,-45.907,0.7884,-0.4197,0.8916,0.0527,335.3532,0.8931532063425625,3.215351542833225,7.804500000000004,4.690099999999994,-2.5425,-6.3634,6.852529883918786,9.10534229230291,0,18_502_503_19778_ego_502,0,19778,19774,19778,vehicle_vehicle,0.3252734648699439,2.966036829087125,1.1144499877589389,8.53991732102835,15.0,3.0,3.5,0.8,0.9294745612441473,3.3461084204789304
18,502,19779,81,52.5866,-45.907,335.3532,2.1534,5.0925,0.7884,-0.4197,-0.7876,0.348,0.8916,0.0527,-0.861,0.0121,car,502,52.5866,-45.907,0.7884,-0.4197,0.8916,0.0527,335.3532,0.8931532063425625,3.215351542833225,0.0,0.0,0.0,0.0,0.0,0.0,1,18_502_503_19778_ego_502,1,19778,19774,19778,vehicle_vehicle,0.3252734648699439,2.966036829087125,1.1144499877589389,8.53991732102835,15.0,3.0,3.5,0.8,0.9294745612441473,3.3461084204789304
18,503,19779,22,44.7151,-42.9,343.6524,2.0859,4.9018,3.4707,-1.0594,-2.4344,0.65,3.6286,0.0396,-2.5189,0.0614,car,502,52.5866,-45.907,0.7884,-0.4197,0.8916,0.0527,335.3532,0.8931532063425625,3.215351542833225,-7.8714999999999975,3.006999999999998,2.6822999999999997,-0.6396999999999999,2.757525952733718,8.426301754031833,0,18_502_503_19778_ego_502,1,19778,19774,19778,vehicle_vehicle,0.3252734648699439,2.966036829087125,1.1144499877589389,8.53991732102835,15.0,3.0,3.5,0.8,0.9294745612441473,3.3461084204789304
18,497,19780,253,60.3222,-41.4881,254.0635,2.155,4.6996,-1.6561,-6.8023,2.4174,-0.4701,6.9955,-0.2753,-0.2118,-2.4536,car,502,52.6174,-45.9237,0.7595,-0.4062,0.8597,0.0515,335.2883,0.8613005805176263,3.1006820898634544,7.704799999999999,4.435599999999994,-2.4156,-6.3961,6.837047503857201,8.890359407807985,0,18_502_503_19778_ego_502,0,19778,19774,19778,vehicle_vehicle,0.3252734648699439,2.966036829087125,1.1144499877589389,8.53991732102835,15.0,3.0,3.5,0.8,0.9294745612441473,3.3461084204789304
18,502,19780,82,52.6174,-45.9237,335.2883,2.1534,5.0925,0.7595,-0.4062,-0.6883,0.3057,0.8597,0.0515,-0.7531,0.0101,car,502,52.6174,-45.9237,0.7595,-0.4062,0.8597,0.0515,335.2883,0.8613005805176263,3.1006820898634544,0.0,0.0,0.0,0.0,0.0,0.0,1,18_502_503_19778_ego_502,1,19778,19774,19778,vehicle_vehicle,0.3252734648699439,2.966036829087125,1.1144499877589389,8.53991732102835,15.0,3.0,3.5,0.8,0.9294745612441473,3.3461084204789304
18,503,19780,23,44.8534,-42.9419,343.5883,2.0859,4.9018,3.3658,-1.0321,-2.5168,0.6784,3.5203,0.0391,-2.6059,0.0604,car,502,52.6174,-45.9237,0.7595,-0.4062,0.8597,0.0515,335.2883,0.8613005805176263,3.1006820898634544,-7.764000000000003,2.9818,2.6063,-0.6259,2.6804011826590437,8.316900097993244,0,18_502_503_19778_ego_502,1,19778,19774,19778,vehicle_vehicle,0.3252734648699439,2.966036829087125,1.1144499877589389,8.53991732102835,15.0,3.0,3.5,0.8,0.9294745612441473,3.3461084204789304
18,497,19781,254,60.2582,-41.7605,254.8485,2.155,4.6996,-1.5581,-6.8207,2.4182,-0.4521,6.9908,-0.2788,-0.1956,-2.4523,car,502,52.6475,-45.9402,0.7344,-0.3941,0.8319,0.05,335.2228,0.8334615588016043,3.000461611685776,7.610700000000001,4.179699999999997,-2.2925,-6.4266000000000005,6.823250237973103,8.682893905835773,0,18_502_503_19778_ego_502,0,19778,19774,19778,vehicle_vehicle,0.3252734648699439,2.966036829087125,1.1144499877589389,8.53991732102835,15.0,3.0,3.5,0.8,0.9294745612441473,3.3461084204789304
18,502,19781,83,52.6475,-45.9402,335.2228,2.1534,5.0925,0.7344,-0.3941,-0.5916,0.2636,0.8319,0.05,-0.6476,0.0086,car,502,52.6475,-45.9402,0.7344,-0.3941,0.8319,0.05,335.2228,0.8334615588016043,3.000461611685776,0.0,0.0,0.0,0.0,0.0,0.0,1,18_502_503_19778_ego_502,1,19778,19774,19778,vehicle_vehicle,0.3252734648699439,2.966036829087125,1.1144499877589389,8.53991732102835,15.0,3.0,3.5,0.8,0.9294745612441473,3.3461084204789304
18,503,19781,24,44.9869,-42.9828,343.5277,2.0859,4.9018,3.2572,-1.0037,-2.5915,0.7054,3.4081,0.0389,-2.6851,0.0584,car,502,52.6475,-45.9402,0.7344,-0.3941,0.8319,0.05,335.2228,0.8334615588016043,3.000461611685776,-7.660600000000002,2.9574,2.5228,-0.6096,2.595405941273927,8.211638516154984,0,18_502_503_19778_ego_502,1,19778,19774,19778,vehicle_vehicle,0.3252734648699439,2.966036829087125,1.1144499877589389,8.53991732102835,15.0,3.0,3.5,0.8,0.9294745612441473,3.3461084204789304
18,497,19782,255,60.198,-42.0333,255.6305,2.155,4.6996,-1.4602,-6.8386,2.4177,-0.4345,6.987,-0.2826,-0.1791,-2.4499,car,502,52.6772,-45.9558,0.7129,-0.3837,0.8081,0.0488,335.1634,0.8095999629446632,2.9145598666007877,7.520800000000001,3.9225000000000065,-2.1731,-6.454899999999999,6.810880825561404,8.482242562553848,0,18_502_503_19778_ego_502,0,19778,19774,19778,vehicle_vehicle,0.3252734648699439,2.966036829087125,1.1144499877589389,8.53991732102835,15.0,3.0,3.5,0.8,0.9294745612441473,3.3461084204789304
18,502,19782,84,52.6772,-45.9558,335.1634,2.1534,5.0925,0.7129,-0.3837,-0.4971,0.2216,0.8081,0.0488,-0.5442,0.0077,car,502,52.6772,-45.9558,0.7129,-0.3837,0.8081,0.0488,335.1634,0.8095999629446632,2.9145598666007877,0.0,0.0,0.0,0.0,0.0,0.0,1,18_502_503_19778_ego_502,1,19778,19774,19778,vehicle_vehicle,0.3252734648699439,2.966036829087125,1.1144499877589389,8.53991732102835,15.0,3.0,3.5,0.8,0.9294745612441473,3.3461084204789304
18,503,19782,25,45.1157,-43.0229,343.4714,2.0859,4.9018,3.1454,-0.9739,-2.6581,0.731,3.2925,0.0388,-2.7563,0.0554,car,502,52.6772,-45.9558,0.7129,-0.3837,0.8081,0.0488,335.1634,0.8095999629446632,2.9145598666007877,-7.561500000000002,2.9329000000000036,2.4325,-0.5902000000000001,2.5030765649496223,8.110375124493322,0,18_502_503_19778_ego_502,1,19778,19774,19778,vehicle_vehicle,0.3252734648699439,2.966036829087125,1.1144499877589389,8.53991732102835,15.0,3.0,3.5,0.8,0.9294745612441473,3.3461084204789304
18,497,19783,256,60.1418,-42.3071,256.4214,2.155,4.6996,-1.3624,-6.8558,2.4161,-0.417,6.984,-0.2853,-0.1619,-2.4465,car,502,52.7058,-45.9717,0.6949,-0.3746,0.7881,0.0474,335.1098,0.7894372489311611,2.84197409615218,7.436,3.6646,-2.0573,-6.4812,6.799885052704935,8.28995712654776,0,18_502_503_19778_ego_502,0,19778,19774,19778,vehicle_vehicle,0.3252734648699439,2.966036829087125,1.1144499877589389,8.53991732102835,15.0,3.0,3.5,0.8,0.9294745612441473,3.3461084204789304
18,502,19783,85,52.7058,-45.9717,335.1098,2.1534,5.0925,0.6949,-0.3746,-0.4047,0.1797,0.7881,0.0474,-0.4427,0.0074,car,502,52.7058,-45.9717,0.6949,-0.3746,0.7881,0.0474,335.1098,0.7894372489311611,2.84197409615218,0.0,0.0,0.0,0.0,0.0,0.0,1,18_502_503_19778_ego_502,1,19778,19774,19778,vehicle_vehicle,0.3252734648699439,2.966036829087125,1.1144499877589389,8.53991732102835,15.0,3.0,3.5,0.8,0.9294745612441473,3.3461084204789304
18,503,19783,26,45.2396,-43.062,343.4151,2.0859,4.9018,3.0309,-0.9429,-2.7166,0.755,3.1739,0.0385,-2.8191,0.0519,car,502,52.7058,-45.9717,0.6949,-0.3746,0.7881,0.0474,335.1098,0.7894372489311611,2.84197409615218,-7.466200000000001,2.909700000000001,2.336,-0.5683,2.404134124794205,8.01314523330259,0,18_502_503_19778_ego_502,1,19778,19774,19778,vehicle_vehicle,0.3252734648699439,2.966036829087125,1.1144499877589389,8.53991732102835,15.0,3.0,3.5,0.8,0.9294745612441473,3.3461084204789304
18,497,19784,257,60.0895,-42.5816,257.2157,2.155,4.6996,-1.2648,-6.8723,2.4135,-0.3998,6.9818,-0.2873,-0.1442,-2.4421,car,502,52.734,-45.9866,0.6804,-0.3673,0.7718,0.0461,335.0623,0.773209835684984,2.7835554084659426,7.355499999999999,3.405000000000001,-1.9451999999999998,-6.505,6.78961177387927,8.105393590073216,0,18_502_503_19778_ego_502,0,19778,19774,19778,vehicle_vehicle,0.3252734648699439,2.966036829087125,1.1144499877589389,8.53991732102835,15.0,3.0,3.5,0.8,0.9294745612441473,3.3461084204789304
18,502,19784,86,52.734,-45.9866,335.0623,2.1534,5.0925,0.6804,-0.3673,-0.3141,0.1375,0.7718,0.0461,-0.3428,0.0078,car,502,52.734,-45.9866,0.6804,-0.3673,0.7718,0.0461,335.0623,0.773209835684984,2.7835554084659426,0.0,0.0,0.0,0.0,0.0,0.0,1,18_502_503_19778_ego_502,1,19778,19774,19778,vehicle_vehicle,0.3252734648699439,2.966036829087125,1.1144499877589389,8.53991732102835,15.0,3.0,3.5,0.8,0.9294745612441473,3.3461084204789304
18,503,19784,27,45.3588,-43.0995,343.3599,2.0859,4.9018,2.9139,-0.9107,-2.7668,0.777,3.0527,0.0381,-2.8734,0.0478,car,502,52.734,-45.9866,0.6804,-0.3673,0.7718,0.0461,335.0623,0.773209835684984,2.7835554084659426,-7.3751999999999995,2.8871000000000038,2.2335,-0.5433999999999999,2.2986530425446983,7.920159180849841,0,18_502_503_19778_ego_502,1,19778,19774,19778,vehicle_vehicle,0.3252734648699439,2.966036829087125,1.1144499877589389,8.53991732102835,15.0,3.0,3.5,0.8,0.9294745612441473,3.3461084204789304
18,497,19785,258,60.0416,-42.857,258.0034,2.155,4.6996,-1.1676,-6.8881,2.41,-0.3827,6.9803,-0.2896,-0.1266,-2.4369,car,502,52.7617,-46.0019,0.6692,-0.3613,0.7592,0.0449,335.0194,0.7605039973596457,2.7378143904947247,7.279900000000005,3.1449,-1.8368,-6.5268,6.7803357203017605,7.930153845922541,0,18_502_503_19778_ego_502,0,19778,19774,19778,vehicle_vehicle,0.3252734648699439,2.966036829087125,1.1144499877589389,8.53991732102835,15.0,3.0,3.5,0.8,0.9294745612441473,3.3461084204789304
18,502,19785,87,52.7617,-46.0019,335.0194,2.1534,5.0925,0.6692,-0.3613,-0.225,0.095,0.7592,0.0449,-0.2441,0.0089,car,502,52.7617,-46.0019,0.6692,-0.3613,0.7592,0.0449,335.0194,0.7605039973596457,2.7378143904947247,0.0,0.0,0.0,0.0,0.0,0.0,1,18_502_503_19778_ego_502,1,19778,19774,19778,vehicle_vehicle,0.3252734648699439,2.966036829087125,1.1144499877589389,8.53991732102835,15.0,3.0,3.5,0.8,0.9294745612441473,3.3461084204789304
18,503,19785,28,45.4733,-43.1356,343.3011,2.0859,4.9018,2.7949,-0.8775,-2.8087,0.797,2.9292,0.0374,-2.9193,0.0436,car,502,52.7617,-46.0019,0.6692,-0.3613,0.7592,0.0449,335.0194,0.7605039973596457,2.7378143904947247,-7.288399999999996,2.8663000000000025,2.1257,-0.5162,2.187478669610289,7.831759077627449,0,18_502_503_19778_ego_502,1,19778,19774,19778,vehicle_vehicle,0.3252734648699439,2.966036829087125,1.1144499877589389,8.53991732102835,15.0,3.0,3.5,0.8,0.9294745612441473,3.3461084204789304
18,497,19786,259,59.9974,-43.133,258.7955,2.155,4.6996,-1.0708,-6.9031,2.406,-0.3658,6.9796,-0.291,-0.1087,-2.4312,car,502,52.7888,-46.0166,0.6614,-0.3569,0.7502,0.0437,334.9769,0.7515501114363565,2.7055804011708835,7.208599999999997,2.883599999999994,-1.7322,-6.546200000000001,6.771502881931013,7.763959229671413,0,18_502_503_19778_ego_502,0,19778,19774,19778,vehicle_vehicle,0.3252734648699439,2.966036829087125,1.1144499877589389,8.53991732102835,15.0,3.0,3.5,0.8,0.9294745612441473,3.3461084204789304
18,502,19786,88,52.7888,-46.0166,334.9769,2.1534,5.0925,0.6614,-0.3569,-0.1372,0.052,0.7502,0.0437,-0.1463,0.0109,car,502,52.7888,-46.0166,0.6614,-0.3569,0.7502,0.0437,334.9769,0.7515501114363565,2.7055804011708835,0.0,0.0,0.0,0.0,0.0,0.0,1,18_502_503_19778_ego_502,1,19778,19774,19778,vehicle_vehicle,0.3252734648699439,2.966036829087125,1.1144499877589389,8.53991732102835,15.0,3.0,3.5,0.8,0.9294745612441473,3.3461084204789304
18,503,19786,29,45.5828,-43.1702,343.2491,2.0859,4.9018,2.6742,-0.8435,-2.8422,0.8149,2.8039,0.037,-2.9565,0.0388,car,502,52.7888,-46.0166,0.6614,-0.3569,0.7502,0.0437,334.9769,0.7515501114363565,2.7055804011708835,-7.206000000000003,2.8463999999999956,2.0128,-0.48660000000000003,2.070783281755964,7.747801556570742,0,18_502_503_19778_ego_502,1,19778,19774,19778,vehicle_vehicle,0.3252734648699439,2.966036829087125,1.1144499877589389,8.53991732102835,15.0,3.0,3.5,0.8,0.9294745612441473,3.3461084204789304
18,497,19787,260,59.9567,-43.4095,259.5954,2.155,4.6996,-0.9742,-6.9174,2.4016,-0.3493,6.9796,-0.2911,-0.0902,-2.4252,car,502,52.8158,-46.0316,0.6568,-0.3539,0.7449,0.0422,334.9259,0.7460773753438714,2.6858785512379373,7.140899999999995,2.622099999999996,-1.631,-6.5634999999999994,6.763112689435242,7.607092823148664,0,18_502_503_19778_ego_502,0,19778,19774,19778,vehicle_vehicle,0.3252734648699439,2.966036829087125,1.1144499877589389,8.53991732102835,15.0,3.0,3.5,0.8,0.9294745612441473,3.3461084204789304
18,502,19787,89,52.8158,-46.0316,334.9259,2.1534,5.0925,0.6568,-0.3539,-0.0504,0.0082,0.7449,0.0422,-0.0491,0.0139,car,502,52.8158,-46.0316,0.6568,-0.3539,0.7449,0.0422,334.9259,0.7460773753438714,2.6858785512379373,0.0,0.0,0.0,0.0,0.0,0.0,1,18_502_503_19778_ego_502,1,19778,19774,19778,vehicle_vehicle,0.3252734648699439,2.966036829087125,1.1144499877589389,8.53991732102835,15.0,3.0,3.5,0.8,0.9294745612441473,3.3461084204789304
18,503,19787,30,45.6873,-43.2037,343.209,2.0859,4.9018,2.5523,-0.8086,-2.8675,0.8306,2.677,0.0368,-2.9852,0.0332,car,502,52.8158,-46.0316,0.6568,-0.3539,0.7449,0.0422,334.9259,0.7460773753438714,2.6858785512379373,-7.1285000000000025,2.8278999999999996,1.8954999999999997,-0.4547,1.9492748241333235,7.668932824063595,0,18_502_503_19778_ego_502,1,19778,19774,19778,vehicle_vehicle,0.3252734648699439,2.966036829087125,1.1144499877589389,8.53991732102835,15.0,3.0,3.5,0.8,0.9294745612441473,3.3461084204789304
18,497,19788,261,59.9197,-43.6864,260.3892,2.155,4.6996,-0.8778,-6.9311,2.3969,-0.3331,6.9803,-0.2917,-0.0718,-2.4189,car,502,52.8428,-46.0462,0.6553,-0.3525,0.743,0.0409,334.8783,0.7440929646220289,2.678734672639304,7.076900000000002,2.3598,-1.5331000000000001,-6.5786,6.754877761292205,7.45997115611046,0,18_502_503_19778_ego_502,0,19778,19774,19778,vehicle_vehicle,0.3252734648699439,2.966036829087125,1.1144499877589389,8.53991732102835,15.0,3.0,3.5,0.8,0.9294745612441473,3.3461084204789304
18,502,19788,90,52.8428,-46.0462,334.8783,2.1534,5.0925,0.6553,-0.3525,0.0357,-0.0366,0.743,0.0409,0.0478,0.018,car,502,52.8428,-46.0462,0.6553,-0.3525,0.743,0.0409,334.8783,0.7440929646220289,2.678734672639304,0.0,0.0,0.0,0.0,0.0,0.0,1,18_502_503_19778_ego_502,1,19778,19774,19778,vehicle_vehicle,0.3252734648699439,2.966036829087125,1.1144499877589389,8.53991732102835,15.0,3.0,3.5,0.8,0.9294745612441473,3.3461084204789304
18,503,19788,31,45.7868,-43.235,343.1742,2.0859,4.9018,2.4295,-0.7732,-2.8846,0.844,2.5493,0.0368,-3.0054,0.0271,car,502,52.8428,-46.0462,0.6553,-0.3525,0.743,0.0409,334.8783,0.7440929646220289,2.678734672639304,-7.055999999999997,2.8111999999999995,1.7742,-0.4207,1.8233963173155747,7.595392118909988,0,18_502_503_19778_ego_502,1,19778,19774,19778,vehicle_vehicle,0.3252734648699439,2.966036829087125,1.1144499877589389,8.53991732102835,15.0,3.0,3.5,0.8,0.9294745612441473,3.3461084204789304
18,497,19789,262,59.8875,-43.9638,261.1857,2.155,4.6996,-0.782,-6.9441,2.392,-0.3172,6.9819,-0.2913,-0.0531,-2.4124,car,502,52.8705,-46.0611,0.6568,-0.3525,0.7443,0.0397,334.8262,0.7454143076169119,2.6834915074208827,7.017000000000003,2.097300000000004,-1.4388,-6.5916,6.746801909052911,7.323725574460042,0,18_502_503_19778_ego_502,0,19778,19774,19778,vehicle_vehicle,0.3252734648699439,2.966036829087125,1.1144499877589389,8.53991732102835,15.0,3.0,3.5,0.8,0.9294745612441473,3.3461084204789304
18,502,19789,91,52.8705,-46.0611,334.8262,2.1534,5.0925,0.6568,-0.3525,0.1215,-0.0826,0.7443,0.0397,0.1451,0.0231,car,502,52.8705,-46.0611,0.6568,-0.3525,0.7443,0.0397,334.8262,0.7454143076169119,2.6834915074208827,0.0,0.0,0.0,0.0,0.0,0.0,1,18_502_503_19778_ego_502,1,19778,19774,19778,vehicle_vehicle,0.3252734648699439,2.966036829087125,1.1144499877589389,8.53991732102835,15.0,3.0,3.5,0.8,0.9294745612441473,3.3461084204789304
18,503,19789,32,45.8819,-43.2653,343.1469,2.0859,4.9018,2.3058,-0.7372,-2.8935,0.8552,2.4206,0.037,-3.0172,0.0204,car,502,52.8705,-46.0611,0.6568,-0.3525,0.7443,0.0397,334.8262,0.7454143076169119,2.6834915074208827,-6.988599999999998,2.7958,1.649,-0.3847,1.6932793892326217,7.527086262292999,0,18_502_503_19778_ego_502,1,19778,19774,19778,vehicle_vehicle,0.3252734648699439,2.966036829087125,1.1144499877589389,8.53991732102835,15.0,3.0,3.5,0.8,0.9294745612441473,3.3461084204789304
18,497,19790,263,59.859,-44.242,261.9738,2.155,4.6996,-0.6867,-6.9565,2.3874,-0.3016,6.9842,-0.2913,-0.0347,-2.4061,car,502,52.8973,-46.076,0.6614,-0.3541,0.7493,0.0382,334.7594,0.7502244797392311,2.700808127061232,6.9617,1.8340000000000032,-1.3481,-6.6024,6.73862444197627,7.199223769962982,0,18_502_503_19778_ego_502,0,19778,19774,19778,vehicle_vehicle,0.3252734648699439,2.966036829087125,1.1144499877589389,8.53991732102835,15.0,3.0,3.5,0.8,0.9294745612441473,3.3461084204789304
18,502,19790,92,52.8973,-46.076,334.7594,2.1534,5.0925,0.6614,-0.3541,0.2073,-0.1302,0.7493,0.0382,0.2431,0.0294,car,502,52.8973,-46.076,0.6614,-0.3541,0.7493,0.0382,334.7594,0.7502244797392311,2.700808127061232,0.0,0.0,0.0,0.0,0.0,0.0,1,18_502_503_19778_ego_502,1,19778,19774,19778,vehicle_vehicle,0.3252734648699439,2.966036829087125,1.1144499877589389,8.53991732102835,15.0,3.0,3.5,0.8,0.9294745612441473,3.3461084204789304
18,503,19790,33,45.9719,-43.2941,343.1184,2.0859,4.9018,2.1819,-0.7008,-2.8942,0.8642,2.2914,0.037,-3.0204,0.0135,car,502,52.8973,-46.076,0.6614,-0.3541,0.7493,0.0382,334.7594,0.7502244797392311,2.700808127061232,-6.925400000000003,2.7819000000000003,1.5205000000000002,-0.34669999999999995,1.559525934378778,7.463252157739282,0,18_502_503_19778_ego_502,1,19778,19774,19778,vehicle_vehicle,0.3252734648699439,2.966036829087125,1.1144499877589389,8.53991732102835,15.0,3.0,3.5,0.8,0.9294745612441473,3.3461084204789304
18,497,19791,264,59.8345,-44.5206,262.7635,2.155,4.6996,-0.592,-6.9682,2.3834,-0.2863,6.9872,-0.2904,-0.0162,-2.4005,car,502,52.9243,-46.0906,0.6694,-0.3575,0.758,0.037,334.693,0.7588824744319769,2.731976907955117,6.910199999999996,1.5700000000000003,-1.2614,-6.6107000000000005,6.729969126972279,7.0863082094980845,0,18_502_503_19778_ego_502,0,19778,19774,19778,vehicle_vehicle,0.3252734648699439,2.966036829087125,1.1144499877589389,8.53991732102835,15.0,3.0,3.5,0.8,0.9294745612441473,3.3461084204789304
18,502,19791,93,52.9243,-46.0906,334.693,2.1534,5.0925,0.6694,-0.3575,0.2934,-0.1796,0.758,0.037,0.342,0.0369,car,502,52.9243,-46.0906,0.6694,-0.3575,0.758,0.037,334.693,0.7588824744319769,2.731976907955117,0.0,0.0,0.0,0.0,0.0,0.0,1,18_502_503_19778_ego_502,1,19778,19774,19778,vehicle_vehicle,0.3252734648699439,2.966036829087125,1.1144499877589389,8.53991732102835,15.0,3.0,3.5,0.8,0.9294745612441473,3.3461084204789304
18,503,19791,34,46.0568,-43.3223,343.0848,2.0859,4.9018,2.0579,-0.6637,-2.8866,0.8709,2.162,0.0363,-3.0151,0.0066,car,502,52.9243,-46.0906,0.6694,-0.3575,0.758,0.037,334.693,0.7588824744319769,2.731976907955117,-6.8675,2.7683000000000035,1.3885,-0.30619999999999997,1.4218616986191028,7.404460894622917,0,18_502_503_19778_ego_502,1,19778,19774,19778,vehicle_vehicle,0.3252734648699439,2.966036829087125,1.1144499877589389,8.53991732102835,15.0,3.0,3.5,0.8,0.9294745612441473,3.3461084204789304
18,497,19792,265,59.8134,-44.7995,263.5256,2.155,4.6996,-0.4978,-6.9793,2.3804,-0.2714,6.9909,-0.2923,0.0012,-2.3958,car,502,52.951,-46.1052,0.681,-0.3628,0.7707,0.0359,334.6231,0.7716118454248873,2.7778026435295944,6.862400000000001,1.3057000000000016,-1.1788,-6.6165,6.720687590566906,6.985512597512084,0,18_502_503_19778_ego_502,0,19778,19774,19778,vehicle_vehicle,0.3252734648699439,2.966036829087125,1.1144499877589389,8.53991732102835,15.0,3.0,3.5,0.8,0.9294745612441473,3.3461084204789304
18,502,19792,94,52.951,-46.1052,334.6231,2.1534,5.0925,0.681,-0.3628,0.3798,-0.2309,0.7707,0.0359,0.4421,0.0458,car,502,52.951,-46.1052,0.681,-0.3628,0.7707,0.0359,334.6231,0.7716118454248873,2.7778026435295944,0.0,0.0,0.0,0.0,0.0,0.0,1,18_502_503_19778_ego_502,1,19778,19774,19778,vehicle_vehicle,0.3252734648699439,2.966036829087125,1.1144499877589389,8.53991732102835,15.0,3.0,3.5,0.8,0.9294745612441473,3.3461084204789304
18,503,19792,35,46.1362,-43.3489,343.0505,2.0859,4.9018,1.9344,-0.6261,-2.8709,0.8749,2.0329,0.0349,-3.0013,0.0,car,502,52.951,-46.1052,0.681,-0.3628,0.7707,0.0359,334.6231,0.7716118454248873,2.7778026435295944,-6.814799999999998,2.756300000000003,1.2533999999999998,-0.2633,1.2807569831939234,7.351101191658294,0,18_502_503_19778_ego_502,1,19778,19774,19778,vehicle_vehicle,0.3252734648699439,2.966036829087125,1.1144499877589389,8.53991732102835,15.0,3.0,3.5,0.8,0.9294745612441473,3.3461084204789304
18,497,19793,266,59.7957,-45.0788,264.3093,2.155,4.6996,-0.4038,-6.9898,2.3785,-0.2568,6.9954,-0.2913,0.0197,-2.3922,car,502,52.9776,-46.1193,0.6963,-0.3704,0.7879,0.0351,334.5457,0.7886886901686876,2.8392792846072754,6.818099999999994,1.0405000000000015,-1.1001,-6.6194,6.7101919771344845,6.897037614802454,0,18_502_503_19778_ego_502,0,19778,19774,19778,vehicle_vehicle,0.3252734648699439,2.966036829087125,1.1144499877589389,8.53991732102835,15.0,3.0,3.5,0.8,0.9294745612441473,3.3461084204789304
18,502,19793,95,52.9776,-46.1193,334.5457,2.1534,5.0925,0.6963,-0.3704,0.4661,-0.2839,0.7879,0.0351,0.5429,0.056,car,502,52.9776,-46.1193,0.6963,-0.3704,0.7879,0.0351,334.5457,0.7886886901686876,2.8392792846072754,0.0,0.0,0.0,0.0,0.0,0.0,1,18_502_503_19778_ego_502,1,19778,19774,19778,vehicle_vehicle,0.3252734648699439,2.966036829087125,1.1144499877589389,8.53991732102835,15.0,3.0,3.5,0.8,0.9294745612441473,3.3461084204789304
18,503,19793,36,46.2112,-43.3733,343.0154,2.0859,4.9018,1.8116,-0.5883,-2.8473,0.8761,1.9045,0.0334,-2.979,-0.0062,car,502,52.9776,-46.1193,0.6963,-0.3704,0.7879,0.0351,334.5457,0.7886886901686876,2.8392792846072754,-6.766400000000004,2.746000000000002,1.1153,-0.21790000000000004,1.1363865979498349,7.302375295751381,0,18_502_503_19778_ego_502,1,19778,19774,19778,vehicle_vehicle,0.3252734648699439,2.966036829087125,1.1144499877589389,8.53991732102835,15.0,3.0,3.5,0.8,0.9294745612441473,3.3461084204789304
18,497,19794,267,59.7821,-45.3585,265.0871,2.155,4.6996,-0.3102,-6.9998,2.378,-0.2425,7.0007,-0.2905,0.038,-2.39,car,502,53.0048,-46.1342,0.7156,-0.3801,0.8095,0.0344,334.4556,0.8102835121116558,2.917020643601961,6.777299999999997,0.7757000000000005,-1.0258,-6.6197,6.698708362811446,6.821547169081216,0,18_502_503_19778_ego_502,0,19778,19774,19778,vehicle_vehicle,0.3252734648699439,2.966036829087125,1.1144499877589389,8.53991732102835,15.0,3.0,3.5,0.8,0.9294745612441473,3.3461084204789304
18,502,19794,96,53.0048,-46.1342,334.4556,2.1534,5.0925,0.7156,-0.3801,0.5521,-0.3385,0.8095,0.0344,0.6441,0.0674,car,502,53.0048,-46.1342,0.7156,-0.3801,0.8095,0.0344,334.4556,0.8102835121116558,2.917020643601961,0.0,0.0,0.0,0.0,0.0,0.0,1,18_502_503_19778_ego_502,1,19778,19774,19778,vehicle_vehicle,0.3252734648699439,2.966036829087125,1.1144499877589389,8.53991732102835,15.0,3.0,3.5,0.8,0.9294745612441473,3.3461084204789304
18,503,19794,37,46.2816,-43.3965,342.9773,2.0859,4.9018,1.6897,-0.5502,-2.8156,0.8744,1.7768,0.0315,-2.9483,-0.0118,car,502,53.0048,-46.1342,0.7156,-0.3801,0.8095,0.0344,334.4556,0.8102835121116558,2.917020643601961,-6.723200000000006,2.7376999999999967,0.9741,-0.17010000000000003,0.9888401387484228,7.259229954340891,0,18_502_503_19778_ego_502,1,19778,19774,19778,vehicle_vehicle,0.3252734648699439,2.966036829087125,1.1144499877589389,8.53991732102835,15.0,3.0,3.5,0.8,0.9294745612441473,3.3461084204789304
18,497,19795,268,59.7703,-45.638,265.8626,2.155,4.6996,-0.216,-7.0095,2.3787,-0.2284,7.0068,-0.2903,0.0561,-2.3889,car,502,53.0323,-46.1492,0.7389,-0.3922,0.8359,0.034,334.3667,0.8365369388138219,3.0115329797297585,6.7379999999999995,0.5112000000000023,-0.9549,-6.6173,6.685842751665642,6.7573640896432385,0,18_502_503_19778_ego_502,0,19778,19774,19778,vehicle_vehicle,0.3252734648699439,2.966036829087125,1.1144499877589389,8.53991732102835,15.0,3.0,3.5,0.8,0.9294745612441473,3.3461084204789304
18,502,19795,97,53.0323,-46.1492,334.3667,2.1534,5.0925,0.7389,-0.3922,0.6372,-0.3947,0.8359,0.034,0.7452,0.0802,car,502,53.0323,-46.1492,0.7389,-0.3922,0.8359,0.034,334.3667,0.8365369388138219,3.0115329797297585,0.0,0.0,0.0,0.0,0.0,0.0,1,18_502_503_19778_ego_502,1,19778,19774,19778,vehicle_vehicle,0.3252734648699439,2.966036829087125,1.1144499877589389,8.53991732102835,15.0,3.0,3.5,0.8,0.9294745612441473,3.3461084204789304
18,503,19795,38,46.3468,-43.4179,342.9403,2.0859,4.9018,1.5691,-0.5122,-2.776,0.8697,1.6503,0.0294,-2.909,-0.017,car,502,53.0323,-46.1492,0.7389,-0.3922,0.8359,0.034,334.3667,0.8365369388138219,3.0115329797297585,-6.6854999999999976,2.7312999999999974,0.8301999999999999,-0.12,0.8388277773178472,7.221904869215598,0,18_502_503_19778_ego_502,1,19778,19774,19778,vehicle_vehicle,0.3252734648699439,2.966036829087125,1.1144499877589389,8.53991732102835,15.0,3.0,3.5,0.8,0.9294745612441473,3.3461084204789304
18,497,19796,269,59.7624,-45.9181,266.6261,2.155,4.6996,-0.1213,-7.0188,2.3801,-0.2141,7.0138,-0.292,0.0737,-2.3886,car,502,53.0608,-46.165,0.7662,-0.4067,0.8668,0.0338,334.2784,0.867448747765538,3.122815491955937,6.701599999999999,0.24689999999999657,-0.8875,-6.6121,6.671395855441348,6.706146596220514,0,18_502_503_19778_ego_502,0,19778,19774,19778,vehicle_vehicle,0.3252734648699439,2.966036829087125,1.1144499877589389,8.53991732102835,15.0,3.0,3.5,0.8,0.9294745612441473,3.3461084204789304
18,502,19796,98,53.0608,-46.165,334.2784,2.1534,5.0925,0.7662,-0.4067,0.7207,-0.4522,0.8668,0.0338,0.8455,0.0947,car,502,53.0608,-46.165,0.7662,-0.4067,0.8668,0.0338,334.2784,0.867448747765538,3.122815491955937,0.0,0.0,0.0,0.0,0.0,0.0,1,18_502_503_19778_ego_502,1,19778,19774,19778,vehicle_vehicle,0.3252734648699439,2.966036829087125,1.1144499877589389,8.53991732102835,15.0,3.0,3.5,0.8,0.9294745612441473,3.3461084204789304
18,503,19796,39,46.4068,-43.4379,342.9088,2.0859,4.9018,1.4503,-0.4743,-2.7284,0.8618,1.5256,0.0271,-2.8612,-0.0219,car,502,53.0608,-46.165,0.7662,-0.4067,0.8668,0.0338,334.2784,0.867448747765538,3.122815491955937,-6.6540000000000035,2.7271,0.6840999999999999,-0.0676,0.6874318657147048,7.191160574622155,0,18_502_503_19778_ego_502,1,19778,19774,19778,vehicle_vehicle,0.3252734648699439,2.966036829087125,1.1144499877589389,8.53991732102835,15.0,3.0,3.5,0.8,0.9294745612441473,3.3461084204789304
18,497,19797,270,59.7589,-46.1986,267.3808,2.155,4.6996,-0.0264,-7.0277,2.3819,-0.1996,7.0216,-0.2948,0.0906,-2.3885,car,502,53.0906,-46.181,0.7975,-0.4237,0.9024,0.0342,334.1944,0.9030658558488411,3.251037081055828,6.668299999999995,-0.017600000000001614,-0.8239,-6.604,6.655195505017114,6.6683232262690995,0,18_502_503_19778_ego_502,0,19778,19774,19778,vehicle_vehicle,0.3252734648699439,2.966036829087125,1.1144499877589389,8.53991732102835,15.0,3.0,3.5,0.8,0.9294745612441473,3.3461084204789304
18,502,19797,99,53.0906,-46.181,334.1944,2.1534,5.0925,0.7975,-0.4237,0.802,-0.511,0.9024,0.0342,0.9445,0.1109,car,502,53.0906,-46.181,0.7975,-0.4237,0.9024,0.0342,334.1944,0.9030658558488411,3.251037081055828,0.0,0.0,0.0,0.0,0.0,0.0,1,18_502_503_19778_ego_502,1,19778,19774,19778,vehicle_vehicle,0.3252734648699439,2.966036829087125,1.1144499877589389,8.53991732102835,15.0,3.0,3.5,0.8,0.9294745612441473,3.3461084204789304
18,503,19797,40,46.4623,-43.4564,342.8748,2.0859,4.9018,1.3335,-0.4366,-2.6732,0.8509,1.4029,0.0246,-2.8052,-0.026,car,502,53.0906,-46.181,0.7975,-0.4237,0.9024,0.0342,334.1944,0.9030658558488411,3.251037081055828,-6.628300000000003,2.7245999999999952,0.5359999999999999,-0.012899999999999967,0.5361552107365926,7.166436077298116,0,18_502_503_19778_ego_502,1,19778,19774,19778,vehicle_vehicle,0.3252734648699439,2.966036829087125,1.1144499877589389,8.53991732102835,15.0,3.0,3.5,0.8,0.9294745612441473,3.3461084204789304
18,497,19798,271,59.7596,-46.4799,268.1345,2.155,4.6996,0.0686,-7.0361,2.3839,-0.1847,7.0301,-0.2976,0.107,-2.3887,car,502,53.1219,-46.198,0.8325,-0.4432,0.9425,0.0352,334.1134,0.9431237935711303,3.395245656856069,6.637700000000002,-0.28190000000000026,-0.7639,-6.5929,6.63700788156832,6.643683383485402,0,18_502_503_19778_ego_502,0,19778,19774,19778,vehicle_vehicle,0.3252734648699439,2.966036829087125,1.1144499877589389,8.53991732102835,15.0,3.0,3.5,0.8,0.9294745612441473,3.3461084204789304
18,502,19798,100,53.1219,-46.198,334.1134,2.1534,5.0925,0.8325,-0.4432,0.8807,-0.5708,0.9425,0.0352,1.0415,0.129,car,502,53.1219,-46.198,0.8325,-0.4432,0.9425,0.0352,334.1134,0.9431237935711303,3.395245656856069,0.0,0.0,0.0,0.0,0.0,0.0,1,18_502_503_19778_ego_502,1,19778,19774,19778,vehicle_vehicle,0.3252734648699439,2.966036829087125,1.1144499877589389,8.53991732102835,15.0,3.0,3.5,0.8,0.9294745612441473,3.3461084204789304
18,503,19798,41,46.5134,-43.4736,342.8481,2.0859,4.9018,1.219,-0.3993,-2.6103,0.8366,1.2825,0.022,-2.741,-0.0296,car,502,53.1219,-46.198,0.8325,-0.4432,0.9425,0.0352,334.1134,0.9431237935711303,3.395245656856069,-6.608499999999999,2.724400000000003,0.38650000000000007,0.043899999999999995,0.38898516681230927,7.148050616077086,0,18_502_503_19778_ego_502,1,19778,19774,19778,vehicle_vehicle,0.3252734648699439,2.966036829087125,1.1144499877589389,8.53991732102835,15.0,3.0,3.5,0.8,0.9294745612441473,3.3461084204789304
18,497,19799,272,59.7639,-46.7616,268.9064,2.155,4.6996,0.1639,-7.0438,2.3862,-0.1695,7.0394,-0.2983,0.124,-2.389,car,502,53.1548,-46.2156,0.8711,-0.4653,0.9869,0.0369,334.035,0.9875825535113507,3.5552971926408627,6.609099999999998,-0.5459999999999994,-0.7072,-6.5785,6.616403410464026,6.631615098149166,0,18_502_503_19778_ego_502,0,19778,19774,19778,vehicle_vehicle,0.3252734648699439,2.966036829087125,1.1144499877589389,8.53991732102835,15.0,3.0,3.5,0.8,0.9294745612441473,3.3461084204789304
18,502,19799,101,53.1548,-46.2156,334.035,2.1534,5.0925,0.8711,-0.4653,0.9563,-0.6314,0.9869,0.0369,1.1362,0.149,car,502,53.1548,-46.2156,0.8711,-0.4653,0.9869,0.0369,334.035,0.9875825535113507,3.5552971926408627,0.0,0.0,0.0,0.0,0.0,0.0,1,18_502_503_19778_ego_502,1,19778,19774,19778,vehicle_vehicle,0.3252734648699439,2.966036829087125,1.1144499877589389,8.53991732102835,15.0,3.0,3.5,0.8,0.9294745612441473,3.3461084204789304
18,503,19799,42,46.56,-43.4891,342.8279,2.0859,4.9018,1.107,-0.3624,-2.5399,0.819,1.1646,0.0194,-2.6685,-0.0326,car,502,53.1548,-46.2156,0.8711,-0.4653,0.9869,0.0369,334.035,0.9875825535113507,3.5552971926408627,-6.594799999999999,2.7265000000000015,0.2359,0.10289999999999999,0.2573659262606455,7.1361887089678335,0,18_502_503_19778_ego_502,1,19778,19774,19778,vehicle_vehicle,0.3252734648699439,2.966036829087125,1.1144499877589389,8.53991732102835,15.0,3.0,3.5,0.8,0.9294745612441473,3.3461084204789304
18,497,19800,273,59.7715,-47.0435,269.6853,2.155,4.6996,0.2596,-7.0509,2.3883,-0.154,7.0493,-0.2984,0.1409,-2.3891,car,502,53.1896,-46.2341,0.913,-0.4901,1.0355,0.0394,333.9515,1.036227296494355,3.730418267379678,6.5819000000000045,-0.8094000000000037,-0.6534,-6.5608,6.593256266822943,6.631480677043405,0,18_502_503_19778_ego_502,0,19778,19774,19778,vehicle_vehicle,0.3252734648699439,2.966036829087125,1.1144499877589389,8.53991732102835,15.0,3.0,3.5,0.8,0.9294745612441473,3.3461084204789304
18,502,19800,102,53.1896,-46.2341,333.9515,2.1534,5.0925,0.913,-0.4901,1.0283,-0.6925,1.0355,0.0394,1.228,0.1706,car,502,53.1896,-46.2341,0.913,-0.4901,1.0355,0.0394,333.9515,1.036227296494355,3.730418267379678,0.0,0.0,0.0,0.0,0.0,0.0,1,18_502_503_19778_ego_502,1,19778,19774,19778,vehicle_vehicle,0.3252734648699439,2.966036829087125,1.1144499877589389,8.53991732102835,15.0,3.0,3.5,0.8,0.9294745612441473,3.3461084204789304
18,503,19800,43,46.6022,-43.503,342.8057,2.0859,4.9018,0.9978,-0.3261,-2.4619,0.7979,1.0497,0.0166,-2.5877,-0.0345,car,502,53.1896,-46.2341,0.913,-0.4901,1.0355,0.0394,333.9515,1.036227296494355,3.730418267379678,-6.587399999999995,2.731099999999998,0.08479999999999999,0.16399999999999998,0.1846267586239871,7.1311111315137925,0,18_502_503_19778_ego_502,1,19778,19774,19778,vehicle_vehicle,0.3252734648699439,2.966036829087125,1.1144499877589389,8.53991732102835,15.0,3.0,3.5,0.8,0.9294745612441473,3.3461084204789304
18,497,19801,274,59.7832,-47.3253,270.4669,2.155,4.6996,0.3557,-7.0575,2.39,-0.1382,7.0601,-0.2982,0.1576,-2.3888,car,502,53.2264,-46.2531,0.958,-0.5178,1.0882,0.0429,333.866,1.0889815609090907,3.9203336192727267,6.556800000000003,-1.0721999999999952,-0.6023,-6.5397,6.567377054806584,6.6438873470280955,0,18_502_503_19778_ego_502,0,19778,19774,19778,vehicle_vehicle,0.3252734648699439,2.966036829087125,1.1144499877589389,8.53991732102835,15.0,3.0,3.5,0.8,0.9294745612441473,3.3461084204789304
18,502,19801,103,53.2264,-46.2531,333.866,2.1534,5.0925,0.958,-0.5178,1.0965,-0.754,1.0882,0.0429,1.3165,0.1939,car,502,53.2264,-46.2531,0.958,-0.5178,1.0882,0.0429,333.866,1.0889815609090907,3.9203336192727267,0.0,0.0,0.0,0.0,0.0,0.0,1,18_502_503_19778_ego_502,1,19778,19774,19778,vehicle_vehicle,0.3252734648699439,2.966036829087125,1.1144499877589389,8.53991732102835,15.0,3.0,3.5,0.8,0.9294745612441473,3.3461084204789304
18,503,19801,44,46.6399,-43.5154,342.7856,2.0859,4.9018,0.8919,-0.2908,-2.3764,0.7734,0.938,0.0138,-2.4988,-0.0354,car,502,53.2264,-46.2531,0.958,-0.5178,1.0882,0.0429,333.866,1.0889815609090907,3.9203336192727267,-6.586500000000001,2.737700000000004,-0.06609999999999994,0.22700000000000004,0.2364280228737702,7.132810353570326,0,18_502_503_19778_ego_502,1,19778,19774,19778,vehicle_vehicle,0.3252734648699439,2.966036829087125,1.1144499877589389,8.53991732102835,15.0,3.0,3.5,0.8,0.9294745612441473,3.3461084204789304
18,497,19802,275,59.7994,-47.6077,271.2505,2.155,4.6996,0.4518,-7.0634,2.3912,-0.1218,7.0716,-0.2975,0.174,-2.388,car,502,53.2652,-46.2739,1.0059,-0.5482,1.1446,0.0474,333.7834,1.1455819700047658,4.124095092017157,6.5341999999999985,-1.3338000000000036,-0.5541,-6.5152,6.538719893832432,6.668942350927918,0,18_502_503_19778_ego_502,0,19778,19774,19778,vehicle_vehicle,0.3252734648699439,2.966036829087125,1.1144499877589389,8.53991732102835,15.0,3.0,3.5,0.8,0.9294745612441473,3.3461084204789304
18,502,19802,104,53.2652,-46.2739,333.7834,2.1534,5.0925,1.0059,-0.5482,1.1608,-0.8153,1.1446,0.0474,1.4016,0.2186,car,502,53.2652,-46.2739,1.0059,-0.5482,1.1446,0.0474,333.7834,1.1455819700047658,4.124095092017157,0.0,0.0,0.0,0.0,0.0,0.0,1,18_502_503_19778_ego_502,1,19778,19774,19778,vehicle_vehicle,0.3252734648699439,2.966036829087125,1.1144499877589389,8.53991732102835,15.0,3.0,3.5,0.8,0.9294745612441473,3.3461084204789304
18,503,19802,45,46.6731,-43.5264,342.7766,2.0859,4.9018,0.7896,-0.2564,-2.2836,0.7454,0.8301,0.0111,-2.4019,-0.0358,car,502,53.2652,-46.2739,1.0059,-0.5482,1.1446,0.0474,333.7834,1.1455819700047658,4.124095092017157,-6.592100000000002,2.747499999999995,-0.21630000000000005,0.2918,0.36322572871425285,7.141746191233626,0,18_502_503_19778_ego_502,1,19778,19774,19778,vehicle_vehicle,0.3252734648699439,2.966036829087125,1.1144499877589389,8.53991732102835,15.0,3.0,3.5,0.8,0.9294745612441473,3.3461084204789304
18,497,19803,276,59.82,-47.8907,272.0433,2.155,4.6996,0.5477,-7.0686,2.392,-0.1051,7.0836,-0.2953,0.1904,-2.3868,car,502,53.3067,-46.2964,1.0563,-0.581,1.2044,0.0527,333.692,1.205541658342838,4.339949970034217,6.513300000000001,-1.594300000000004,-0.5086,-6.4876000000000005,6.507505491353812,6.70558493943668,0,18_502_503_19778_ego_502,0,19778,19774,19778,vehicle_vehicle,0.3252734648699439,2.966036829087125,1.1144499877589389,8.53991732102835,15.0,3.0,3.5,0.8,0.9294745612441473,3.3461084204789304
18,502,19803,105,53.3067,-46.2964,333.692,2.1534,5.0925,1.0563,-0.581,1.2211,-0.8763,1.2044,0.0527,1.483,0.2444,car,502,53.3067,-46.2964,1.0563,-0.581,1.2044,0.0527,333.692,1.205541658342838,4.339949970034217,0.0,0.0,0.0,0.0,0.0,0.0,1,18_502_503_19778_ego_502,1,19778,19774,19778,vehicle_vehicle,0.3252734648699439,2.966036829087125,1.1144499877589389,8.53991732102835,15.0,3.0,3.5,0.8,0.9294745612441473,3.3461084204789304
18,503,19803,46,46.7026,-43.5354,342.7707,2.0859,4.9018,0.6912,-0.2234,-2.1836,0.714,0.7263,0.0086,-2.2971,-0.0352,car,502,53.3067,-46.2964,1.0563,-0.581,1.2044,0.0527,333.692,1.205541658342838,4.339949970034217,-6.6041000000000025,2.7609999999999957,-0.3651,0.3576,0.5110535881881664,7.158020523161414,0,18_502_503_19778_ego_502,1,19778,19774,19778,vehicle_vehicle,0.3252734648699439,2.966036829087125,1.1144499877589389,8.53991732102835,15.0,3.0,3.5,0.8,0.9294745612441473,3.3461084204789304
18,497,19804,277,59.8448,-48.1734,272.8236,2.155,4.6996,0.6432,-7.0732,2.3928,-0.0881,7.0963,-0.294,0.2059,-2.3856,car,502,53.3505,-46.3204,1.1089,-0.6163,1.2673,0.059,333.5994,1.2686547599721525,4.567157135899749,6.494300000000003,-1.8530000000000015,-0.4657,-6.4569,6.47367238126861,6.753483655862361,0,18_502_503_19778_ego_502,0,19778,19774,19778,vehicle_vehicle,0.3252734648699439,2.966036829087125,1.1144499877589389,8.53991732102835,15.0,3.0,3.5,0.8,0.9294745612441473,3.3461084204789304
18,502,19804,106,53.3505,-46.3204,333.5994,2.1534,5.0925,1.1089,-0.6163,1.2776,-0.9371,1.2673,0.059,1.561,0.2713,car,502,53.3505,-46.3204,1.1089,-0.6163,1.2673,0.059,333.5994,1.2686547599721525,4.567157135899749,0.0,0.0,0.0,0.0,0.0,0.0,1,18_502_503_19778_ego_502,1,19778,19774,19778,vehicle_vehicle,0.3252734648699439,2.966036829087125,1.1144499877589389,8.53991732102835,15.0,3.0,3.5,0.8,0.9294745612441473,3.3461084204789304
18,503,19804,47,46.7276,-43.5429,342.7628,2.0859,4.9018,0.5971,-0.192,-2.0766,0.6797,0.6271,0.0064,-2.1848,-0.0338,car,502,53.3505,-46.3204,1.1089,-0.6163,1.2673,0.059,333.5994,1.2686547599721525,4.567157135899749,-6.622899999999994,2.7774999999999963,-0.5118,0.42429999999999995,0.6648080399634168,7.181734516117948,0,18_502_503_19778_ego_502,1,19778,19774,19778,vehicle_vehicle,0.3252734648699439,2.966036829087125,1.1144499877589389,8.53991732102835,15.0,3.0,3.5,0.8,0.9294745612441473,3.3461084204789304
18,497,19805,278,59.8716,-48.4567,273.5938,2.155,4.6996,0.7391,-7.0769,2.3936,-0.0708,7.1093,-0.2941,0.2207,-2.3845,car,502,53.3972,-46.3465,1.1631,-0.6537,1.3326,0.0659,333.4928,1.3342133637465936,4.803168109487737,6.474400000000003,-2.110199999999999,-0.42400000000000004,-6.4232000000000005,6.437179059184232,6.809610811199128,0,18_502_503_19778_ego_502,0,19778,19774,19778,vehicle_vehicle,0.3252734648699439,2.966036829087125,1.1144499877589389,8.53991732102835,15.0,3.0,3.5,0.8,0.9294745612441473,3.3461084204789304
18,502,19805,107,53.3972,-46.3465,333.4928,2.1534,5.0925,1.1631,-0.6537,1.3306,-0.9979,1.3326,0.0659,1.6361,0.2991,car,502,53.3972,-46.3465,1.1631,-0.6537,1.3326,0.0659,333.4928,1.3342133637465936,4.803168109487737,0.0,0.0,0.0,0.0,0.0,0.0,1,18_502_503_19778_ego_502,1,19778,19774,19778,vehicle_vehicle,0.3252734648699439,2.966036829087125,1.1144499877589389,8.53991732102835,15.0,3.0,3.5,0.8,0.9294745612441473,3.3461084204789304
18,503,19805,48,46.749,-43.5493,342.7546,2.0859,4.9018,0.5076,-0.1622,-1.9631,0.6427,0.5329,0.0044,-2.0654,-0.0318,car,502,53.3972,-46.3465,1.1631,-0.6537,1.3326,0.0659,333.4928,1.3342133637465936,4.803168109487737,-6.648199999999996,2.7971999999999966,-0.6555,0.49149999999999994,0.8193000061027705,7.212689587109646,0,18_502_503_19778_ego_502,1,19778,19774,19778,vehicle_vehicle,0.3252734648699439,2.966036829087125,1.1144499877589389,8.53991732102835,15.0,3.0,3.5,0.8,0.9294745612441473,3.3461084204789304
18,497,19806,279,59.9027,-48.7395,274.357,2.155,4.6996,0.8352,-7.0801,2.3941,-0.0532,7.1231,-0.2949,0.235,-2.3832,car,502,53.4464,-46.3739,1.2189,-0.6934,1.4004,0.0733,333.3597,1.4023269126705087,5.048376885613831,6.456300000000006,-2.3656000000000006,-0.38370000000000004,-6.386699999999999,6.398215577799797,6.876036143738635,0,18_502_503_19778_ego_502,0,19778,19774,19778,vehicle_vehicle,0.3252734648699439,2.966036829087125,1.1144499877589389,8.53991732102835,15.0,3.0,3.5,0.8,0.9294745612441473,3.3461084204789304
18,502,19806,108,53.4464,-46.3739,333.3597,2.1534,5.0925,1.2189,-0.6934,1.3808,-1.0588,1.4004,0.0733,1.709,0.3272,car,502,53.4464,-46.3739,1.2189,-0.6934,1.4004,0.0733,333.3597,1.4023269126705087,5.048376885613831,0.0,0.0,0.0,0.0,0.0,0.0,1,18_502_503_19778_ego_502,1,19778,19774,19778,vehicle_vehicle,0.3252734648699439,2.966036829087125,1.1144499877589389,8.53991732102835,15.0,3.0,3.5,0.8,0.9294745612441473,3.3461084204789304
18,503,19806,49,46.7662,-43.5551,342.7473,2.0859,4.9018,0.4233,-0.134,-1.8434,0.6031,0.444,0.0025,-1.9394,-0.0292,car,502,53.4464,-46.3739,1.2189,-0.6934,1.4004,0.0733,333.3597,1.4023269126705087,5.048376885613831,-6.680199999999999,2.818799999999996,-0.7956000000000001,0.5594,0.972577873488802,7.250565873088801,0,18_502_503_19778_ego_502,1,19778,19774,19778,vehicle_vehicle,0.3252734648699439,2.966036829087125,1.1144499877589389,8.53991732102835,15.0,3.0,3.5,0.8,0.9294745612441473,3.3461084204789304
18,497,19807,280,59.9378,-49.0224,275.1165,2.155,4.6996,0.9314,-7.0827,2.3943,-0.0352,7.1376,-0.296,0.2486,-2.3816,car,502,53.4976,-46.4025,1.2761,-0.7355,1.4707,0.0813,333.2069,1.472885419847722,5.302387511451799,6.440200000000004,-2.619899999999994,-0.3447,-6.3472,6.356552991205217,6.952701061458059,0,18_502_503_19778_ego_502,0,19778,19774,19778,vehicle_vehicle,0.3252734648699439,2.966036829087125,1.1144499877589389,8.53991732102835,15.0,3.0,3.5,0.8,0.9294745612441473,3.3461084204789304
18,502,19807,109,53.4976,-46.4025,333.2069,2.1534,5.0925,1.2761,-0.7355,1.4287,-1.1199,1.4707,0.0813,1.7802,0.3557,car,502,53.4976,-46.4025,1.2761,-0.7355,1.4707,0.0813,333.2069,1.472885419847722,5.302387511451799,0.0,0.0,0.0,0.0,0.0,0.0,1,18_502_503_19778_ego_502,1,19778,19774,19778,vehicle_vehicle,0.3252734648699439,2.966036829087125,1.1144499877589389,8.53991732102835,15.0,3.0,3.5,0.8,0.9294745612441473,3.3461084204789304
18,503,19807,50,46.7794,-43.5591,342.7396,2.0859,4.9018,0.3446,-0.1078,-1.7184,0.5612,0.3611,0.0007,-1.8076,-0.0261,car,502,53.4976,-46.4025,1.2761,-0.7355,1.4707,0.0813,333.2069,1.472885419847722,5.302387511451799,-6.718199999999996,2.8434000000000026,-0.9315,0.6277,1.1232539962092278,7.295144604461241,0,18_502_503_19778_ego_502,1,19778,19774,19778,vehicle_vehicle,0.3252734648699439,2.966036829087125,1.1144499877589389,8.53991732102835,15.0,3.0,3.5,0.8,0.9294745612441473,3.3461084204789304
18,497,19808,281,59.9768,-49.3052,275.8737,2.155,4.6996,1.0276,-7.0848,2.3939,-0.0166,7.1528,-0.2972,0.2615,-2.3797,car,502,53.5504,-46.4324,1.335,-0.7802,1.5437,0.0898,333.0261,1.5462655140693011,5.566555850649484,6.426399999999994,-2.872799999999998,-0.3073999999999999,-6.304600000000001,6.312089663494968,7.039289509602507,0,18_502_503_19778_ego_502,0,19778,19774,19778,vehicle_vehicle,0.3252734648699439,2.966036829087125,1.1144499877589389,8.53991732102835,15.0,3.0,3.5,0.8,0.9294745612441473,3.3461084204789304
18,502,19808,110,53.5504,-46.4324,333.0261,2.1534,5.0925,1.335,-0.7802,1.4748,-1.1812,1.5437,0.0898,1.8501,0.3838,car,502,53.5504,-46.4324,1.335,-0.7802,1.5437,0.0898,333.0261,1.5462655140693011,5.566555850649484,0.0,0.0,0.0,0.0,0.0,0.0,1,18_502_503_19778_ego_502,1,19778,19774,19778,vehicle_vehicle,0.3252734648699439,2.966036829087125,1.1144499877589389,8.53991732102835,15.0,3.0,3.5,0.8,0.9294745612441473,3.3461084204789304
18,503,19808,51,46.7895,-43.5614,342.7415,2.0859,4.9018,0.2719,-0.0838,-1.589,0.5176,0.2845,-0.0006,-1.671,-0.0229,car,502,53.5504,-46.4324,1.335,-0.7802,1.5437,0.0898,333.0261,1.5462655140693011,5.566555850649484,-6.760900000000007,2.871000000000002,-1.0631,0.6964,1.2708873160119272,7.345230412315199,0,18_502_503_19778_ego_502,1,19778,19774,19778,vehicle_vehicle,0.3252734648699439,2.966036829087125,1.1144499877589389,8.53991732102835,15.0,3.0,3.5,0.8,0.9294745612441473,3.3461084204789304
18,497,19809,282,60.0191,-49.5886,276.6367,2.155,4.6996,1.1242,-7.0862,2.393,0.0028,7.1687,-0.2977,0.2738,-2.3773,car,502,53.6057,-46.4646,1.3955,-0.8274,1.6193,0.0986,332.8202,1.6223473764887717,5.8404505553595785,6.413400000000003,-3.1240000000000023,-0.2712999999999999,-6.2588,6.264677256650976,7.133798116010857,0,18_502_503_19778_ego_502,0,19778,19774,19778,vehicle_vehicle,0.3252734648699439,2.966036829087125,1.1144499877589389,8.53991732102835,15.0,3.0,3.5,0.8,0.9294745612441473,3.3461084204789304
18,502,19809,111,53.6057,-46.4646,332.8202,2.1534,5.0925,1.3955,-0.8274,1.5192,-1.2426,1.6193,0.0986,1.9191,0.4115,car,502,53.6057,-46.4646,1.3955,-0.8274,1.6193,0.0986,332.8202,1.6223473764887717,5.8404505553595785,0.0,0.0,0.0,0.0,0.0,0.0,1,18_502_503_19778_ego_502,1,19778,19774,19778,vehicle_vehicle,0.3252734648699439,2.966036829087125,1.1144499877589389,8.53991732102835,15.0,3.0,3.5,0.8,0.9294745612441473,3.3461084204789304
18,503,19809,52,46.7968,-43.5632,342.7375,2.0859,4.9018,0.2052,-0.0621,-1.4559,0.4726,0.2144,-0.0016,-1.5306,-0.0193,car,502,53.6057,-46.4646,1.3955,-0.8274,1.6193,0.0986,332.8202,1.6223473764887717,5.8404505553595785,-6.808900000000001,2.9013999999999953,-1.1903,0.7653,1.4150965267429638,7.401299964871035,0,18_502_503_19778_ego_502,1,19778,19774,19778,vehicle_vehicle,0.3252734648699439,2.966036829087125,1.1144499877589389,8.53991732102835,15.0,3.0,3.5,0.8,0.9294745612441473,3.3461084204789304
18,497,19810,283,60.0657,-49.8719,277.4069,2.155,4.6996,1.2208,-7.0869,2.3912,0.0228,7.1851,-0.297,0.2856,-2.3742,car,502,53.6633,-46.4984,1.4575,-0.8771,1.6977,0.1071,332.5717,1.7010616273374697,6.123821858414891,6.4024,-3.3735,-0.2366999999999999,-6.2097999999999995,6.214309529625958,7.236796805907984,0,18_502_503_19778_ego_502,0,19778,19774,19778,vehicle_vehicle,0.3252734648699439,2.966036829087125,1.1144499877589389,8.53991732102835,15.0,3.0,3.5,0.8,0.9294745612441473,3.3461084204789304
18,502,19810,112,53.6633,-46.4984,332.5717,2.1534,5.0925,1.4575,-0.8771,1.5623,-1.3041,1.6977,0.1071,1.9874,0.4379,car,502,53.6633,-46.4984,1.4575,-0.8771,1.6977,0.1071,332.5717,1.7010616273374697,6.123821858414891,0.0,0.0,0.0,0.0,0.0,0.0,1,18_502_503_19778_ego_502,1,19778,19774,19778,vehicle_vehicle,0.3252734648699439,2.966036829087125,1.1144499877589389,8.53991732102835,15.0,3.0,3.5,0.8,0.9294745612441473,3.3461084204789304
18,503,19810,53,46.8014,-43.5635,342.7316,2.0859,4.9018,0.1449,-0.0428,-1.3204,0.427,0.1511,-0.0021,-1.3876,-0.0158,car,502,53.6633,-46.4984,1.4575,-0.8771,1.6977,0.1071,332.5717,1.7010616273374697,6.123821858414891,-6.861899999999999,2.934899999999999,-1.3126,0.8343,1.555305516610804,7.463197010665065,0,18_502_503_19778_ego_502,1,19778,19774,19778,vehicle_vehicle,0.3252734648699439,2.966036829087125,1.1144499877589389,8.53991732102835,15.0,3.0,3.5,0.8,0.9294745612441473,3.3461084204789304
18,497,19811,284,60.1168,-50.1552,278.1877,2.155,4.6996,1.3172,-7.0868,2.3886,0.0437,7.2022,-0.2945,0.2969,-2.3705,car,502,53.7226,-46.5345,1.5213,-0.9293,1.779,0.115,332.2815,1.782681177328128,6.417652238381261,6.394199999999998,-3.6206999999999994,-0.20410000000000017,-6.157500000000001,6.160881678785919,7.34814685005682,0,18_502_503_19778_ego_502,0,19778,19774,19778,vehicle_vehicle,0.3252734648699439,2.966036829087125,1.1144499877589389,8.53991732102835,15.0,3.0,3.5,0.8,0.9294745612441473,3.3461084204789304
18,502,19811,113,53.7226,-46.5345,332.2815,2.1534,5.0925,1.5213,-0.9293,1.604,-1.3655,1.779,0.115,2.0551,0.4628,car,502,53.7226,-46.5345,1.5213,-0.9293,1.779,0.115,332.2815,1.782681177328128,6.417652238381261,0.0,0.0,0.0,0.0,0.0,0.0,1,18_502_503_19778_ego_502,1,19778,19774,19778,vehicle_vehicle,0.3252734648699439,2.966036829087125,1.1144499877589389,8.53991732102835,15.0,3.0,3.5,0.8,0.9294745612441473,3.3461084204789304
18,503,19811,54,46.803,-43.5646,342.7197,2.0859,4.9018,0.0913,-0.0255,-1.1833,0.381,0.0947,-0.0028,-1.2431,-0.0123,car,502,53.7226,-46.5345,1.5213,-0.9293,1.779,0.115,332.2815,1.782681177328128,6.417652238381261,-6.919600000000003,2.9699000000000026,-1.4300000000000002,0.9038,1.6916720840635755,7.530017939553667,0,18_502_503_19778_ego_502,1,19778,19774,19778,vehicle_vehicle,0.3252734648699439,2.966036829087125,1.1144499877589389,8.53991732102835,15.0,3.0,3.5,0.8,0.9294745612441473,3.3461084204789304
18,497,19812,285,60.1722,-50.4385,278.9732,2.155,4.6996,1.4131,-7.0859,2.3854,0.0655,7.2196,-0.2906,0.3074,-2.3664,car,502,53.7841,-46.5724,1.5871,-0.984,1.8633,0.1229,331.974,1.8673891961773796,6.722601106238566,6.388099999999994,-3.866099999999996,-0.17399999999999993,-6.1019,6.104380362493805,7.466897000762759,0,18_502_503_19778_ego_502,0,19778,19774,19778,vehicle_vehicle,0.3252734648699439,2.966036829087125,1.1144499877589389,8.53991732102835,15.0,3.0,3.5,0.8,0.9294745612441473,3.3461084204789304
18,502,19812,114,53.7841,-46.5724,331.974,2.1534,5.0925,1.5871,-0.984,1.6443,-1.4269,1.8633,0.1229,2.122,0.487,car,502,53.7841,-46.5724,1.5871,-0.984,1.8633,0.1229,331.974,1.8673891961773796,6.722601106238566,0.0,0.0,0.0,0.0,0.0,0.0,1,18_502_503_19778_ego_502,1,19778,19774,19778,vehicle_vehicle,0.3252734648699439,2.966036829087125,1.1144499877589389,8.53991732102835,15.0,3.0,3.5,0.8,0.9294745612441473,3.3461084204789304
18,503,19812,55,46.8026,-43.5644,342.7049,2.0859,4.9018,0.0443,-0.0104,-1.0461,0.335,0.0454,-0.0032,-1.0984,-0.0089,car,502,53.7841,-46.5724,1.5871,-0.984,1.8633,0.1229,331.974,1.8673891961773796,6.722601106238566,-6.981500000000004,3.0080000000000027,-1.5428,0.9736,1.8243159814023446,7.601934375538905,0,18_502_503_19778_ego_502,1,19778,19774,19778,vehicle_vehicle,0.3252734648699439,2.966036829087125,1.1144499877589389,8.53991732102835,15.0,3.0,3.5,0.8,0.9294745612441473,3.3461084204789304
18,497,19813,286,60.2316,-50.7214,279.7629,2.155,4.6996,1.5086,-7.0844,2.382,0.0882,7.2376,-0.2854,0.317,-2.3624,car,502,53.848,-46.612,1.6548,-1.0416,1.9509,0.1314,331.6654,1.9553244232096116,7.039167923554602,6.383600000000001,-4.109400000000001,-0.1462000000000001,-6.0428,6.0445683286732725,7.591937652536409,0,18_502_503_19778_ego_502,0,19778,19774,19778,vehicle_vehicle,0.3252734648699439,2.966036829087125,1.1144499877589389,8.53991732102835,15.0,3.0,3.5,0.8,0.9294745612441473,3.3461084204789304
18,502,19813,115,53.848,-46.612,331.6654,2.1534,5.0925,1.6548,-1.0416,1.6829,-1.4879,1.9509,0.1314,2.1875,0.5109,car,502,53.848,-46.612,1.6548,-1.0416,1.9509,0.1314,331.6654,1.9553244232096116,7.039167923554602,0.0,0.0,0.0,0.0,0.0,0.0,1,18_502_503_19778_ego_502,1,19778,19774,19778,vehicle_vehicle,0.3252734648699439,2.966036829087125,1.1144499877589389,8.53991732102835,15.0,3.0,3.5,0.8,0.9294745612441473,3.3461084204789304
18,503,19813,56,46.8008,-43.5642,342.6986,2.0859,4.9018,0.004,0.0027,-0.9097,0.2892,0.003,-0.0038,-0.9546,-0.0056,car,502,53.848,-46.612,1.6548,-1.0416,1.9509,0.1314,331.6654,1.9553244232096116,7.039167923554602,-7.047199999999997,3.0478000000000023,-1.6508,1.0443,1.9533824843076688,7.678027916073239,0,18_502_503_19778_ego_502,1,19778,19774,19778,vehicle_vehicle,0.3252734648699439,2.966036829087125,1.1144499877589389,8.53991732102835,15.0,3.0,3.5,0.8,0.9294745612441473,3.3461084204789304
18,497,19814,287,60.2954,-51.0042,280.5469,2.155,4.6996,1.6033,-7.0821,2.3788,0.1121,7.256,-0.2799,0.3253,-2.3591,car,502,53.914,-46.6543,1.7247,-1.1019,2.0418,0.1404,331.3603,2.0466493837489605,7.367937781496258,6.381399999999999,-4.349899999999998,-0.12139999999999995,-5.9802,5.981432102766026,7.722946068049419,0,18_502_503_19778_ego_502,0,19778,19774,19778,vehicle_vehicle,0.3252734648699439,2.966036829087125,1.1144499877589389,8.53991732102835,15.0,3.0,3.5,0.8,0.9294745612441473,3.3461084204789304
18,502,19814,116,53.914,-46.6543,331.3603,2.1534,5.0925,1.7247,-1.1019,1.7191,-1.5483,2.0418,0.1404,2.2509,0.5349,car,502,53.914,-46.6543,1.7247,-1.1019,2.0418,0.1404,331.3603,2.0466493837489605,7.367937781496258,0.0,0.0,0.0,0.0,0.0,0.0,1,18_502_503_19778_ego_502,1,19778,19774,19778,vehicle_vehicle,0.3252734648699439,2.966036829087125,1.1144499877589389,8.53991732102835,15.0,3.0,3.5,0.8,0.9294745612441473,3.3461084204789304
18,503,19814,57,46.7985,-43.5631,342.6921,2.0859,4.9018,-0.0302,0.0137,-0.7753,0.2439,-0.0329,-0.0041,-0.8127,-0.0022,car,502,53.914,-46.6543,1.7247,-1.1019,2.0418,0.1404,331.3603,2.0466493837489605,7.367937781496258,-7.115500000000004,3.0912000000000006,-1.7549,1.1156000000000001,2.079480072037239,7.757954478469183,0,18_502_503_19778_ego_502,1,19778,19774,19778,vehicle_vehicle,0.3252734648699439,2.966036829087125,1.1144499877589389,8.53991732102835,15.0,3.0,3.5,0.8,0.9294745612441473,3.3461084204789304
18,497,19815,288,60.3614,-51.2874,281.318,2.155,4.6996,1.6979,-7.0789,2.3762,0.1372,7.2745,-0.2756,0.3318,-2.3569,car,502,53.9823,-46.6988,1.7968,-1.1649,2.1362,0.1495,331.0469,2.1413739164377623,7.708946099175945,6.379100000000001,-4.5886,-0.09889999999999999,-5.914,5.91482689603001,7.858000176253499,0,18_502_503_19778_ego_502,0,19778,19774,19778,vehicle_vehicle,0.3252734648699439,2.966036829087125,1.1144499877589389,8.53991732102835,15.0,3.0,3.5,0.8,0.9294745612441473,3.3461084204789304
18,502,19815,117,53.9823,-46.6988,331.0469,2.1534,5.0925,1.7968,-1.1649,1.7525,-1.6078,2.1362,0.1495,2.3118,0.5585,car,502,53.9823,-46.6988,1.7968,-1.1649,2.1362,0.1495,331.0469,2.1413739164377623,7.708946099175945,0.0,0.0,0.0,0.0,0.0,0.0,1,18_502_503_19778_ego_502,1,19778,19774,19778,vehicle_vehicle,0.3252734648699439,2.966036829087125,1.1144499877589389,8.53991732102835,15.0,3.0,3.5,0.8,0.9294745612441473,3.3461084204789304
18,503,19815,58,46.7957,-43.5613,342.6842,2.0859,4.9018,-0.0587,0.0224,-0.6432,0.1994,-0.0627,-0.004,-0.6734,0.0011,car,502,53.9823,-46.6988,1.7968,-1.1649,2.1362,0.1495,331.0469,2.1413739164377623,7.708946099175945,-7.186600000000006,3.1374999999999957,-1.8555,1.1873,2.2028530454844235,7.841627752577908,0,18_502_503_19778_ego_502,1,19778,19774,19778,vehicle_vehicle,0.3252734648699439,2.966036829087125,1.1144499877589389,8.53991732102835,15.0,3.0,3.5,0.8,0.9294745612441473,3.3461084204789304
18,497,19816,289,60.4311,-51.5704,282.079,2.155,4.6996,1.7924,-7.0748,2.3741,0.1637,7.2932,-0.2723,0.3367,-2.3558,car,502,54.0543,-46.7455,1.8709,-1.2308,2.2338,0.1586,330.723,2.239449809663079,8.062019314787085,6.376800000000003,-4.8248999999999995,-0.07850000000000001,-5.843999999999999,5.844527205001273,7.9964516036802245,0,18_502_503_19778_ego_502,0,19778,19774,19778,vehicle_vehicle,0.3252734648699439,2.966036829087125,1.1144499877589389,8.53991732102835,15.0,3.0,3.5,0.8,0.9294745612441473,3.3461084204789304
18,502,19816,118,54.0543,-46.7455,330.723,2.1534,5.0925,1.8709,-1.2308,1.7821,-1.666,2.2338,0.1586,2.3692,0.5817,car,502,54.0543,-46.7455,1.8709,-1.2308,2.2338,0.1586,330.723,2.239449809663079,8.062019314787085,0.0,0.0,0.0,0.0,0.0,0.0,1,18_502_503_19778_ego_502,1,19778,19774,19778,vehicle_vehicle,0.3252734648699439,2.966036829087125,1.1144499877589389,8.53991732102835,15.0,3.0,3.5,0.8,0.9294745612441473,3.3461084204789304
18,503,19816,59,46.7926,-43.5594,342.6751,2.0859,4.9018,-0.0817,0.0291,-0.5137,0.156,-0.0866,-0.0034,-0.5369,0.004,car,502,54.0543,-46.7455,1.8709,-1.2308,2.2338,0.1586,330.723,2.239449809663079,8.062019314787085,-7.261699999999998,3.1861000000000033,-1.9526,1.2598999999999998,2.32378888240735,7.929912994478564,0,18_502_503_19778_ego_502,1,19778,19774,19778,vehicle_vehicle,0.3252734648699439,2.966036829087125,1.1144499877589389,8.53991732102835,15.0,3.0,3.5,0.8,0.9294745612441473,3.3461084204789304
18,497,19817,290,60.5043,-51.8531,282.8367,2.155,4.6996,1.887,-7.0696,2.3725,0.1915,7.3121,-0.2692,0.3404,-2.3558,car,502,54.1296,-46.7946,1.9464,-1.2995,2.3344,0.1678,330.3817,2.3403361318408944,8.42521007462722,6.374699999999997,-5.058499999999995,-0.0593999999999999,-5.7701,5.770405737034442,8.137888076153414,0,18_502_503_19778_ego_502,0,19778,19774,19778,vehicle_vehicle,0.3252734648699439,2.966036829087125,1.1144499877589389,8.53991732102835,15.0,3.0,3.5,0.8,0.9294745612441473,3.3461084204789304
18,502,19817,119,54.1296,-46.7946,330.3817,2.1534,5.0925,1.9464,-1.2995,1.8077,-1.7223,2.3344,0.1678,2.4227,0.6039,car,502,54.1296,-46.7946,1.9464,-1.2995,2.3344,0.1678,330.3817,2.3403361318408944,8.42521007462722,0.0,0.0,0.0,0.0,0.0,0.0,1,18_502_503_19778_ego_502,1,19778,19774,19778,vehicle_vehicle,0.3252734648699439,2.966036829087125,1.1144499877589389,8.53991732102835,15.0,3.0,3.5,0.8,0.9294745612441473,3.3461084204789304
18,503,19817,60,46.7891,-43.5582,342.663,2.0859,4.9018,-0.0996,0.034,-0.3869,0.114,-0.1052,-0.0028,-0.4033,0.0065,car,502,54.1296,-46.7946,1.9464,-1.2995,2.3344,0.1678,330.3817,2.3403361318408944,8.42521007462722,-7.340500000000006,3.2364000000000033,-2.046,1.3335000000000001,2.4421994697403404,8.022295507521529,0,18_502_503_19778_ego_502,1,19778,19774,19778,vehicle_vehicle,0.3252734648699439,2.966036829087125,1.1144499877589389,8.53991732102835,15.0,3.0,3.5,0.8,0.9294745612441473,3.3461084204789304
18,497,19818,291,60.5818,-52.1357,283.5894,2.155,4.6996,1.9815,-7.0633,2.3713,0.2207,7.3312,-0.2664,0.3426,-2.3568,car,502,54.2083,-46.8468,2.0233,-1.371,2.4376,0.1771,330.0325,2.444050713467296,8.798582568482267,6.3735,-5.288899999999998,-0.04179999999999984,-5.6922999999999995,5.692453471922278,8.282147394245044,0,18_502_503_19778_ego_502,0,19778,19774,19778,vehicle_vehicle,0.3252734648699439,2.966036829087125,1.1144499877589389,8.53991732102835,15.0,3.0,3.5,0.8,0.9294745612441473,3.3461084204789304
18,502,19818,120,54.2083,-46.8468,330.0325,2.1534,5.0925,2.0233,-1.371,1.8288,-1.7763,2.4376,0.1771,2.4716,0.6253,car,502,54.2083,-46.8468,2.0233,-1.371,2.4376,0.1771,330.0325,2.444050713467296,8.798582568482267,0.0,0.0,0.0,0.0,0.0,0.0,1,18_502_503_19778_ego_502,1,19778,19774,19778,vehicle_vehicle,0.3252734648699439,2.966036829087125,1.1144499877589389,8.53991732102835,15.0,3.0,3.5,0.8,0.9294745612441473,3.3461084204789304
18,503,19818,61,46.7853,-43.5573,342.6507,2.0859,4.9018,-0.1127,0.0374,-0.2626,0.0732,-0.1187,-0.0021,-0.2725,0.0085,car,502,54.2083,-46.8468,2.0233,-1.371,2.4376,0.1771,330.0325,2.444050713467296,8.798582568482267,-7.423000000000002,3.289500000000004,-2.1359999999999997,1.4084,2.558532110410186,8.119220359738986,0,18_502_503_19778_ego_502,1,19778,19774,19778,vehicle_vehicle,0.3252734648699439,2.966036829087125,1.1144499877589389,8.53991732102835,15.0,3.0,3.5,0.8,0.9294745612441473,3.3461084204789304
18,497,19819,292,60.6633,-52.4178,284.3446,2.155,4.6996,2.0758,-7.056,2.3706,0.2513,7.3503,-0.263,0.3438,-2.3589,car,502,54.2902,-46.9023,2.1011,-1.445,2.5432,0.1865,329.6771,2.550028668466298,9.180103206478673,6.373100000000001,-5.515500000000003,-0.0253000000000001,-5.611,5.6110570385623415,8.428353567571785,0,18_502_503_19778_ego_502,0,19778,19774,19778,vehicle_vehicle,0.3252734648699439,2.966036829087125,1.1144499877589389,8.53991732102835,15.0,3.0,3.5,0.8,0.9294745612441473,3.3461084204789304
18,502,19819,121,54.2902,-46.9023,329.6771,2.1534,5.0925,2.1011,-1.445,1.8453,-1.8275,2.5432,0.1865,2.5155,0.6458,car,502,54.2902,-46.9023,2.1011,-1.445,2.5432,0.1865,329.6771,2.550028668466298,9.180103206478673,0.0,0.0,0.0,0.0,0.0,0.0,1,18_502_503_19778_ego_502,1,19778,19774,19778,vehicle_vehicle,0.3252734648699439,2.966036829087125,1.1144499877589389,8.53991732102835,15.0,3.0,3.5,0.8,0.9294745612441473,3.3461084204789304
18,503,19819,62,46.7817,-43.5564,342.646,2.0859,4.9018,-0.1213,0.0395,-0.1405,0.0333,-0.1275,-0.0016,-0.144,0.0101,car,502,54.2902,-46.9023,2.1011,-1.445,2.5432,0.1865,329.6771,2.550028668466298,9.180103206478673,-7.508499999999998,3.3459000000000003,-2.2224000000000004,1.4845000000000002,2.672602104691232,8.220256629813937,0,18_502_503_19778_ego_502,1,19778,19774,19778,vehicle_vehicle,0.3252734648699439,2.966036829087125,1.1144499877589389,8.53991732102835,15.0,3.0,3.5,0.8,0.9294745612441473,3.3461084204789304
18,497,19820,293,60.7488,-52.6995,285.1117,2.155,4.6996,2.1699,-7.0476,2.3705,0.2835,7.3695,-0.2575,0.3443,-2.3624,car,502,54.3757,-46.9609,2.1797,-1.5213,2.6508,0.1961,329.3183,2.6580906267469513,9.569126256289024,6.373100000000001,-5.738599999999998,-0.009799999999999809,-5.5263,5.526308689351328,8.576009186678847,0,18_502_503_19778_ego_502,0,19778,19774,19778,vehicle_vehicle,0.3252734648699439,2.966036829087125,1.1144499877589389,8.53991732102835,15.0,3.0,3.5,0.8,0.9294745612441473,3.3461084204789304
18,502,19820,122,54.3757,-46.9609,329.3183,2.1534,5.0925,2.1797,-1.5213,1.8572,-1.8757,2.6508,0.1961,2.5543,0.6654,car,502,54.3757,-46.9609,2.1797,-1.5213,2.6508,0.1961,329.3183,2.6580906267469513,9.569126256289024,0.0,0.0,0.0,0.0,0.0,0.0,1,18_502_503_19778_ego_502,1,19778,19774,19778,vehicle_vehicle,0.3252734648699439,2.966036829087125,1.1144499877589389,8.53991732102835,15.0,3.0,3.5,0.8,0.9294745612441473,3.3461084204789304
18,503,19820,63,46.7783,-43.5554,342.6486,2.0859,4.9018,-0.1255,0.0403,-0.02,-0.0058,-0.1318,-0.001,-0.0173,0.0115,car,502,54.3757,-46.9609,2.1797,-1.5213,2.6508,0.1961,329.3183,2.6580906267469513,9.569126256289024,-7.5974,3.4055000000000035,-2.3052,1.5616,2.7843386288309118,8.325738226127461,0,18_502_503_19778_ego_502,1,19778,19774,19778,vehicle_vehicle,0.3252734648699439,2.966036829087125,1.1144499877589389,8.53991732102835,15.0,3.0,3.5,0.8,0.9294745612441473,3.3461084204789304
18,497,19821,294,60.8378,-52.9812,285.8868,2.155,4.6996,2.2638,-7.0378,2.3712,0.3173,7.3887,-0.2508,0.3439,-2.3675,car,502,54.4645,-47.0231,2.2586,-1.5995,2.7601,0.2051,328.945,2.7676116436378857,9.96340191709639,6.3733,-5.958100000000002,0.005199999999999871,-5.4383,5.438302486070446,8.72455778248961,0,18_502_503_19778_ego_502,0,19778,19774,19778,vehicle_vehicle,0.3252734648699439,2.966036829087125,1.1144499877589389,8.53991732102835,15.0,3.0,3.5,0.8,0.9294745612441473,3.3461084204789304
18,502,19821,123,54.4645,-47.0231,328.945,2.1534,5.0925,2.2586,-1.5995,1.8643,-1.9206,2.7601,0.2051,2.5878,0.6836,car,502,54.4645,-47.0231,2.2586,-1.5995,2.7601,0.2051,328.945,2.7676116436378857,9.96340191709639,0.0,0.0,0.0,0.0,0.0,0.0,1,18_502_503_19778_ego_502,1,19778,19774,19778,vehicle_vehicle,0.3252734648699439,2.966036829087125,1.1144499877589389,8.53991732102835,15.0,3.0,3.5,0.8,0.9294745612441473,3.3461084204789304
18,503,19821,64,46.775,-43.5545,342.6563,2.0859,4.9018,-0.1257,0.0398,0.0995,-0.0446,-0.1319,-0.0005,0.1083,0.0129,car,502,54.4645,-47.0231,2.2586,-1.5995,2.7601,0.2051,328.945,2.7676116436378857,9.96340191709639,-7.6895000000000024,3.468600000000002,-2.3843,1.6393,2.893473860258634,8.435614749975253,0,18_502_503_19778_ego_502,1,19778,19774,19778,vehicle_vehicle,0.3252734648699439,2.966036829087125,1.1144499877589389,8.53991732102835,15.0,3.0,3.5,0.8,0.9294745612441473,3.3461084204789304
18,497,19822,295,60.9303,-53.2621,286.6598,2.155,4.6996,2.3578,-7.0269,2.3728,0.3528,7.4079,-0.2443,0.3423,-2.3744,car,502,54.5567,-47.0877,2.3378,-1.68,2.8708,0.2142,328.5645,2.8788381059031436,10.363817181251317,6.373600000000003,-6.174399999999999,0.020000000000000018,-5.346900000000001,5.346937404720576,8.873893864589549,0,18_502_503_19778_ego_502,0,19778,19774,19778,vehicle_vehicle,0.3252734648699439,2.966036829087125,1.1144499877589389,8.53991732102835,15.0,3.0,3.5,0.8,0.9294745612441473,3.3461084204789304
18,502,19822,124,54.5567,-47.0877,328.5645,2.1534,5.0925,2.3378,-1.68,1.8668,-1.9621,2.8708,0.2142,2.6161,0.7006,car,502,54.5567,-47.0877,2.3378,-1.68,2.8708,0.2142,328.5645,2.8788381059031436,10.363817181251317,0.0,0.0,0.0,0.0,0.0,0.0,1,18_502_503_19778_ego_502,1,19778,19774,19778,vehicle_vehicle,0.3252734648699439,2.966036829087125,1.1144499877589389,8.53991732102835,15.0,3.0,3.5,0.8,0.9294745612441473,3.3461084204789304
18,503,19822,65,46.7714,-43.5539,342.6627,2.0859,4.9018,-0.1216,0.0381,0.2187,-0.0832,-0.1274,-0.0001,0.2335,0.0142,car,502,54.5567,-47.0877,2.3378,-1.68,2.8708,0.2142,328.5645,2.8788381059031436,10.363817181251317,-7.785299999999999,3.5337999999999994,-2.4594,1.7181,3.000085993767512,8.549774180058792,0,18_502_503_19778_ego_502,1,19778,19774,19778,vehicle_vehicle,0.3252734648699439,2.966036829087125,1.1144499877589389,8.53991732102835,15.0,3.0,3.5,0.8,0.9294745612441473,3.3461084204789304
18,497,19823,296,61.0264,-53.5425,287.4341,2.155,4.6996,2.4518,-7.0147,2.3753,0.3901,7.427,-0.2375,0.3395,-2.3831,car,502,54.6526,-47.156,2.4166,-1.7622,2.9825,0.2236,328.1865,2.9908701743806936,10.767132627770497,6.373800000000003,-6.386499999999998,0.03520000000000012,-5.2525,5.252617946319721,9.022899128883134,0,18_502_503_19778_ego_502,0,19778,19774,19778,vehicle_vehicle,0.3252734648699439,2.966036829087125,1.1144499877589389,8.53991732102835,15.0,3.0,3.5,0.8,0.9294745612441473,3.3461084204789304
18,502,19823,125,54.6526,-47.156,328.1865,2.1534,5.0925,2.4166,-1.7622,1.8649,-2.0,2.9825,0.2236,2.639,0.7164,car,502,54.6526,-47.156,2.4166,-1.7622,2.9825,0.2236,328.1865,2.9908701743806936,10.767132627770497,0.0,0.0,0.0,0.0,0.0,0.0,1,18_502_503_19778_ego_502,1,19778,19774,19778,vehicle_vehicle,0.3252734648699439,2.966036829087125,1.1144499877589389,8.53991732102835,15.0,3.0,3.5,0.8,0.9294745612441473,3.3461084204789304
18,503,19823,66,46.7678,-43.5532,342.6758,2.0859,4.9018,-0.1132,0.0351,0.3379,-0.122,-0.1186,0.0002,0.3589,0.0158,car,502,54.6526,-47.156,2.4166,-1.7622,2.9825,0.2236,328.1865,2.9908701743806936,10.767132627770497,-7.8847999999999985,3.602800000000002,-2.5298,1.7973,3.1032523793594358,8.668923744041125,0,18_502_503_19778_ego_502,1,19778,19774,19778,vehicle_vehicle,0.3252734648699439,2.966036829087125,1.1144499877589389,8.53991732102835,15.0,3.0,3.5,0.8,0.9294745612441473,3.3461084204789304
18,497,19824,297,61.1266,-53.8226,288.1976,2.155,4.6996,2.5458,-7.0011,2.3788,0.4294,7.446,-0.2321,0.3349,-2.3939,car,502,54.752,-47.2282,2.4949,-1.846,3.0949,0.2323,327.7943,3.1035853476261934,11.172907251454296,6.374600000000001,-6.5944,0.050899999999999945,-5.1551,5.155351279980832,9.171784805587189,0,18_502_503_19778_ego_502,0,19778,19774,19778,vehicle_vehicle,0.3252734648699439,2.966036829087125,1.1144499877589389,8.53991732102835,15.0,3.0,3.5,0.8,0.9294745612441473,3.3461084204789304
18,502,19824,126,54.752,-47.2282,327.7943,2.1534,5.0925,2.4949,-1.846,1.8591,-2.034,3.0949,0.2323,2.6571,0.7303,car,502,54.752,-47.2282,2.4949,-1.846,3.0949,0.2323,327.7943,3.1035853476261934,11.172907251454296,0.0,0.0,0.0,0.0,0.0,0.0,1,18_502_503_19778_ego_502,1,19778,19774,19778,vehicle_vehicle,0.3252734648699439,2.966036829087125,1.1144499877589389,8.53991732102835,15.0,3.0,3.5,0.8,0.9294745612441473,3.3461084204789304
18,503,19824,67,46.7651,-43.5521,342.6843,2.0859,4.9018,-0.1007,0.0307,0.4578,-0.1612,-0.1052,0.0006,0.4851,0.0177,car,502,54.752,-47.2282,2.4949,-1.846,3.0949,0.2323,327.7943,3.1035853476261934,11.172907251454296,-7.986900000000006,3.676099999999998,-2.5955999999999997,1.8767,3.2029895800642247,8.792285415067012,0,18_502_503_19778_ego_502,1,19778,19774,19778,vehicle_vehicle,0.3252734648699439,2.966036829087125,1.1144499877589389,8.53991732102835,15.0,3.0,3.5,0.8,0.9294745612441473,3.3461084204789304
18,497,19825,298,61.2302,-54.102,288.955,2.155,4.6996,2.6401,-6.986,2.3831,0.4708,7.4648,-0.2277,0.3289,-2.4068,car,502,54.8543,-47.3036,2.5725,-1.9311,3.2077,0.2402,327.3874,3.2166602960213253,11.579977065676772,6.3759000000000015,-6.798399999999994,0.0676000000000001,-5.0549,5.055351992690519,9.320426136717137,0,18_502_503_19778_ego_502,0,19778,19774,19778,vehicle_vehicle,0.3252734648699439,2.966036829087125,1.1144499877589389,8.53991732102835,15.0,3.0,3.5,0.8,0.9294745612441473,3.3461084204789304
18,502,19825,127,54.8543,-47.3036,327.3874,2.1534,5.0925,2.5725,-1.9311,1.8498,-2.0643,3.2077,0.2402,2.6707,0.7419,car,502,54.8543,-47.3036,2.5725,-1.9311,3.2077,0.2402,327.3874,3.2166602960213253,11.579977065676772,0.0,0.0,0.0,0.0,0.0,0.0,1,18_502_503_19778_ego_502,1,19778,19774,19778,vehicle_vehicle,0.3252734648699439,2.966036829087125,1.1144499877589389,8.53991732102835,15.0,3.0,3.5,0.8,0.9294745612441473,3.3461084204789304
18,503,19825,68,46.7629,-43.5511,342.6917,2.0859,4.9018,-0.0839,0.0248,0.579,-0.201,-0.0875,0.0013,0.6126,0.0196,car,502,54.8543,-47.3036,2.5725,-1.9311,3.2077,0.2402,327.3874,3.2166602960213253,11.579977065676772,-8.0914,3.752500000000005,-2.6563999999999997,1.9559,3.2987885306578835,8.919193360949185,0,18_502_503_19778_ego_502,1,19778,19774,19778,vehicle_vehicle,0.3252734648699439,2.966036829087125,1.1144499877589389,8.53991732102835,15.0,3.0,3.5,0.8,0.9294745612441473,3.3461084204789304
18,497,19826,299,61.3373,-54.3807,289.7169,2.155,4.6996,2.7347,-6.9695,2.3883,0.5143,7.4834,-0.223,0.3216,-2.4218,car,502,54.9598,-47.3824,2.6494,-2.0175,3.3209,0.247,326.9639,3.3301090988134305,11.98839275572835,6.377499999999998,-6.9983,0.08530000000000015,-4.952,4.9527346072649605,9.468300224433104,0,18_502_503_19778_ego_502,0,19778,19774,19778,vehicle_vehicle,0.3252734648699439,2.966036829087125,1.1144499877589389,8.53991732102835,15.0,3.0,3.5,0.8,0.9294745612441473,3.3461084204789304
18,502,19826,128,54.9598,-47.3824,326.9639,2.1534,5.0925,2.6494,-2.0175,1.8374,-2.0908,3.3209,0.247,2.6802,0.7511,car,502,54.9598,-47.3824,2.6494,-2.0175,3.3209,0.247,326.9639,3.3301090988134305,11.98839275572835,0.0,0.0,0.0,0.0,0.0,0.0,1,18_502_503_19778_ego_502,1,19778,19774,19778,vehicle_vehicle,0.3252734648699439,2.966036829087125,1.1144499877589389,8.53991732102835,15.0,3.0,3.5,0.8,0.9294745612441473,3.3461084204789304
18,503,19826,69,46.7606,-43.5501,342.6964,2.0859,4.9018,-0.0625,0.0172,0.7018,-0.2412,-0.0648,0.0022,0.7418,0.0216,car,502,54.9598,-47.3824,2.6494,-2.0175,3.3209,0.247,326.9639,3.3301090988134305,11.98839275572835,-8.199200000000005,3.8322999999999965,-2.7119,2.0347,3.390340056690479,9.05060240702242,0,18_502_503_19778_ego_502,1,19778,19774,19778,vehicle_vehicle,0.3252734648699439,2.966036829087125,1.1144499877589389,8.53991732102835,15.0,3.0,3.5,0.8,0.9294745612441473,3.3461084204789304
18,497,19827,300,61.4487,-54.659,290.4958,2.155,4.6996,2.8294,-6.9512,2.3943,0.5601,7.5018,-0.2164,0.3137,-2.4388,car,502,55.0685,-47.4644,2.7252,-2.1051,3.4343,0.2528,326.5258,3.443568069604549,12.396845050576378,6.380200000000002,-7.194600000000001,0.10420000000000007,-4.8461,4.847220115695181,9.616091784087756,0,18_502_503_19778_ego_502,0,19778,19774,19778,vehicle_vehicle,0.3252734648699439,2.966036829087125,1.1144499877589389,8.53991732102835,15.0,3.0,3.5,0.8,0.9294745612441473,3.3461084204789304
18,502,19827,129,55.0685,-47.4644,326.5258,2.1534,5.0925,2.7252,-2.1051,1.8225,-2.1134,3.4343,0.2528,2.6858,0.7577,car,502,55.0685,-47.4644,2.7252,-2.1051,3.4343,0.2528,326.5258,3.443568069604549,12.396845050576378,0.0,0.0,0.0,0.0,0.0,0.0,1,18_502_503_19778_ego_502,1,19778,19774,19778,vehicle_vehicle,0.3252734648699439,2.966036829087125,1.1144499877589389,8.53991732102835,15.0,3.0,3.5,0.8,0.9294745612441473,3.3461084204789304
18,503,19827,70,46.7592,-43.5486,342.698,2.0859,4.9018,-0.0364,0.0075,0.8265,-0.2817,-0.037,0.0036,0.8729,0.0231,car,502,55.0685,-47.4644,2.7252,-2.1051,3.4343,0.2528,326.5258,3.443568069604549,12.396845050576378,-8.3093,3.9157999999999973,-2.7616,2.1126,3.4769977451818974,9.185747445363386,0,18_502_503_19778_ego_502,1,19778,19774,19778,vehicle_vehicle,0.3252734648699439,2.966036829087125,1.1144499877589389,8.53991732102835,15.0,3.0,3.5,0.8,0.9294745612441473,3.3461084204789304
18,497,19828,301,61.5633,-54.9367,291.2798,2.155,4.6996,2.9246,-6.931,2.4009,0.6081,7.5198,-0.2098,0.3047,-2.4579,car,502,55.1802,-47.5501,2.7999,-2.1937,3.5476,0.2575,326.0736,3.5569312194643294,12.804952390071586,6.383099999999999,-7.386600000000001,0.12469999999999981,-4.737299999999999,4.738940955530043,9.762470239135176,0,18_502_503_19778_ego_502,0,19778,19774,19778,vehicle_vehicle,0.3252734648699439,2.966036829087125,1.1144499877589389,8.53991732102835,15.0,3.0,3.5,0.8,0.9294745612441473,3.3461084204789304
18,502,19828,130,55.1802,-47.5501,326.0736,2.1534,5.0925,2.7999,-2.1937,1.8055,-2.132,3.5476,0.2575,2.688,0.7614,car,502,55.1802,-47.5501,2.7999,-2.1937,3.5476,0.2575,326.0736,3.5569312194643294,12.804952390071586,0.0,0.0,0.0,0.0,0.0,0.0,1,18_502_503_19778_ego_502,1,19778,19774,19778,vehicle_vehicle,0.3252734648699439,2.966036829087125,1.1144499877589389,8.53991732102835,15.0,3.0,3.5,0.8,0.9294745612441473,3.3461084204789304
18,503,19828,71,46.7582,-43.5488,342.7068,2.0859,4.9018,-0.0053,-0.0036,0.9532,-0.3222,-0.004,0.005,1.0059,0.0243,car,502,55.1802,-47.5501,2.7999,-2.1937,3.5476,0.2575,326.0736,3.5569312194643294,12.804952390071586,-8.421999999999997,4.0013000000000005,-2.8052,2.1901,3.5588881761021938,9.324188205414988,0,18_502_503_19778_ego_502,1,19778,19774,19778,vehicle_vehicle,0.3252734648699439,2.966036829087125,1.1144499877589389,8.53991732102835,15.0,3.0,3.5,0.8,0.9294745612441473,3.3461084204789304
18,497,19829,302,61.6822,-55.2139,292.0709,2.155,4.6996,3.0201,-6.9087,2.4081,0.6583,7.5372,-0.2028,0.2948,-2.479,car,502,55.2954,-47.6396,2.8733,-2.283,3.6606,0.2604,325.6003,3.669869464981009,13.211530073931632,6.386800000000001,-7.574300000000001,0.14679999999999982,-4.6257,4.628028816893862,9.907635173440735,0,18_502_503_19778_ego_502,0,19778,19774,19778,vehicle_vehicle,0.3252734648699439,2.966036829087125,1.1144499877589389,8.53991732102835,15.0,3.0,3.5,0.8,0.9294745612441473,3.3461084204789304
18,502,19829,131,55.2954,-47.6396,325.6003,2.1534,5.0925,2.8733,-2.283,1.787,-2.1466,3.6606,0.2604,2.6872,0.7616,car,502,55.2954,-47.6396,2.8733,-2.283,3.6606,0.2604,325.6003,3.669869464981009,13.211530073931632,0.0,0.0,0.0,0.0,0.0,0.0,1,18_502_503_19778_ego_502,1,19778,19774,19778,vehicle_vehicle,0.3252734648699439,2.966036829087125,1.1144499877589389,8.53991732102835,15.0,3.0,3.5,0.8,0.9294745612441473,3.3461084204789304
18,503,19829,72,46.7578,-43.55,342.7116,2.0859,4.9018,0.0313,-0.016,1.0816,-0.363,0.0347,0.006,1.1406,0.0252,car,502,55.2954,-47.6396,2.8733,-2.283,3.6606,0.2604,325.6003,3.669869464981009,13.211530073931632,-8.537599999999998,4.089600000000004,-2.842,2.267,3.6354164823304633,9.466543293092785,0,18_502_503_19778_ego_502,1,19778,19774,19778,vehicle_vehicle,0.3252734648699439,2.966036829087125,1.1144499877589389,8.53991732102835,15.0,3.0,3.5,0.8,0.9294745612441473,3.3461084204789304
18,497,19830,303,61.8043,-55.49,292.8585,2.155,4.6996,3.1161,-6.8843,2.4158,0.7105,7.5541,-0.1971,0.2838,-2.5021,car,502,55.4132,-47.7329,2.9453,-2.3728,3.7731,0.2618,325.1144,3.782191419005654,13.615889108420355,6.3910999999999945,-7.757100000000001,0.17079999999999984,-4.5115,4.514731984293197,10.050808903764908,0,18_502_503_19778_ego_502,0,19778,19774,19778,vehicle_vehicle,0.3252734648699439,2.966036829087125,1.1144499877589389,8.53991732102835,15.0,3.0,3.5,0.8,0.9294745612441473,3.3461084204789304
18,502,19830,132,55.4132,-47.7329,325.1144,2.1534,5.0925,2.9453,-2.3728,1.7676,-2.1572,3.7731,0.2618,2.6838,0.7586,car,502,55.4132,-47.7329,2.9453,-2.3728,3.7731,0.2618,325.1144,3.782191419005654,13.615889108420355,0.0,0.0,0.0,0.0,0.0,0.0,1,18_502_503_19778_ego_502,1,19778,19774,19778,vehicle_vehicle,0.3252734648699439,2.966036829087125,1.1144499877589389,8.53991732102835,15.0,3.0,3.5,0.8,0.9294745612441473,3.3461084204789304
18,503,19830,73,46.7582,-43.5508,342.712,2.0859,4.9018,0.0737,-0.0302,1.2112,-0.4043,0.0794,0.0069,1.2766,0.0261,car,502,55.4132,-47.7329,2.9453,-2.3728,3.7731,0.2618,325.1144,3.782191419005654,13.615889108420355,-8.655000000000001,4.182099999999998,-2.8716,2.3426,3.705922465459848,9.612439097856486,0,18_502_503_19778_ego_502,1,19778,19774,19778,vehicle_vehicle,0.3252734648699439,2.966036829087125,1.1144499877589389,8.53991732102835,15.0,3.0,3.5,0.8,0.9294745612441473,3.3461084204789304
18,497,19831,304,61.9301,-55.7654,293.6258,2.155,4.6996,3.2127,-6.8576,2.4237,0.7645,7.5703,-0.1951,0.2709,-2.5269,car,502,55.5337,-47.8299,3.016,-2.4628,3.885,0.2616,324.6188,3.8937950433991775,14.017662156237039,6.3964,-7.9354999999999976,0.19669999999999987,-4.3948,4.399199691989442,10.192452757310184,0,18_502_503_19778_ego_502,0,19778,19774,19778,vehicle_vehicle,0.3252734648699439,2.966036829087125,1.1144499877589389,8.53991732102835,15.0,3.0,3.5,0.8,0.9294745612441473,3.3461084204789304
18,502,19831,133,55.5337,-47.8299,324.6188,2.1534,5.0925,3.016,-2.4628,1.748,-2.164,3.885,0.2616,2.6782,0.7522,car,502,55.5337,-47.8299,3.016,-2.4628,3.885,0.2616,324.6188,3.8937950433991775,14.017662156237039,0.0,0.0,0.0,0.0,0.0,0.0,1,18_502_503_19778_ego_502,1,19778,19774,19778,vehicle_vehicle,0.3252734648699439,2.966036829087125,1.1144499877589389,8.53991732102835,15.0,3.0,3.5,0.8,0.9294745612441473,3.3461084204789304
18,503,19831,74,46.7604,-43.5515,342.7094,2.0859,4.9018,0.122,-0.0463,1.3413,-0.4457,0.1303,0.0079,1.4131,0.0269,car,502,55.5337,-47.8299,3.016,-2.4628,3.885,0.2616,324.6188,3.8937950433991775,14.017662156237039,-8.773300000000006,4.278400000000005,-2.894,2.4165,3.770239813327529,9.760916936948094,0,18_502_503_19778_ego_502,1,19778,19774,19778,vehicle_vehicle,0.3252734648699439,2.966036829087125,1.1144499877589389,8.53991732102835,15.0,3.0,3.5,0.8,0.9294745612441473,3.3461084204789304
18,497,19832,305,62.0594,-56.0396,294.3884,2.155,4.6996,3.31,-6.8285,2.4313,0.8201,7.586,-0.195,0.257,-2.553,car,502,55.6563,-47.9309,3.0858,-2.5528,3.9964,0.2596,324.1158,4.004865725589311,14.41751661212152,6.403099999999995,-8.108699999999999,0.22420000000000018,-4.2757000000000005,4.281574024818443,10.332023291688802,0,18_502_503_19778_ego_502,0,19778,19774,19778,vehicle_vehicle,0.3252734648699439,2.966036829087125,1.1144499877589389,8.53991732102835,15.0,3.0,3.5,0.8,0.9294745612441473,3.3461084204789304
18,502,19832,134,55.6563,-47.9309,324.1158,2.1534,5.0925,3.0858,-2.5528,1.7284,-2.1672,3.9964,0.2596,2.6707,0.7427,car,502,55.6563,-47.9309,3.0858,-2.5528,3.9964,0.2596,324.1158,4.004865725589311,14.41751661212152,0.0,0.0,0.0,0.0,0.0,0.0,1,18_502_503_19778_ego_502,1,19778,19774,19778,vehicle_vehicle,0.3252734648699439,2.966036829087125,1.1144499877589389,8.53991732102835,15.0,3.0,3.5,0.8,0.9294745612441473,3.3461084204789304
18,503,19832,75,46.7639,-43.5543,342.7053,2.0859,4.9018,0.1765,-0.0638,1.471,-0.4874,0.1875,0.0084,1.5494,0.028,car,502,55.6563,-47.9309,3.0858,-2.5528,3.9964,0.2596,324.1158,4.004865725589311,14.41751661212152,-8.892400000000002,4.376600000000003,-2.9093,2.489,3.828726614685358,9.911074882170958,0,18_502_503_19778_ego_502,1,19778,19774,19778,vehicle_vehicle,0.3252734648699439,2.966036829087125,1.1144499877589389,8.53991732102835,15.0,3.0,3.5,0.8,0.9294745612441473,3.3461084204789304
18,497,19833,306,62.1929,-56.3129,295.1413,2.155,4.6996,3.4081,-6.7969,2.4384,0.877,7.6009,-0.1975,0.242,-2.58,car,502,55.7815,-48.0355,3.1546,-2.6427,4.1073,0.2561,323.6137,4.115259949262015,14.814935817343253,6.4114,-8.2774,0.2535000000000003,-4.1541999999999994,4.161927424883811,10.47002391210259,0,18_502_503_19778_ego_502,0,19778,19774,19778,vehicle_vehicle,0.3252734648699439,2.966036829087125,1.1144499877589389,8.53991732102835,15.0,3.0,3.5,0.8,0.9294745612441473,3.3461084204789304
18,502,19833,135,55.7815,-48.0355,323.6137,2.1534,5.0925,3.1546,-2.6427,1.7092,-2.167,4.1073,0.2561,2.6615,0.7306,car,502,55.7815,-48.0355,3.1546,-2.6427,4.1073,0.2561,323.6137,4.115259949262015,14.814935817343253,0.0,0.0,0.0,0.0,0.0,0.0,1,18_502_503_19778_ego_502,1,19778,19774,19778,vehicle_vehicle,0.3252734648699439,2.966036829087125,1.1144499877589389,8.53991732102835,15.0,3.0,3.5,0.8,0.9294745612441473,3.3461084204789304
18,503,19833,76,46.7699,-43.5573,342.6965,2.0859,4.9018,0.2371,-0.0829,1.5995,-0.5294,0.251,0.0087,1.6845,0.0297,car,502,55.7815,-48.0355,3.1546,-2.6427,4.1073,0.2561,323.6137,4.115259949262015,14.814935817343253,-9.011600000000001,4.478200000000001,-2.9175,2.5598,3.8812861644047842,10.062962277580098,0,18_502_503_19778_ego_502,1,19778,19774,19778,vehicle_vehicle,0.3252734648699439,2.966036829087125,1.1144499877589389,8.53991732102835,15.0,3.0,3.5,0.8,0.9294745612441473,3.3461084204789304
18,497,19834,307,62.3309,-56.5849,295.8703,2.155,4.6996,3.5065,-6.7626,2.4446,0.935,7.6149,-0.2043,0.2254,-2.6076,car,502,55.9094,-48.1439,3.2225,-2.7321,4.2173,0.2515,323.1205,4.2247930907915485,15.209255126849575,6.421500000000002,-8.440999999999995,0.2839999999999998,-4.0305,4.04049331765318,10.605948484223367,0,18_502_503_19778_ego_502,0,19778,19774,19778,vehicle_vehicle,0.3252734648699439,2.966036829087125,1.1144499877589389,8.53991732102835,15.0,3.0,3.5,0.8,0.9294745612441473,3.3461084204789304
18,502,19834,136,55.9094,-48.1439,323.1205,2.1534,5.0925,3.2225,-2.7321,1.6903,-2.1639,4.2173,0.2515,2.6507,0.7165,car,502,55.9094,-48.1439,3.2225,-2.7321,4.2173,0.2515,323.1205,4.2247930907915485,15.209255126849575,0.0,0.0,0.0,0.0,0.0,0.0,1,18_502_503_19778_ego_502,1,19778,19774,19778,vehicle_vehicle,0.3252734648699439,2.966036829087125,1.1144499877589389,8.53991732102835,15.0,3.0,3.5,0.8,0.9294745612441473,3.3461084204789304
18,503,19834,77,46.7783,-43.5615,342.6936,2.0859,4.9018,0.3037,-0.1036,1.7258,-0.5718,0.3208,0.0085,1.8177,0.0325,car,502,55.9094,-48.1439,3.2225,-2.7321,4.2173,0.2515,323.1205,4.2247930907915485,15.209255126849575,-9.131099999999996,4.5824,-2.9188,2.6285,3.9279009267037273,10.216426820077553,0,18_502_503_19778_ego_502,1,19778,19774,19778,vehicle_vehicle,0.3252734648699439,2.966036829087125,1.1144499877589389,8.53991732102835,15.0,3.0,3.5,0.8,0.9294745612441473,3.3461084204789304
18,497,19835,308,62.4726,-56.855,296.5964,2.155,4.6996,3.6054,-6.726,2.4498,0.9937,7.6284,-0.2126,0.2083,-2.6355,car,502,56.0401,-48.2556,3.2894,-2.8212,4.3265,0.2463,322.6394,4.333511486081466,15.600641349893278,6.432499999999997,-8.599399999999996,0.31599999999999984,-3.9048,3.917565448081244,10.73902866231392,0,18_502_503_19778_ego_502,0,19778,19774,19778,vehicle_vehicle,0.3252734648699439,2.966036829087125,1.1144499877589389,8.53991732102835,15.0,3.0,3.5,0.8,0.9294745612441473,3.3461084204789304
18,502,19835,137,56.0401,-48.2556,322.6394,2.1534,5.0925,3.2894,-2.8212,1.6719,-2.1582,4.3265,0.2463,2.6385,0.7008,car,502,56.0401,-48.2556,3.2894,-2.8212,4.3265,0.2463,322.6394,4.333511486081466,15.600641349893278,0.0,0.0,0.0,0.0,0.0,0.0,1,18_502_503_19778_ego_502,1,19778,19774,19778,vehicle_vehicle,0.3252734648699439,2.966036829087125,1.1144499877589389,8.53991732102835,15.0,3.0,3.5,0.8,0.9294745612441473,3.3461084204789304
18,503,19835,78,46.7894,-43.5662,342.6877,2.0859,4.9018,0.3764,-0.1259,1.8489,-0.6148,0.3968,0.0082,1.9481,0.0367,car,502,56.0401,-48.2556,3.2894,-2.8212,4.3265,0.2463,322.6394,4.333511486081466,15.600641349893278,-9.250700000000002,4.689399999999999,-2.9130000000000003,2.6953,3.9686535613479794,10.371399271554443,0,18_502_503_19778_ego_502,1,19778,19774,19778,vehicle_vehicle,0.3252734648699439,2.966036829087125,1.1144499877589389,8.53991732102835,15.0,3.0,3.5,0.8,0.9294745612441473,3.3461084204789304
18,497,19836,309,62.6184,-57.1231,297.3162,2.155,4.6996,3.7046,-6.687,2.4539,1.0531,7.6414,-0.2228,0.1904,-2.6635,car,502,56.1727,-48.3718,3.3558,-2.9094,4.4349,0.2395,322.1665,4.441396402033937,15.989027047322173,6.445700000000002,-8.7513,0.3488000000000002,-3.7776,3.79366883109214,10.868868394639804,0,18_502_503_19778_ego_502,0,19778,19774,19778,vehicle_vehicle,0.3252734648699439,2.966036829087125,1.1144499877589389,8.53991732102835,15.0,3.0,3.5,0.8,0.9294745612441473,3.3461084204789304
18,502,19836,138,56.1727,-48.3718,322.1665,2.1534,5.0925,3.3558,-2.9094,1.6542,-2.1502,4.4349,0.2395,2.6254,0.6836,car,502,56.1727,-48.3718,3.3558,-2.9094,4.4349,0.2395,322.1665,4.441396402033937,15.989027047322173,0.0,0.0,0.0,0.0,0.0,0.0,1,18_502_503_19778_ego_502,1,19778,19774,19778,vehicle_vehicle,0.3252734648699439,2.966036829087125,1.1144499877589389,8.53991732102835,15.0,3.0,3.5,0.8,0.9294745612441473,3.3461084204789304
18,503,19836,79,46.8033,-43.5714,342.6766,2.0859,4.9018,0.455,-0.1501,1.9678,-0.6582,0.4791,0.0078,2.0746,0.0424,car,502,56.1727,-48.3718,3.3558,-2.9094,4.4349,0.2395,322.1665,4.441396402033937,15.989027047322173,-9.369399999999999,4.800400000000003,-2.9008,2.7593,4.00354556986679,10.527558906033251,0,18_502_503_19778_ego_502,1,19778,19774,19778,vehicle_vehicle,0.3252734648699439,2.966036829087125,1.1144499877589389,8.53991732102835,15.0,3.0,3.5,0.8,0.9294745612441473,3.3461084204789304
18,497,19837,310,62.7681,-57.3894,298.0324,2.155,4.6996,3.8042,-6.6458,2.4566,1.1135,7.654,-0.2346,0.1717,-2.6917,car,502,56.308,-48.4916,3.4215,-2.9966,4.5423,0.2324,321.7178,4.548216552672047,16.373579589619368,6.460099999999997,-8.897800000000004,0.3826999999999998,-3.6492000000000004,3.669212440020338,10.995623531660224,0,18_502_503_19778_ego_502,0,19778,19774,19778,vehicle_vehicle,0.3252734648699439,2.966036829087125,1.1144499877589389,8.53991732102835,15.0,3.0,3.5,0.8,0.9294745612441473,3.3461084204789304
18,502,19837,139,56.308,-48.4916,321.7178,2.1534,5.0925,3.4215,-2.9966,1.6369,-2.1408,4.5423,0.2324,2.6112,0.6663,car,502,56.308,-48.4916,3.4215,-2.9966,4.5423,0.2324,321.7178,4.548216552672047,16.373579589619368,0.0,0.0,0.0,0.0,0.0,0.0,1,18_502_503_19778_ego_502,1,19778,19774,19778,vehicle_vehicle,0.3252734648699439,2.966036829087125,1.1144499877589389,8.53991732102835,15.0,3.0,3.5,0.8,0.9294745612441473,3.3461084204789304
18,503,19837,80,46.821,-43.5769,342.6659,2.0859,4.9018,0.5393,-0.1764,2.0817,-0.7019,0.5673,0.0077,2.1963,0.0498,car,502,56.308,-48.4916,3.4215,-2.9966,4.5423,0.2324,321.7178,4.548216552672047,16.373579589619368,-9.487000000000002,4.914699999999996,-2.8822,2.8202,4.03244403308961,10.684448749935582,0,18_502_503_19778_ego_502,1,19778,19774,19778,vehicle_vehicle,0.3252734648699439,2.966036829087125,1.1144499877589389,8.53991732102835,15.0,3.0,3.5,0.8,0.9294745612441473,3.3461084204789304
18,497,19838,311,62.9217,-57.6543,298.7403,2.155,4.6996,3.9041,-6.6022,2.4578,1.1747,7.6661,-0.2486,0.1518,-2.7199,car,502,56.4454,-48.6149,3.4869,-3.0827,4.6487,0.2243,321.2833,4.6541928301264015,16.755094188455047,6.476300000000002,-9.0394,0.41720000000000024,-3.5195,3.5441410934103623,11.119946674782215,0,18_502_503_19778_ego_502,0,19778,19774,19778,vehicle_vehicle,0.3252734648699439,2.966036829087125,1.1144499877589389,8.53991732102835,15.0,3.0,3.5,0.8,0.9294745612441473,3.3461084204789304
18,502,19838,140,56.4454,-48.6149,321.2833,2.1534,5.0925,3.4869,-3.0827,1.62,-2.1305,4.6487,0.2243,2.5965,0.6491,car,502,56.4454,-48.6149,3.4869,-3.0827,4.6487,0.2243,321.2833,4.6541928301264015,16.755094188455047,0.0,0.0,0.0,0.0,0.0,0.0,1,18_502_503_19778_ego_502,1,19778,19774,19778,vehicle_vehicle,0.3252734648699439,2.966036829087125,1.1144499877589389,8.53991732102835,15.0,3.0,3.5,0.8,0.9294745612441473,3.3461084204789304
18,503,19838,81,46.8426,-43.5834,342.6527,2.0859,4.9018,0.6287,-0.2049,2.1897,-0.7454,0.6612,0.0081,2.3123,0.0586,car,502,56.4454,-48.6149,3.4869,-3.0827,4.6487,0.2243,321.2833,4.6541928301264015,16.755094188455047,-9.602800000000002,5.031500000000001,-2.8582,2.8778,4.0559881755251705,10.841114338018949,0,18_502_503_19778_ego_502,1,19778,19774,19778,vehicle_vehicle,0.3252734648699439,2.966036829087125,1.1144499877589389,8.53991732102835,15.0,3.0,3.5,0.8,0.9294745612441473,3.3461084204789304
18,497,19839,312,63.0791,-57.9174,299.4502,2.155,4.6996,4.0044,-6.5561,2.4572,1.2368,7.6778,-0.2635,0.1311,-2.7478,car,502,56.5852,-48.7414,3.5519,-3.1678,4.7544,0.2154,320.8656,4.759301466602006,17.13348527976722,6.4938999999999965,-9.176000000000002,0.45250000000000057,-3.3882999999999996,3.4183816551110846,11.241428432810485,0,18_502_503_19778_ego_502,0,19778,19774,19778,vehicle_vehicle,0.3252734648699439,2.966036829087125,1.1144499877589389,8.53991732102835,15.0,3.0,3.5,0.8,0.9294745612441473,3.3461084204789304
18,502,19839,141,56.5852,-48.7414,320.8656,2.1534,5.0925,3.5519,-3.1678,1.6029,-2.12,4.7544,0.2154,2.5814,0.6328,car,502,56.5852,-48.7414,3.5519,-3.1678,4.7544,0.2154,320.8656,4.759301466602006,17.13348527976722,0.0,0.0,0.0,0.0,0.0,0.0,1,18_502_503_19778_ego_502,1,19778,19774,19778,vehicle_vehicle,0.3252734648699439,2.966036829087125,1.1144499877589389,8.53991732102835,15.0,3.0,3.5,0.8,0.9294745612441473,3.3461084204789304
18,503,19839,82,46.868,-43.5908,342.6427,2.0859,4.9018,0.7231,-0.2357,2.2912,-0.7881,0.7604,0.0092,2.422,0.0687,car,502,56.5852,-48.7414,3.5519,-3.1678,4.7544,0.2154,320.8656,4.759301466602006,17.13348527976722,-9.717199999999998,5.150599999999997,-2.8287999999999998,2.9321,4.0742262885117215,10.997847798546765,0,18_502_503_19778_ego_502,1,19778,19774,19778,vehicle_vehicle,0.3252734648699439,2.966036829087125,1.1144499877589389,8.53991732102835,15.0,3.0,3.5,0.8,0.9294745612441473,3.3461084204789304
18,497,19840,313,63.2407,-58.1788,300.18,2.155,4.6996,4.1048,-6.5075,2.4545,1.2999,7.689,-0.2769,0.1102,-2.7753,car,502,56.7282,-48.8705,3.6164,-3.2522,4.8594,0.206,320.4623,4.863656422898312,17.50916312243392,6.512499999999996,-9.308300000000003,0.48839999999999995,-3.2553,3.2917339883410994,11.360330327063558,0,18_502_503_19778_ego_502,0,19778,19774,19778,vehicle_vehicle,0.3252734648699439,2.966036829087125,1.1144499877589389,8.53991732102835,15.0,3.0,3.5,0.8,0.9294745612441473,3.3461084204789304
18,502,19840,142,56.7282,-48.8705,320.4623,2.1534,5.0925,3.6164,-3.2522,1.5856,-2.1098,4.8594,0.206,2.5658,0.6177,car,502,56.7282,-48.8705,3.6164,-3.2522,4.8594,0.206,320.4623,4.863656422898312,17.50916312243392,0.0,0.0,0.0,0.0,0.0,0.0,1,18_502_503_19778_ego_502,1,19778,19774,19778,vehicle_vehicle,0.3252734648699439,2.966036829087125,1.1144499877589389,8.53991732102835,15.0,3.0,3.5,0.8,0.9294745612441473,3.3461084204789304
18,503,19840,83,46.8976,-43.5995,342.6292,2.0859,4.9018,0.8219,-0.2687,2.3857,-0.8296,0.8647,0.0111,2.5246,0.0795,car,502,56.7282,-48.8705,3.6164,-3.2522,4.8594,0.206,320.4623,4.863656422898312,17.50916312243392,-9.830600000000004,5.271000000000001,-2.7945,2.9835000000000003,4.087848150310871,11.15455679800861,0,18_502_503_19778_ego_502,1,19778,19774,19778,vehicle_vehicle,0.3252734648699439,2.966036829087125,1.1144499877589389,8.53991732102835,15.0,3.0,3.5,0.8,0.9294745612441473,3.3461084204789304
18,497,19841,314,63.4056,-58.4386,300.9183,2.155,4.6996,4.2056,-6.4562,2.4495,1.3638,7.6997,-0.2907,0.0886,-2.8021,car,502,56.8737,-49.0022,3.6805,-3.3363,4.9637,0.1955,320.0643,4.967592771151838,17.883333976146616,6.5319,-9.436399999999999,0.5250999999999997,-3.1199,3.1637803368754915,11.476557086949029,0,18_502_503_19778_ego_502,0,19778,19774,19778,vehicle_vehicle,0.3252734648699439,2.966036829087125,1.1144499877589389,8.53991732102835,15.0,3.0,3.5,0.8,0.9294745612441473,3.3461084204789304
18,502,19841,143,56.8737,-49.0022,320.0643,2.1534,5.0925,3.6805,-3.3363,1.5677,-2.0999,4.9637,0.1955,2.55,0.6038,car,502,56.8737,-49.0022,3.6805,-3.3363,4.9637,0.1955,320.0643,4.967592771151838,17.883333976146616,0.0,0.0,0.0,0.0,0.0,0.0,1,18_502_503_19778_ego_502,1,19778,19774,19778,vehicle_vehicle,0.3252734648699439,2.966036829087125,1.1144499877589389,8.53991732102835,15.0,3.0,3.5,0.8,0.9294745612441473,3.3461084204789304
18,503,19841,84,46.9314,-43.6095,342.6092,2.0859,4.9018,0.925,-0.304,2.4728,-0.8693,0.9736,0.0136,2.6196,0.0905,car,502,56.8737,-49.0022,3.6805,-3.3363,4.9637,0.1955,320.0643,4.967592771151838,17.883333976146616,-9.942300000000003,5.392700000000005,-2.7554999999999996,3.0323,4.097270254693971,11.310638469158144,0,18_502_503_19778_ego_502,1,19778,19774,19778,vehicle_vehicle,0.3252734648699439,2.966036829087125,1.1144499877589389,8.53991732102835,15.0,3.0,3.5,0.8,0.9294745612441473,3.3461084204789304
18,497,19842,315,63.5742,-58.6969,301.674,2.155,4.6996,4.3069,-6.4019,2.4415,1.4281,7.7098,-0.3038,0.0666,-2.8277,car,502,57.0214,-49.1369,3.7441,-3.4201,5.0676,0.1849,319.6787,5.071032322910198,18.25571636247671,6.552799999999998,-9.560000000000002,0.5627999999999997,-2.9818000000000002,3.0344480684302377,11.590202234646297,0,18_502_503_19778_ego_502,0,19778,19774,19778,vehicle_vehicle,0.3252734648699439,2.966036829087125,1.1144499877589389,8.53991732102835,15.0,3.0,3.5,0.8,0.9294745612441473,3.3461084204789304
18,502,19842,144,57.0214,-49.1369,319.6787,2.1534,5.0925,3.7441,-3.4201,1.549,-2.0903,5.0676,0.1849,2.5336,0.5913,car,502,57.0214,-49.1369,3.7441,-3.4201,5.0676,0.1849,319.6787,5.071032322910198,18.25571636247671,0.0,0.0,0.0,0.0,0.0,0.0,1,18_502_503_19778_ego_502,1,19778,19774,19778,vehicle_vehicle,0.3252734648699439,2.966036829087125,1.1144499877589389,8.53991732102835,15.0,3.0,3.5,0.8,0.9294745612441473,3.3461084204789304
18,503,19842,85,46.9696,-43.622,342.5913,2.0859,4.9018,1.0319,-0.341,2.5521,-0.9069,1.0866,0.0167,2.7065,0.1018,car,502,57.0214,-49.1369,3.7441,-3.4201,5.0676,0.1849,319.6787,5.071032322910198,18.25571636247671,-10.0518,5.514899999999997,-2.7122,3.0791,4.103277427861782,11.465286967625362,0,18_502_503_19778_ego_502,1,19778,19774,19778,vehicle_vehicle,0.3252734648699439,2.966036829087125,1.1144499877589389,8.53991732102835,15.0,3.0,3.5,0.8,0.9294745612441473,3.3461084204789304
18,497,19843,316,63.747,-58.9531,302.4434,2.155,4.6996,4.4084,-6.3444,2.4299,1.4923,7.7191,-0.3167,0.0442,-2.8512,car,502,57.1725,-49.2743,3.8069,-3.504,5.171,0.1753,319.3143,5.174021995507943,18.626479183828597,6.5745000000000005,-9.678800000000003,0.6015000000000001,-2.8404000000000003,2.903390158073834,11.700564930378365,0,18_502_503_19778_ego_502,0,19778,19774,19778,vehicle_vehicle,0.3252734648699439,2.966036829087125,1.1144499877589389,8.53991732102835,15.0,3.0,3.5,0.8,0.9294745612441473,3.3461084204789304
18,502,19843,145,57.1725,-49.2743,319.3143,2.1534,5.0925,3.8069,-3.504,1.5296,-2.0806,5.171,0.1753,2.5162,0.5806,car,502,57.1725,-49.2743,3.8069,-3.504,5.171,0.1753,319.3143,5.174021995507943,18.626479183828597,0.0,0.0,0.0,0.0,0.0,0.0,1,18_502_503_19778_ego_502,1,19778,19774,19778,vehicle_vehicle,0.3252734648699439,2.966036829087125,1.1144499877589389,8.53991732102835,15.0,3.0,3.5,0.8,0.9294745612441473,3.3461084204789304
18,503,19843,86,47.0121,-43.6373,342.5736,2.0859,4.9018,1.1422,-0.3791,2.6233,-0.9423,1.2033,0.0197,2.7851,0.1135,car,502,57.1725,-49.2743,3.8069,-3.504,5.171,0.1753,319.3143,5.174021995507943,18.626479183828597,-10.160400000000003,5.636999999999993,-2.6647,3.1249000000000002,4.106778068023642,11.619358724129313,0,18_502_503_19778_ego_502,1,19778,19774,19778,vehicle_vehicle,0.3252734648699439,2.966036829087125,1.1144499877589389,8.53991732102835,15.0,3.0,3.5,0.8,0.9294745612441473,3.3461084204789304
18,497,19844,317,63.9244,-59.2065,303.2237,2.155,4.6996,4.5098,-6.2841,2.4143,1.5561,7.7278,-0.3295,0.0211,-2.8723,car,502,57.3257,-49.4148,3.869,-3.5879,5.274,0.1659,318.9602,5.276569663142903,18.99565078731445,6.598700000000001,-9.791699999999999,0.6408,-2.6961999999999997,2.7713027766738154,11.807634419306858,0,18_502_503_19778_ego_502,0,19778,19774,19778,vehicle_vehicle,0.3252734648699439,2.966036829087125,1.1144499877589389,8.53991732102835,15.0,3.0,3.5,0.8,0.9294745612441473,3.3461084204789304
18,502,19844,146,57.3257,-49.4148,318.9602,2.1534,5.0925,3.869,-3.5879,1.5092,-2.0704,5.274,0.1659,2.4977,0.5707,car,502,57.3257,-49.4148,3.869,-3.5879,5.274,0.1659,318.9602,5.276569663142903,18.99565078731445,0.0,0.0,0.0,0.0,0.0,0.0,1,18_502_503_19778_ego_502,1,19778,19774,19778,vehicle_vehicle,0.3252734648699439,2.966036829087125,1.1144499877589389,8.53991732102835,15.0,3.0,3.5,0.8,0.9294745612441473,3.3461084204789304
18,503,19844,87,47.0593,-43.6541,342.5542,2.0859,4.9018,1.2556,-0.4183,2.6861,-0.9761,1.3233,0.0227,2.8552,0.1259,car,502,57.3257,-49.4148,3.869,-3.5879,5.274,0.1659,318.9602,5.276569663142903,18.99565078731445,-10.266399999999997,5.7607,-2.6134000000000004,3.1696,4.108068125043693,11.77219747753154,0,18_502_503_19778_ego_502,1,19778,19774,19778,vehicle_vehicle,0.3252734648699439,2.966036829087125,1.1144499877589389,8.53991732102835,15.0,3.0,3.5,0.8,0.9294745612441473,3.3461084204789304
18,497,19845,318,64.1069,-59.4571,304.0194,2.155,4.6996,4.6104,-6.2211,2.3946,1.6191,7.7357,-0.3408,-0.0023,-2.8906,car,502,57.4814,-49.5591,3.9305,-3.6719,5.3765,0.1584,318.6361,5.378817700945069,19.363743723402248,6.625499999999995,-9.897999999999996,0.6799000000000004,-2.5492,2.6383109464200767,11.910820889006763,0,18_502_503_19778_ego_502,0,19778,19774,19778,vehicle_vehicle,0.3252734648699439,2.966036829087125,1.1144499877589389,8.53991732102835,15.0,3.0,3.5,0.8,0.9294745612441473,3.3461084204789304
18,502,19845,147,57.4814,-49.5591,318.6361,2.1534,5.0925,3.9305,-3.6719,1.4877,-2.0593,5.3765,0.1584,2.4775,0.5624,car,502,57.4814,-49.5591,3.9305,-3.6719,5.3765,0.1584,318.6361,5.378817700945069,19.363743723402248,0.0,0.0,0.0,0.0,0.0,0.0,1,18_502_503_19778_ego_502,1,19778,19774,19778,vehicle_vehicle,0.3252734648699439,2.966036829087125,1.1144499877589389,8.53991732102835,15.0,3.0,3.5,0.8,0.9294745612441473,3.3461084204789304
18,503,19845,88,47.1116,-43.6721,342.5229,2.0859,4.9018,1.3716,-0.4587,2.7404,-1.0086,1.446,0.0256,2.9168,0.139,car,502,57.4814,-49.5591,3.9305,-3.6719,5.3765,0.1584,318.6361,5.378817700945069,19.363743723402248,-10.369799999999998,5.8870000000000005,-2.5589,3.2132,4.107629906649332,11.924324762434138,0,18_502_503_19778_ego_502,1,19778,19774,19778,vehicle_vehicle,0.3252734648699439,2.966036829087125,1.1144499877589389,8.53991732102835,15.0,3.0,3.5,0.8,0.9294745612441473,3.3461084204789304
18,497,19846,319,64.2935,-59.7052,304.8348,2.155,4.6996,4.7102,-6.1553,2.3708,1.6813,7.7428,-0.3502,-0.0257,-2.9063,car,502,57.6389,-49.7067,3.9914,-3.7558,5.4785,0.1529,318.3412,5.48063021923574,19.730268789248665,6.654599999999995,-9.9985,0.7188000000000003,-2.3995000000000006,2.5048500334351362,12.01056632345036,0,18_502_503_19778_ego_502,0,19778,19774,19778,vehicle_vehicle,0.3252734648699439,2.966036829087125,1.1144499877589389,8.53991732102835,15.0,3.0,3.5,0.8,0.9294745612441473,3.3461084204789304
18,502,19846,148,57.6389,-49.7067,318.3412,2.1534,5.0925,3.9914,-3.7558,1.465,-2.0469,5.4785,0.1529,2.4551,0.5555,car,502,57.6389,-49.7067,3.9914,-3.7558,5.4785,0.1529,318.3412,5.48063021923574,19.730268789248665,0.0,0.0,0.0,0.0,0.0,0.0,1,18_502_503_19778_ego_502,1,19778,19774,19778,vehicle_vehicle,0.3252734648699439,2.966036829087125,1.1144499877589389,8.53991732102835,15.0,3.0,3.5,0.8,0.9294745612441473,3.3461084204789304
18,503,19846,89,47.1688,-43.6916,342.4765,2.0859,4.9018,1.4897,-0.5002,2.7863,-1.0397,1.5712,0.0285,2.97,0.1525,car,502,57.6389,-49.7067,3.9914,-3.7558,5.4785,0.1529,318.3412,5.48063021923574,19.730268789248665,-10.470100000000002,6.015099999999997,-2.5017,3.2556,4.105780589607779,12.074950187060814,0,18_502_503_19778_ego_502,1,19778,19774,19778,vehicle_vehicle,0.3252734648699439,2.966036829087125,1.1144499877589389,8.53991732102835,15.0,3.0,3.5,0.8,0.9294745612441473,3.3461084204789304
18,497,19847,320,64.4843,-59.9511,305.6579,2.155,4.6996,4.8089,-6.0866,2.3431,1.7422,7.7487,-0.3592,-0.0496,-2.9194,car,502,57.7985,-49.8581,4.0519,-3.8393,5.58,0.1474,318.0568,5.581945727074029,20.095004617466504,6.6858000000000075,-10.092999999999996,0.7570000000000006,-2.2472999999999996,2.371372237756021,12.106550732557974,0,18_502_503_19778_ego_502,0,19778,19774,19778,vehicle_vehicle,0.3252734648699439,2.966036829087125,1.1144499877589389,8.53991732102835,15.0,3.0,3.5,0.8,0.9294745612441473,3.3461084204789304
18,502,19847,149,57.7985,-49.8581,318.0568,2.1534,5.0925,4.0519,-3.8393,1.4407,-2.0329,5.58,0.1474,2.4304,0.5492,car,502,57.7985,-49.8581,4.0519,-3.8393,5.58,0.1474,318.0568,5.581945727074029,20.095004617466504,0.0,0.0,0.0,0.0,0.0,0.0,1,18_502_503_19778_ego_502,1,19778,19774,19778,vehicle_vehicle,0.3252734648699439,2.966036829087125,1.1144499877589389,8.53991732102835,15.0,3.0,3.5,0.8,0.9294745612441473,3.3461084204789304
18,503,19847,90,47.2305,-43.7128,342.4219,2.0859,4.9018,1.6096,-0.5428,2.8236,-1.0698,1.6984,0.0314,3.0148,0.1671,car,502,57.7985,-49.8581,4.0519,-3.8393,5.58,0.1474,318.0568,5.581945727074029,20.095004617466504,-10.567999999999998,6.145299999999999,-2.4423,3.2965,4.1026505505587485,12.224865483513508,0,18_502_503_19778_ego_502,1,19778,19774,19778,vehicle_vehicle,0.3252734648699439,2.966036829087125,1.1144499877589389,8.53991732102835,15.0,3.0,3.5,0.8,0.9294745612441473,3.3461084204789304
18,497,19848,321,64.6789,-60.1936,306.496,2.155,4.6996,4.9063,-6.0152,2.3116,1.8015,7.7538,-0.3665,-0.0734,-2.9298,car,502,57.9605,-50.0123,4.112,-3.9227,5.6812,0.1431,317.7928,5.682967472192675,20.45868289989363,6.7183999999999955,-10.1813,0.7942999999999998,-2.0925000000000002,2.238184250681789,12.198187088661985,0,18_502_503_19778_ego_502,0,19778,19774,19778,vehicle_vehicle,0.3252734648699439,2.966036829087125,1.1144499877589389,8.53991732102835,15.0,3.0,3.5,0.8,0.9294745612441473,3.3461084204789304
18,502,19848,150,57.9605,-50.0123,317.7928,2.1534,5.0925,4.112,-3.9227,1.4141,-2.017,5.6812,0.1431,2.4025,0.544,car,502,57.9605,-50.0123,4.112,-3.9227,5.6812,0.1431,317.7928,5.682967472192675,20.45868289989363,0.0,0.0,0.0,0.0,0.0,0.0,1,18_502_503_19778_ego_502,1,19778,19774,19778,vehicle_vehicle,0.3252734648699439,2.966036829087125,1.1144499877589389,8.53991732102835,15.0,3.0,3.5,0.8,0.9294745612441473,3.3461084204789304
18,503,19848,91,47.2968,-43.7363,342.3564,2.0859,4.9018,1.7313,-0.5863,2.8523,-1.099,1.8275,0.034,3.0513,0.1828,car,502,57.9605,-50.0123,4.112,-3.9227,5.6812,0.1431,317.7928,5.682967472192675,20.45868289989363,-10.663700000000006,6.276000000000003,-2.3807,3.3364,4.098694603163304,12.37346651872466,0,18_502_503_19778_ego_502,1,19778,19774,19778,vehicle_vehicle,0.3252734648699439,2.966036829087125,1.1144499877589389,8.53991732102835,15.0,3.0,3.5,0.8,0.9294745612441473,3.3461084204789304
18,497,19849,322,64.8782,-60.4334,307.3452,2.155,4.6996,5.0019,-5.9413,2.2768,1.8591,7.7576,-0.3724,-0.0969,-2.9378,car,502,58.1249,-50.1697,4.1715,-4.0059,5.7818,0.1389,317.5357,5.783480531652199,20.820529913947915,6.75330000000001,-10.2637,0.8304,-1.9354000000000005,2.1060240549433433,12.286195447737274,0,18_502_503_19778_ego_502,0,19778,19774,19778,vehicle_vehicle,0.3252734648699439,2.966036829087125,1.1144499877589389,8.53991732102835,15.0,3.0,3.5,0.8,0.9294745612441473,3.3461084204789304
18,502,19849,151,58.1249,-50.1697,317.5357,2.1534,5.0925,4.1715,-4.0059,1.3849,-1.9988,5.7818,0.1389,2.3711,0.5395,car,502,58.1249,-50.1697,4.1715,-4.0059,5.7818,0.1389,317.5357,5.783480531652199,20.820529913947915,0.0,0.0,0.0,0.0,0.0,0.0,1,18_502_503_19778_ego_502,1,19778,19774,19778,vehicle_vehicle,0.3252734648699439,2.966036829087125,1.1144499877589389,8.53991732102835,15.0,3.0,3.5,0.8,0.9294745612441473,3.3461084204789304
18,503,19849,92,47.3684,-43.7612,342.2901,2.0859,4.9018,1.854,-0.6307,2.8724,-1.1277,1.958,0.0368,3.0793,0.2004,car,502,58.1249,-50.1697,4.1715,-4.0059,5.7818,0.1389,317.5357,5.783480531652199,20.820529913947915,-10.756499999999996,6.4084999999999965,-2.3175,3.3751999999999995,4.0942375712701375,12.520829225734207,0,18_502_503_19778_ego_502,1,19778,19774,19778,vehicle_vehicle,0.3252734648699439,2.966036829087125,1.1144499877589389,8.53991732102835,15.0,3.0,3.5,0.8,0.9294745612441473,3.3461084204789304
18,497,19850,323,65.0813,-60.6699,308.207,2.155,4.6996,5.0957,-5.8649,2.2389,1.9148,7.7603,-0.3766,-0.1198,-2.9436,car,502,58.2915,-50.3302,4.2303,-4.0889,5.8819,0.1347,317.2853,5.883412385682309,21.180284588456313,6.7898,-10.3397,0.8654000000000002,-1.7759999999999998,1.9756247518190289,12.369752630105422,0,18_502_503_19778_ego_502,0,19778,19774,19778,vehicle_vehicle,0.3252734648699439,2.966036829087125,1.1144499877589389,8.53991732102835,15.0,3.0,3.5,0.8,0.9294745612441473,3.3461084204789304
18,502,19850,152,58.2915,-50.3302,317.2853,2.1534,5.0925,4.2303,-4.0889,1.3525,-1.9778,5.8819,0.1347,2.3354,0.5357,car,502,58.2915,-50.3302,4.2303,-4.0889,5.8819,0.1347,317.2853,5.883412385682309,21.180284588456313,0.0,0.0,0.0,0.0,0.0,0.0,1,18_502_503_19778_ego_502,1,19778,19774,19778,vehicle_vehicle,0.3252734648699439,2.966036829087125,1.1144499877589389,8.53991732102835,15.0,3.0,3.5,0.8,0.9294745612441473,3.3461084204789304
18,503,19850,93,47.4447,-43.7876,342.217,2.0859,4.9018,1.9775,-0.6761,2.8839,-1.156,2.0896,0.0398,3.0991,0.22,car,502,58.2915,-50.3302,4.2303,-4.0889,5.8819,0.1347,317.2853,5.883412385682309,21.180284588456313,-10.846800000000002,6.5426,-2.2527999999999997,3.4128,4.08929232019429,12.667228781387033,0,18_502_503_19778_ego_502,1,19778,19774,19778,vehicle_vehicle,0.3252734648699439,2.966036829087125,1.1144499877589389,8.53991732102835,15.0,3.0,3.5,0.8,0.9294745612441473,3.3461084204789304
18,497,19851,324,65.2882,-60.9034,309.0696,2.155,4.6996,5.1875,-5.7861,2.1986,1.9683,7.7617,-0.3807,-0.1424,-2.9475,car,502,58.4608,-50.4942,4.2883,-4.1716,5.9811,0.131,317.0449,5.9826217873103085,21.53743843431711,6.827400000000004,-10.409199999999998,0.8992000000000004,-1.6145000000000005,1.8480180978551055,12.448487273560593,0,18_502_503_19778_ego_502,0,19778,19774,19778,vehicle_vehicle,0.3252734648699439,2.966036829087125,1.1144499877589389,8.53991732102835,15.0,3.0,3.5,0.8,0.9294745612441473,3.3461084204789304
18,502,19851,153,58.4608,-50.4942,317.0449,2.1534,5.0925,4.2883,-4.1716,1.3165,-1.9536,5.9811,0.131,2.2947,0.5327,car,502,58.4608,-50.4942,4.2883,-4.1716,5.9811,0.131,317.0449,5.9826217873103085,21.53743843431711,0.0,0.0,0.0,0.0,0.0,0.0,1,18_502_503_19778_ego_502,1,19778,19774,19778,vehicle_vehicle,0.3252734648699439,2.966036829087125,1.1144499877589389,8.53991732102835,15.0,3.0,3.5,0.8,0.9294745612441473,3.3461084204789304
18,503,19851,94,47.526,-43.8158,342.1395,2.0859,4.9018,2.1016,-0.7226,2.8866,-1.184,2.222,0.0432,3.1106,0.2416,car,502,58.4608,-50.4942,4.2883,-4.1716,5.9811,0.131,317.0449,5.9826217873103085,21.53743843431711,-10.934799999999996,6.678399999999996,-2.1866999999999996,3.449,4.08377985327319,12.812918387315197,0,18_502_503_19778_ego_502,1,19778,19774,19778,vehicle_vehicle,0.3252734648699439,2.966036829087125,1.1144499877589389,8.53991732102835,15.0,3.0,3.5,0.8,0.9294745612441473,3.3461084204789304
18,497,19852,325,65.4987,-61.1339,309.9332,2.155,4.6996,5.2771,-5.705,2.1564,2.0195,7.7619,-0.3845,-0.1644,-2.9498,car,502,58.6329,-50.6618,4.345,-4.2535,6.0791,0.1258,316.7943,6.080401898723472,21.8894468354045,6.8658,-10.472099999999998,0.9321000000000002,-1.4515000000000002,1.7250109159074911,12.522143907893726,0,18_502_503_19778_ego_502,0,19778,19774,19778,vehicle_vehicle,0.3252734648699439,2.966036829087125,1.1144499877589389,8.53991732102835,15.0,3.0,3.5,0.8,0.9294745612441473,3.3461084204789304
18,502,19852,154,58.6329,-50.6618,316.7943,2.1534,5.0925,4.345,-4.2535,1.2765,-1.9256,6.0791,0.1258,2.2488,0.5297,car,502,58.6329,-50.6618,4.345,-4.2535,6.0791,0.1258,316.7943,6.080401898723472,21.8894468354045,0.0,0.0,0.0,0.0,0.0,0.0,1,18_502_503_19778_ego_502,1,19778,19774,19778,vehicle_vehicle,0.3252734648699439,2.966036829087125,1.1144499877589389,8.53991732102835,15.0,3.0,3.5,0.8,0.9294745612441473,3.3461084204789304
18,503,19852,95,47.6121,-43.8454,342.0509,2.0859,4.9018,2.226,-0.7703,2.8806,-1.2117,2.355,0.0468,3.1138,0.265,car,502,58.6329,-50.6618,4.345,-4.2535,6.0791,0.1258,316.7943,6.080401898723472,21.8894468354045,-11.020800000000001,6.816400000000002,-2.1189999999999998,3.4832,4.077112120116395,12.958446727906862,0,18_502_503_19778_ego_502,1,19778,19774,19778,vehicle_vehicle,0.3252734648699439,2.966036829087125,1.1144499877589389,8.53991732102835,15.0,3.0,3.5,0.8,0.9294745612441473,3.3461084204789304
18,497,19853,326,65.7126,-61.3604,310.7994,2.155,4.6996,5.3647,-5.6218,2.1127,2.0683,7.761,-0.3877,-0.1853,-2.9508,car,502,58.807,-50.8321,4.4004,-4.335,6.1758,0.1225,316.5653,6.17703368616361,22.237321270188996,6.905599999999993,-10.528300000000002,0.9642999999999997,-1.2868000000000004,1.608020127361595,12.590965501104352,0,18_502_503_19778_ego_502,0,19778,19774,19778,vehicle_vehicle,0.3252734648699439,2.966036829087125,1.1144499877589389,8.53991732102835,15.0,3.0,3.5,0.8,0.9294745612441473,3.3461084204789304
18,502,19853,155,58.807,-50.8321,316.5653,2.1534,5.0925,4.4004,-4.335,1.2323,-1.8935,6.1758,0.1225,2.1967,0.5278,car,502,58.807,-50.8321,4.4004,-4.335,6.1758,0.1225,316.5653,6.17703368616361,22.237321270188996,0.0,0.0,0.0,0.0,0.0,0.0,1,18_502_503_19778_ego_502,1,19778,19774,19778,vehicle_vehicle,0.3252734648699439,2.966036829087125,1.1144499877589389,8.53991732102835,15.0,3.0,3.5,0.8,0.9294745612441473,3.3461084204789304
18,503,19853,96,47.7034,-43.8759,341.9578,2.0859,4.9018,2.35,-0.8195,2.8657,-1.2389,2.4883,0.0514,3.1085,0.2904,car,502,58.807,-50.8321,4.4004,-4.335,6.1758,0.1225,316.5653,6.17703368616361,22.237321270188996,-11.1036,6.9561999999999955,-2.0504000000000002,3.5155,4.069751885557644,13.102620020438657,0,18_502_503_19778_ego_502,1,19778,19774,19778,vehicle_vehicle,0.3252734648699439,2.966036829087125,1.1144499877589389,8.53991732102835,15.0,3.0,3.5,0.8,0.9294745612441473,3.3461084204789304
