recordingId,trackId,frame,trackLifetime,xCenter,yCenter,heading,width,length,xVelocity,yVelocity,xAcceleration,yAcceleration,lonVelocity,latVelocity,lonAcceleration,latAcceleration,class,egoTrackId,ego_xCenter,ego_yCenter,ego_xVelocity,ego_yVelocity,ego_lonVelocity,ego_latVelocity,ego_heading,ego_speed_mps,ego_speed_kph,rel_x_to_ego,rel_y_to_ego,rel_vx_to_ego,rel_vy_to_ego,rel_speed_to_ego,distance_to_ego,is_ego,event_id,is_primary_actor,event_peak_frame,event_start_frame,event_end_frame,pair_type,risk_score_peak,event_min_ttc,event_min_dcpa,event_min_distance,dist_threshold_used,ttc_threshold_used,dcpa_threshold_used,min_rel_speed_threshold_used,ego_speed_mps_peak,ego_speed_kph_peak
7,309,12194,424,89.2546,-68.8502,13.8838,2.0174,4.3163,5.7676,1.7017,-0.4574,1.6886,6.0074,-0.268,-0.0388,-1.749,car,315,115.2936,-51.0612,-4.9345,2.2218,5.4079,0.2016,157.8946,5.411625032280045,19.481850116208165,-26.039,-17.789,10.7021,-0.5201,10.714730440846377,31.535345915337604,0,07_315_318_12269_ego_315,0,12269,12269,12269,vehicle_vehicle,0.2933907283478527,2.8467108791260154,0.8132500789188812,14.870822391851764,15.0,3.0,3.5,0.8,0.12860956418556124,0.46299443106802046
7,311,12194,399,86.5641,-63.213,13.95,2.0722,5.0047,6.6203,1.9377,-0.3371,2.3611,6.8921,-0.2846,0.242,-2.3727,car,315,115.2936,-51.0612,-4.9345,2.2218,5.4079,0.2016,157.8946,5.411625032280045,19.481850116208165,-28.7295,-12.151800000000001,11.5548,-0.2841,11.558292081877841,31.193756001642384,0,07_315_318_12269_ego_315,0,12269,12269,12269,vehicle_vehicle,0.2933907283478527,2.8467108791260154,0.8132500789188812,14.870822391851764,15.0,3.0,3.5,0.8,0.12860956418556124,0.46299443106802046
7,315,12194,305,115.2936,-51.0612,157.8946,1.925,4.0346,-4.9345,2.2218,0.7585,0.0688,5.4079,0.2016,-0.6768,0.3491,car,315,115.2936,-51.0612,-4.9345,2.2218,5.4079,0.2016,157.8946,5.411625032280045,19.481850116208165,0.0,0.0,0.0,0.0,0.0,0.0,1,07_315_318_12269_ego_315,1,12269,12269,12269,vehicle_vehicle,0.2933907283478527,2.8467108791260154,0.8132500789188812,14.870822391851764,15.0,3.0,3.5,0.8,0.12860956418556124,0.46299443106802046
7,318,12194,192,137.5935,-59.7415,160.204,2.2707,6.3697,-3.6981,1.4337,-2.385,0.9226,3.9651,0.0966,2.5565,0.0604,van,315,115.2936,-51.0612,-4.9345,2.2218,5.4079,0.2016,157.8946,5.411625032280045,19.481850116208165,22.299900000000008,-8.680300000000003,1.2363999999999997,-0.7881,1.4662150490293022,23.929754451310203,0,07_315_318_12269_ego_315,1,12269,12269,12269,vehicle_vehicle,0.2933907283478527,2.8467108791260154,0.8132500789188812,14.870822391851764,15.0,3.0,3.5,0.8,0.12860956418556124,0.46299443106802046
7,309,12195,425,89.4852,-68.7808,14.6181,2.0174,4.3163,5.7481,1.7681,-0.4266,1.6926,6.0083,-0.2602,0.0144,-1.7454,car,315,115.0981,-50.973,-4.9097,2.2277,5.3877,0.2027,157.7499,5.391456332012715,19.409242795245774,-25.612899999999996,-17.8078,10.6578,-0.4596,10.667705142156864,31.19516608787329,0,07_315_318_12269_ego_315,0,12269,12269,12269,vehicle_vehicle,0.2933907283478527,2.8467108791260154,0.8132500789188812,14.870822391851764,15.0,3.0,3.5,0.8,0.12860956418556124,0.46299443106802046
7,311,12195,400,86.8287,-63.1335,14.8038,2.0722,5.0047,6.6063,2.0357,-0.4097,2.3561,6.9071,-0.2802,0.2059,-2.3826,car,315,115.0981,-50.973,-4.9097,2.2277,5.3877,0.2027,157.7499,5.391456332012715,19.409242795245774,-28.269400000000005,-12.160499999999999,11.516,-0.19200000000000017,11.517600444537049,30.773961990780457,0,07_315_318_12269_ego_315,0,12269,12269,12269,vehicle_vehicle,0.2933907283478527,2.8467108791260154,0.8132500789188812,14.870822391851764,15.0,3.0,3.5,0.8,0.12860956418556124,0.46299443106802046
7,315,12195,306,115.0981,-50.973,157.7499,1.925,4.0346,-4.9097,2.2277,0.8065,0.0577,5.3877,0.2027,-0.7246,0.3588,car,315,115.0981,-50.973,-4.9097,2.2277,5.3877,0.2027,157.7499,5.391456332012715,19.409242795245774,0.0,0.0,0.0,0.0,0.0,0.0,1,07_315_318_12269_ego_315,1,12269,12269,12269,vehicle_vehicle,0.2933907283478527,2.8467108791260154,0.8132500789188812,14.870822391851764,15.0,3.0,3.5,0.8,0.12860956418556124,0.46299443106802046
7,318,12195,193,137.444,-59.6833,160.2132,2.2707,6.3697,-3.7978,1.472,-2.3432,0.9073,4.0719,0.0995,2.512,0.0605,van,315,115.0981,-50.973,-4.9097,2.2277,5.3877,0.2027,157.7499,5.391456332012715,19.409242795245774,22.345899999999986,-8.710300000000004,1.1118999999999999,-0.7557,1.3443972999080294,23.983506267849982,0,07_315_318_12269_ego_315,1,12269,12269,12269,vehicle_vehicle,0.2933907283478527,2.8467108791260154,0.8132500789188812,14.870822391851764,15.0,3.0,3.5,0.8,0.12860956418556124,0.46299443106802046
7,309,12196,426,89.715,-68.7091,15.3531,2.0174,4.3163,5.7298,1.8349,-0.3945,1.6976,6.0111,-0.2523,0.069,-1.7415,car,315,114.9026,-50.884,-4.8832,2.2332,5.3657,0.203,157.5914,5.369620515455446,19.330633855639604,-25.187600000000003,-17.825100000000006,10.613,-0.3983000000000001,10.620471359125261,30.85691792402476,0,07_315_318_12269_ego_315,0,12269,12269,12269,vehicle_vehicle,0.2933907283478527,2.8467108791260154,0.8132500789188812,14.870822391851764,15.0,3.0,3.5,0.8,0.12860956418556124,0.46299443106802046
7,311,12196,401,87.0928,-63.0501,15.6448,2.0722,5.0047,6.5893,2.1335,-0.4817,2.3477,6.9205,-0.2775,0.1692,-2.3906,car,315,114.9026,-50.884,-4.8832,2.2332,5.3657,0.203,157.5914,5.369620515455446,19.330633855639604,-27.80980000000001,-12.1661,11.4725,-0.0996999999999999,11.472933205593066,30.354554275264864,0,07_315_318_12269_ego_315,0,12269,12269,12269,vehicle_vehicle,0.2933907283478527,2.8467108791260154,0.8132500789188812,14.870822391851764,15.0,3.0,3.5,0.8,0.12860956418556124,0.46299443106802046
7,315,12196,307,114.9026,-50.884,157.5914,1.925,4.0346,-4.8832,2.2332,0.8602,0.0434,5.3657,0.203,-0.7787,0.3681,car,315,114.9026,-50.884,-4.8832,2.2332,5.3657,0.203,157.5914,5.369620515455446,19.330633855639604,0.0,0.0,0.0,0.0,0.0,0.0,1,07_315_318_12269_ego_315,1,12269,12269,12269,vehicle_vehicle,0.2933907283478527,2.8467108791260154,0.8132500789188812,14.870822391851764,15.0,3.0,3.5,0.8,0.12860956418556124,0.46299443106802046
7,318,12196,194,137.2896,-59.6231,160.2224,2.2707,6.3697,-3.8957,1.5095,-2.2972,0.8908,4.1766,0.1023,2.4631,0.0609,van,315,114.9026,-50.884,-4.8832,2.2332,5.3657,0.203,157.5914,5.369620515455446,19.330633855639604,22.387,-8.7391,0.9875000000000003,-0.7237,1.2242948746115048,24.032262436358337,0,07_315_318_12269_ego_315,1,12269,12269,12269,vehicle_vehicle,0.2933907283478527,2.8467108791260154,0.8132500789188812,14.870822391851764,15.0,3.0,3.5,0.8,0.12860956418556124,0.46299443106802046
7,309,12197,427,89.9438,-68.6346,16.087,2.0174,4.3163,5.7127,1.9019,-0.3612,1.7036,6.0161,-0.2445,0.125,-1.737,car,315,114.7078,-50.7954,-4.8544,2.2383,5.3417,0.2039,157.4313,5.34557632533668,19.24407477121205,-24.76400000000001,-17.839200000000005,10.5671,-0.33640000000000025,10.572453233285072,30.520366194395514,0,07_315_318_12269_ego_315,0,12269,12269,12269,vehicle_vehicle,0.2933907283478527,2.8467108791260154,0.8132500789188812,14.870822391851764,15.0,3.0,3.5,0.8,0.12860956418556124,0.46299443106802046
7,311,12197,402,87.356,-62.9625,16.4776,2.0722,5.0047,6.5694,2.2307,-0.5532,2.3358,6.9323,-0.2757,0.132,-2.3968,car,315,114.7078,-50.7954,-4.8544,2.2383,5.3417,0.2039,157.4313,5.34557632533668,19.24407477121205,-27.35180000000001,-12.167099999999998,11.4238,-0.007600000000000051,11.423802528055184,29.935919655991874,0,07_315_318_12269_ego_315,0,12269,12269,12269,vehicle_vehicle,0.2933907283478527,2.8467108791260154,0.8132500789188812,14.870822391851764,15.0,3.0,3.5,0.8,0.12860956418556124,0.46299443106802046
7,315,12197,308,114.7078,-50.7954,157.4313,1.925,4.0346,-4.8544,2.2383,0.9195,0.0259,5.3417,0.2039,-0.8391,0.3768,car,315,114.7078,-50.7954,-4.8544,2.2383,5.3417,0.2039,157.4313,5.34557632533668,19.24407477121205,0.0,0.0,0.0,0.0,0.0,0.0,1,07_315_318_12269_ego_315,1,12269,12269,12269,vehicle_vehicle,0.2933907283478527,2.8467108791260154,0.8132500789188812,14.870822391851764,15.0,3.0,3.5,0.8,0.12860956418556124,0.46299443106802046
7,318,12197,195,137.1319,-59.5624,160.23,2.2707,6.3697,-3.9917,1.5464,-2.247,0.873,4.2795,0.1051,2.4099,0.0615,van,315,114.7078,-50.7954,-4.8544,2.2383,5.3417,0.2039,157.4313,5.34557632533668,19.24407477121205,22.424099999999996,-8.766999999999996,0.8627000000000002,-0.6919000000000002,1.1058828599811106,24.076971358748587,0,07_315_318_12269_ego_315,1,12269,12269,12269,vehicle_vehicle,0.2933907283478527,2.8467108791260154,0.8132500789188812,14.870822391851764,15.0,3.0,3.5,0.8,0.12860956418556124,0.46299443106802046
7,309,12198,428,90.1714,-68.5583,16.7996,2.0174,4.3163,5.6973,1.9697,-0.3268,1.7102,6.0234,-0.2389,0.1815,-1.7316,car,315,114.5141,-50.7067,-4.8231,2.2432,5.3153,0.2062,157.2788,5.319233013320623,19.149238847954244,-24.342699999999994,-17.851600000000005,10.5204,-0.27349999999999985,10.523954504367644,30.18686247111481,0,07_315_318_12269_ego_315,0,12269,12269,12269,vehicle_vehicle,0.2933907283478527,2.8467108791260154,0.8132500789188812,14.870822391851764,15.0,3.0,3.5,0.8,0.12860956418556124,0.46299443106802046
7,311,12198,403,87.6184,-62.8706,17.3138,2.0722,5.0047,6.5467,2.3272,-0.624,2.3207,6.9426,-0.2734,0.0949,-2.4013,car,315,114.5141,-50.7067,-4.8231,2.2432,5.3153,0.2062,157.2788,5.319233013320623,19.149238847954244,-26.895700000000005,-12.163900000000005,11.369800000000001,0.08400000000000007,11.37011029146156,29.518454256617172,0,07_315_318_12269_ego_315,0,12269,12269,12269,vehicle_vehicle,0.2933907283478527,2.8467108791260154,0.8132500789188812,14.870822391851764,15.0,3.0,3.5,0.8,0.12860956418556124,0.46299443106802046
7,315,12198,309,114.5141,-50.7067,157.2788,1.925,4.0346,-4.8231,2.2432,0.9844,0.0048,5.3153,0.2062,-0.9062,0.3847,car,315,114.5141,-50.7067,-4.8231,2.2432,5.3153,0.2062,157.2788,5.319233013320623,19.149238847954244,0.0,0.0,0.0,0.0,0.0,0.0,1,07_315_318_12269_ego_315,1,12269,12269,12269,vehicle_vehicle,0.2933907283478527,2.8467108791260154,0.8132500789188812,14.870822391851764,15.0,3.0,3.5,0.8,0.12860956418556124,0.46299443106802046
7,318,12198,196,136.9714,-59.5,160.2334,2.2707,6.3697,-4.0861,1.5827,-2.1925,0.8539,4.3806,0.1076,2.3521,0.062,van,315,114.5141,-50.7067,-4.8231,2.2432,5.3153,0.2062,157.2788,5.319233013320623,19.149238847954244,22.45729999999999,-8.793300000000002,0.7370000000000001,-0.6604999999999999,0.9896611793942409,24.11747184470212,0,07_315_318_12269_ego_315,1,12269,12269,12269,vehicle_vehicle,0.2933907283478527,2.8467108791260154,0.8132500789188812,14.870822391851764,15.0,3.0,3.5,0.8,0.12860956418556124,0.46299443106802046
7,309,12199,429,90.3982,-68.4793,17.4939,2.0174,4.3163,5.6835,2.0381,-0.2915,1.7169,6.0333,-0.2354,0.2381,-1.7251,car,315,114.321,-50.6172,-4.7889,2.2472,5.2858,0.2093,157.1288,5.289940552596031,19.04378598934571,-23.922799999999995,-17.862099999999998,10.4724,-0.20909999999999984,10.474487317764055,29.855568596997106,0,07_315_318_12269_ego_315,0,12269,12269,12269,vehicle_vehicle,0.2933907283478527,2.8467108791260154,0.8132500789188812,14.870822391851764,15.0,3.0,3.5,0.8,0.12860956418556124,0.46299443106802046
7,311,12199,404,87.8798,-62.7747,18.1437,2.0722,5.0047,6.5211,2.4226,-0.6943,2.3029,6.9512,-0.2715,0.0574,-2.4045,car,315,114.321,-50.6172,-4.7889,2.2472,5.2858,0.2093,157.1288,5.289940552596031,19.04378598934571,-26.441199999999995,-12.157500000000006,11.309999999999999,0.17540000000000022,11.311360004880049,29.102265610945135,0,07_315_318_12269_ego_315,0,12269,12269,12269,vehicle_vehicle,0.2933907283478527,2.8467108791260154,0.8132500789188812,14.870822391851764,15.0,3.0,3.5,0.8,0.12860956418556124,0.46299443106802046
7,315,12199,310,114.321,-50.6172,157.1288,1.925,4.0346,-4.7889,2.2472,1.0547,-0.0202,5.2858,0.2093,-0.9796,0.3913,car,315,114.321,-50.6172,-4.7889,2.2472,5.2858,0.2093,157.1288,5.289940552596031,19.04378598934571,0.0,0.0,0.0,0.0,0.0,0.0,1,07_315_318_12269_ego_315,1,12269,12269,12269,vehicle_vehicle,0.2933907283478527,2.8467108791260154,0.8132500789188812,14.870822391851764,15.0,3.0,3.5,0.8,0.12860956418556124,0.46299443106802046
7,318,12199,197,136.8059,-59.4354,160.2415,2.2707,6.3697,-4.1781,1.618,-2.1336,0.8334,4.4792,0.1103,2.2897,0.0631,van,315,114.321,-50.6172,-4.7889,2.2472,5.2858,0.2093,157.1288,5.289940552596031,19.04378598934571,22.48490000000001,-8.818200000000004,0.6108000000000002,-0.6291999999999998,0.8769089348387322,24.152254123580278,0,07_315_318_12269_ego_315,1,12269,12269,12269,vehicle_vehicle,0.2933907283478527,2.8467108791260154,0.8132500789188812,14.870822391851764,15.0,3.0,3.5,0.8,0.12860956418556124,0.46299443106802046
7,309,12200,430,90.6239,-68.3972,18.1532,2.0174,4.3163,5.6717,2.1072,-0.2558,1.7235,6.0459,-0.2352,0.2939,-1.7174,car,315,114.1296,-50.5281,-4.7516,2.2506,5.2533,0.2128,156.9741,5.2576518446926475,18.92754664089353,-23.50569999999999,-17.869099999999996,10.423300000000001,-0.14339999999999975,10.424286376054718,29.52664334630673,0,07_315_318_12269_ego_315,0,12269,12269,12269,vehicle_vehicle,0.2933907283478527,2.8467108791260154,0.8132500789188812,14.870822391851764,15.0,3.0,3.5,0.8,0.12860956418556124,0.46299443106802046
7,311,12200,405,88.1399,-62.6746,18.9637,2.0722,5.0047,6.4927,2.5168,-0.7639,2.2826,6.9582,-0.2703,0.0193,-2.407,car,315,114.1296,-50.5281,-4.7516,2.2506,5.2533,0.2128,156.9741,5.2576518446926475,18.92754664089353,-25.9897,-12.146499999999996,11.244299999999999,0.2662,11.247450596913062,28.688010881551197,0,07_315_318_12269_ego_315,0,12269,12269,12269,vehicle_vehicle,0.2933907283478527,2.8467108791260154,0.8132500789188812,14.870822391851764,15.0,3.0,3.5,0.8,0.12860956418556124,0.46299443106802046
7,315,12200,311,114.1296,-50.5281,156.9741,1.925,4.0346,-4.7516,2.2506,1.1299,-0.0492,5.2533,0.2128,-1.0591,0.3967,car,315,114.1296,-50.5281,-4.7516,2.2506,5.2533,0.2128,156.9741,5.2576518446926475,18.92754664089353,0.0,0.0,0.0,0.0,0.0,0.0,1,07_315_318_12269_ego_315,1,12269,12269,12269,vehicle_vehicle,0.2933907283478527,2.8467108791260154,0.8132500789188812,14.870822391851764,15.0,3.0,3.5,0.8,0.12860956418556124,0.46299443106802046
7,318,12200,198,136.6365,-59.3706,160.2536,2.2707,6.3697,-4.2676,1.6528,-2.0704,0.8117,4.5751,0.1138,2.2229,0.0645,van,315,114.1296,-50.5281,-4.7516,2.2506,5.2533,0.2128,156.9741,5.2576518446926475,18.92754664089353,22.506900000000016,-8.842500000000001,0.484,-0.5977999999999999,0.7691689281295754,24.18161189540517,0,07_315_318_12269_ego_315,1,12269,12269,12269,vehicle_vehicle,0.2933907283478527,2.8467108791260154,0.8132500789188812,14.870822391851764,15.0,3.0,3.5,0.8,0.12860956418556124,0.46299443106802046
7,309,12201,431,90.8489,-68.3121,18.8105,2.0174,4.3163,5.662,2.1767,-0.2203,1.7295,6.0615,-0.2348,0.3491,-1.7082,car,315,113.9398,-50.4389,-4.711,2.2532,5.2176,0.2166,156.8166,5.222109845646681,18.79959544432805,-23.090900000000005,-17.873200000000004,10.373000000000001,-0.07650000000000023,10.373282086687897,29.20001611386542,0,07_315_318_12269_ego_315,0,12269,12269,12269,vehicle_vehicle,0.2933907283478527,2.8467108791260154,0.8132500789188812,14.870822391851764,15.0,3.0,3.5,0.8,0.12860956418556124,0.46299443106802046
7,311,12201,406,88.3987,-62.5706,19.7824,2.0722,5.0047,6.4617,2.6096,-0.833,2.2606,6.9636,-0.2687,-0.0188,-2.4091,car,315,113.9398,-50.4389,-4.711,2.2532,5.2176,0.2166,156.8166,5.222109845646681,18.79959544432805,-25.5411,-12.131700000000002,11.1727,0.35639999999999983,11.17838298905526,28.275889625262014,0,07_315_318_12269_ego_315,0,12269,12269,12269,vehicle_vehicle,0.2933907283478527,2.8467108791260154,0.8132500789188812,14.870822391851764,15.0,3.0,3.5,0.8,0.12860956418556124,0.46299443106802046
7,315,12201,312,113.9398,-50.4389,156.8166,1.925,4.0346,-4.711,2.2532,1.2099,-0.0825,5.2176,0.2166,-1.1447,0.4004,car,315,113.9398,-50.4389,-4.711,2.2532,5.2176,0.2166,156.8166,5.222109845646681,18.79959544432805,0.0,0.0,0.0,0.0,0.0,0.0,1,07_315_318_12269_ego_315,1,12269,12269,12269,vehicle_vehicle,0.2933907283478527,2.8467108791260154,0.8132500789188812,14.870822391851764,15.0,3.0,3.5,0.8,0.12860956418556124,0.46299443106802046
7,318,12201,199,136.4644,-59.3043,160.2706,2.2707,6.3697,-4.3547,1.6868,-2.0031,0.7886,4.6685,0.1178,2.1517,0.0661,van,315,113.9398,-50.4389,-4.711,2.2532,5.2176,0.2166,156.8166,5.222109845646681,18.79959544432805,22.524600000000007,-8.865400000000001,0.35630000000000006,-0.5664,0.6691477041730025,24.206464473772296,0,07_315_318_12269_ego_315,1,12269,12269,12269,vehicle_vehicle,0.2933907283478527,2.8467108791260154,0.8132500789188812,14.870822391851764,15.0,3.0,3.5,0.8,0.12860956418556124,0.46299443106802046
7,309,12202,432,91.0737,-68.2244,19.4647,2.0174,4.3163,5.6544,2.2468,-0.1856,1.7348,6.0799,-0.2342,0.403,-1.6975,car,315,113.7518,-50.3486,-4.667,2.2543,5.1782,0.2211,156.6629,5.182929431315846,18.658545952737047,-22.6781,-17.875800000000005,10.3214,-0.007500000000000284,10.321402724920679,28.87629555968009,0,07_315_318_12269_ego_315,0,12269,12269,12269,vehicle_vehicle,0.2933907283478527,2.8467108791260154,0.8132500789188812,14.870822391851764,15.0,3.0,3.5,0.8,0.12860956418556124,0.46299443106802046
7,311,12202,407,88.6563,-62.4629,20.5887,2.0722,5.0047,6.4281,2.701,-0.9017,2.2373,6.9673,-0.268,-0.0574,-2.4115,car,315,113.7518,-50.3486,-4.667,2.2543,5.1782,0.2211,156.6629,5.182929431315846,18.658545952737047,-25.0955,-12.1143,11.095099999999999,0.4466999999999999,11.104088656886704,27.86647420719026,0,07_315_318_12269_ego_315,0,12269,12269,12269,vehicle_vehicle,0.2933907283478527,2.8467108791260154,0.8132500789188812,14.870822391851764,15.0,3.0,3.5,0.8,0.12860956418556124,0.46299443106802046
7,315,12202,313,113.7518,-50.3486,156.6629,1.925,4.0346,-4.667,2.2543,1.2944,-0.1204,5.1782,0.2211,-1.2362,0.4022,car,315,113.7518,-50.3486,-4.667,2.2543,5.1782,0.2211,156.6629,5.182929431315846,18.658545952737047,0.0,0.0,0.0,0.0,0.0,0.0,1,07_315_318_12269_ego_315,1,12269,12269,12269,vehicle_vehicle,0.2933907283478527,2.8467108791260154,0.8132500789188812,14.870822391851764,15.0,3.0,3.5,0.8,0.12860956418556124,0.46299443106802046
7,318,12202,200,136.2881,-59.2361,160.2805,2.2707,6.3697,-4.4388,1.7199,-1.9316,0.7638,4.7589,0.1213,2.076,0.0673,van,315,113.7518,-50.3486,-4.667,2.2543,5.1782,0.2211,156.6629,5.182929431315846,18.658545952737047,22.536299999999983,-8.887500000000003,0.22820000000000018,-0.5344000000000002,0.5810839870449024,24.225450954316603,0,07_315_318_12269_ego_315,1,12269,12269,12269,vehicle_vehicle,0.2933907283478527,2.8467108791260154,0.8132500789188812,14.870822391851764,15.0,3.0,3.5,0.8,0.12860956418556124,0.46299443106802046
7,309,12203,433,91.2988,-68.1337,20.1009,2.0174,4.3163,5.6485,2.3173,-0.1523,1.7391,6.1008,-0.235,0.4546,-1.6855,car,315,113.5641,-50.2577,-4.6188,2.2536,5.1343,0.2243,156.4931,5.1392632156759595,18.501347576433453,-22.265299999999996,-17.876000000000005,10.2673,0.06369999999999987,10.267497600681482,28.55337038056979,0,07_315_318_12269_ego_315,0,12269,12269,12269,vehicle_vehicle,0.2933907283478527,2.8467108791260154,0.8132500789188812,14.870822391851764,15.0,3.0,3.5,0.8,0.12860956418556124,0.46299443106802046
7,311,12203,408,88.9129,-62.3517,21.379,2.0722,5.0047,6.3916,2.7908,-0.9701,2.2134,6.9691,-0.2688,-0.0964,-2.4148,car,315,113.5641,-50.2577,-4.6188,2.2536,5.1343,0.2243,156.4931,5.1392632156759595,18.501347576433453,-24.651200000000003,-12.094000000000001,11.0104,0.5371999999999999,11.023497267201549,27.458086194052203,0,07_315_318_12269_ego_315,0,12269,12269,12269,vehicle_vehicle,0.2933907283478527,2.8467108791260154,0.8132500789188812,14.870822391851764,15.0,3.0,3.5,0.8,0.12860956418556124,0.46299443106802046
7,315,12203,314,113.5641,-50.2577,156.4931,1.925,4.0346,-4.6188,2.2536,1.3828,-0.1624,5.1343,0.2243,-1.3329,0.4026,car,315,113.5641,-50.2577,-4.6188,2.2536,5.1343,0.2243,156.4931,5.1392632156759595,18.501347576433453,0.0,0.0,0.0,0.0,0.0,0.0,1,07_315_318_12269_ego_315,1,12269,12269,12269,vehicle_vehicle,0.2933907283478527,2.8467108791260154,0.8132500789188812,14.870822391851764,15.0,3.0,3.5,0.8,0.12860956418556124,0.46299443106802046
7,318,12203,201,136.1076,-59.1666,160.2868,2.2707,6.3697,-4.5196,1.752,-1.8563,0.7375,4.8457,0.1248,1.9963,0.0682,van,315,113.5641,-50.2577,-4.6188,2.2536,5.1343,0.2243,156.4931,5.1392632156759595,18.501347576433453,22.543499999999995,-8.908900000000003,0.09920000000000062,-0.5016,0.511315166995856,24.240006011962947,0,07_315_318_12269_ego_315,1,12269,12269,12269,vehicle_vehicle,0.2933907283478527,2.8467108791260154,0.8132500789188812,14.870822391851764,15.0,3.0,3.5,0.8,0.12860956418556124,0.46299443106802046
7,309,12204,434,91.5243,-68.0404,20.7071,2.0174,4.3163,5.6441,2.3884,-0.1206,1.742,6.124,-0.2384,0.5031,-1.6722,car,315,113.3785,-50.1667,-4.5662,2.2508,5.0857,0.2274,156.3203,5.090803775436645,18.32689359157192,-21.854200000000006,-17.873700000000007,10.2103,0.13759999999999994,10.21122714711606,28.232520421138464,0,07_315_318_12269_ego_315,0,12269,12269,12269,vehicle_vehicle,0.2933907283478527,2.8467108791260154,0.8132500789188812,14.870822391851764,15.0,3.0,3.5,0.8,0.12860956418556124,0.46299443106802046
7,311,12204,409,89.168,-62.2377,22.1726,2.0722,5.0047,6.3522,2.8794,-1.0379,2.1893,6.9692,-0.2692,-0.1349,-2.4191,car,315,113.3785,-50.1667,-4.5662,2.2508,5.0857,0.2274,156.3203,5.090803775436645,18.32689359157192,-24.210499999999996,-12.070999999999998,10.9184,0.6286,10.936480079074803,27.05286216373417,0,07_315_318_12269_ego_315,0,12269,12269,12269,vehicle_vehicle,0.2933907283478527,2.8467108791260154,0.8132500789188812,14.870822391851764,15.0,3.0,3.5,0.8,0.12860956418556124,0.46299443106802046
7,315,12204,315,113.3785,-50.1667,156.3203,1.925,4.0346,-4.5662,2.2508,1.4745,-0.2084,5.0857,0.2274,-1.434,0.4013,car,315,113.3785,-50.1667,-4.5662,2.2508,5.0857,0.2274,156.3203,5.090803775436645,18.32689359157192,0.0,0.0,0.0,0.0,0.0,0.0,1,07_315_318_12269_ego_315,1,12269,12269,12269,vehicle_vehicle,0.2933907283478527,2.8467108791260154,0.8132500789188812,14.870822391851764,15.0,3.0,3.5,0.8,0.12860956418556124,0.46299443106802046
7,318,12204,202,135.9249,-59.0958,160.2889,2.2707,6.3697,-4.5971,1.7829,-1.7777,0.7098,4.9291,0.128,1.9129,0.0686,van,315,113.3785,-50.1667,-4.5662,2.2508,5.0857,0.2274,156.3203,5.090803775436645,18.32689359157192,22.546400000000006,-8.929099999999998,-0.030899999999999928,-0.4679,0.4689192041279606,24.250133603137122,0,07_315_318_12269_ego_315,1,12269,12269,12269,vehicle_vehicle,0.2933907283478527,2.8467108791260154,0.8132500789188812,14.870822391851764,15.0,3.0,3.5,0.8,0.12860956418556124,0.46299443106802046
7,309,12205,435,91.7497,-67.9444,21.2867,2.0174,4.3163,5.641,2.4599,-0.0906,1.7434,6.1491,-0.2442,0.5485,-1.6573,car,315,113.195,-50.0757,-4.5092,2.2456,5.0322,0.23,156.1426,5.037420371579088,18.13471333768472,-21.44529999999999,-17.868700000000004,10.1502,0.21430000000000016,10.152461993526495,27.913998849681136,0,07_315_318_12269_ego_315,0,12269,12269,12269,vehicle_vehicle,0.2933907283478527,2.8467108791260154,0.8132500789188812,14.870822391851764,15.0,3.0,3.5,0.8,0.12860956418556124,0.46299443106802046
7,311,12205,410,89.4216,-62.1204,22.9735,2.0722,5.0047,6.3101,2.967,-1.1052,2.1652,6.9676,-0.2688,-0.1724,-2.4248,car,315,113.195,-50.0757,-4.5092,2.2456,5.0322,0.23,156.1426,5.037420371579088,18.13471333768472,-23.773399999999995,-12.044699999999999,10.8193,0.7214,10.843323773179513,26.650503665972238,0,07_315_318_12269_ego_315,0,12269,12269,12269,vehicle_vehicle,0.2933907283478527,2.8467108791260154,0.8132500789188812,14.870822391851764,15.0,3.0,3.5,0.8,0.12860956418556124,0.46299443106802046
7,315,12205,316,113.195,-50.0757,156.1426,1.925,4.0346,-4.5092,2.2456,1.5685,-0.2578,5.0322,0.23,-1.5387,0.3986,car,315,113.195,-50.0757,-4.5092,2.2456,5.0322,0.23,156.1426,5.037420371579088,18.13471333768472,0.0,0.0,0.0,0.0,0.0,0.0,1,07_315_318_12269_ego_315,1,12269,12269,12269,vehicle_vehicle,0.2933907283478527,2.8467108791260154,0.8132500789188812,14.870822391851764,15.0,3.0,3.5,0.8,0.12860956418556124,0.46299443106802046
7,318,12205,203,135.74,-59.0244,160.2818,2.2707,6.3697,-4.6717,1.813,-1.6956,0.6805,5.0095,0.1304,1.8258,0.0685,van,315,113.195,-50.0757,-4.5092,2.2456,5.0322,0.23,156.1426,5.037420371579088,18.13471333768472,22.545000000000016,-8.948700000000002,-0.16250000000000053,-0.4326000000000001,0.46211363321157306,24.25605608276005,0,07_315_318_12269_ego_315,1,12269,12269,12269,vehicle_vehicle,0.2933907283478527,2.8467108791260154,0.8132500789188812,14.870822391851764,15.0,3.0,3.5,0.8,0.12860956418556124,0.46299443106802046
7,309,12206,436,91.9753,-67.8454,21.8624,2.0174,4.3163,5.6391,2.5317,-0.0623,1.7427,6.1763,-0.2498,0.5911,-1.6406,car,315,113.0139,-49.9857,-4.4477,2.2384,4.9738,0.2313,155.9472,4.979203736542622,17.92513345155344,-21.038600000000002,-17.859699999999997,10.0868,0.2932999999999999,10.091063329996498,27.59694863657937,0,07_315_318_12269_ego_315,0,12269,12269,12269,vehicle_vehicle,0.2933907283478527,2.8467108791260154,0.8132500789188812,14.870822391851764,15.0,3.0,3.5,0.8,0.12860956418556124,0.46299443106802046
7,311,12206,411,89.6734,-61.9991,23.7675,2.0722,5.0047,6.2651,3.0532,-1.1717,2.1413,6.9642,-0.2693,-0.2094,-2.4319,car,315,113.0139,-49.9857,-4.4477,2.2384,4.9738,0.2313,155.9472,4.979203736542622,17.92513345155344,-23.340500000000006,-12.013399999999997,10.712800000000001,0.8148,10.743741568001347,26.2507279862864,0,07_315_318_12269_ego_315,0,12269,12269,12269,vehicle_vehicle,0.2933907283478527,2.8467108791260154,0.8132500789188812,14.870822391851764,15.0,3.0,3.5,0.8,0.12860956418556124,0.46299443106802046
7,315,12206,317,113.0139,-49.9857,155.9472,1.925,4.0346,-4.4477,2.2384,1.664,-0.3104,4.9738,0.2313,-1.6461,0.3948,car,315,113.0139,-49.9857,-4.4477,2.2384,4.9738,0.2313,155.9472,4.979203736542622,17.92513345155344,0.0,0.0,0.0,0.0,0.0,0.0,1,07_315_318_12269_ego_315,1,12269,12269,12269,vehicle_vehicle,0.2933907283478527,2.8467108791260154,0.8132500789188812,14.870822391851764,15.0,3.0,3.5,0.8,0.12860956418556124,0.46299443106802046
7,318,12206,204,135.552,-58.9523,160.2796,2.2707,6.3697,-4.7431,1.8422,-1.61,0.6493,5.0866,0.1337,1.7347,0.068,van,315,113.0139,-49.9857,-4.4477,2.2384,4.9738,0.2313,155.9472,4.979203736542622,17.92513345155344,22.538099999999986,-8.9666,-0.2953999999999999,-0.3961999999999999,0.49420198299885426,24.256254186704084,0,07_315_318_12269_ego_315,1,12269,12269,12269,vehicle_vehicle,0.2933907283478527,2.8467108791260154,0.8132500789188812,14.870822391851764,15.0,3.0,3.5,0.8,0.12860956418556124,0.46299443106802046
7,309,12207,437,92.201,-67.7439,22.4426,2.0174,4.3163,5.6382,2.604,-0.0358,1.7397,6.2053,-0.2544,0.6311,-1.6216,car,315,112.8355,-49.8957,-4.3816,2.2288,4.9104,0.2313,155.7364,4.915889339682089,17.69720162285552,-20.634500000000003,-17.8482,10.0198,0.3752,10.026822381991215,27.282610459594956,0,07_315_318_12269_ego_315,0,12269,12269,12269,vehicle_vehicle,0.2933907283478527,2.8467108791260154,0.8132500789188812,14.870822391851764,15.0,3.0,3.5,0.8,0.12860956418556124,0.46299443106802046
7,311,12207,412,89.9231,-61.8745,24.5621,2.0722,5.0047,6.2174,3.1381,-1.2375,2.1179,6.9593,-0.2697,-0.2451,-2.4407,car,315,112.8355,-49.8957,-4.3816,2.2288,4.9104,0.2313,155.7364,4.915889339682089,17.69720162285552,-22.91239999999999,-11.9788,10.599,0.9093,10.63793342195748,25.85478143786947,0,07_315_318_12269_ego_315,0,12269,12269,12269,vehicle_vehicle,0.2933907283478527,2.8467108791260154,0.8132500789188812,14.870822391851764,15.0,3.0,3.5,0.8,0.12860956418556124,0.46299443106802046
7,315,12207,318,112.8355,-49.8957,155.7364,1.925,4.0346,-4.3816,2.2288,1.7604,-0.3659,4.9104,0.2313,-1.7553,0.3899,car,315,112.8355,-49.8957,-4.3816,2.2288,4.9104,0.2313,155.7364,4.915889339682089,17.69720162285552,0.0,0.0,0.0,0.0,0.0,0.0,1,07_315_318_12269_ego_315,1,12269,12269,12269,vehicle_vehicle,0.2933907283478527,2.8467108791260154,0.8132500789188812,14.870822391851764,15.0,3.0,3.5,0.8,0.12860956418556124,0.46299443106802046
7,318,12207,205,135.3609,-58.8786,160.2808,2.2707,6.3697,-4.8111,1.8705,-1.5209,0.6161,5.16,0.1375,1.6396,0.0668,van,315,112.8355,-49.8957,-4.3816,2.2288,4.9104,0.2313,155.7364,4.915889339682089,17.69720162285552,22.52539999999999,-8.9829,-0.4295,-0.35830000000000006,0.5593291875094666,24.250487367679842,0,07_315_318_12269_ego_315,1,12269,12269,12269,vehicle_vehicle,0.2933907283478527,2.8467108791260154,0.8132500789188812,14.870822391851764,15.0,3.0,3.5,0.8,0.12860956418556124,0.46299443106802046
7,309,12208,438,92.427,-67.6388,23.0205,2.0174,4.3163,5.6383,2.6764,-0.0107,1.734,6.2359,-0.2584,0.6682,-1.6001,car,315,112.6592,-49.8062,-4.3106,2.2167,4.8416,0.2313,155.5219,4.847167342892135,17.449802434411687,-20.23219999999999,-17.832600000000006,9.9489,0.4597000000000002,9.959514812479572,26.969307362259045,0,07_315_318_12269_ego_315,0,12269,12269,12269,vehicle_vehicle,0.2933907283478527,2.8467108791260154,0.8132500789188812,14.870822391851764,15.0,3.0,3.5,0.8,0.12860956418556124,0.46299443106802046
7,311,12208,413,90.1712,-61.7468,25.3472,2.0722,5.0047,6.167,3.2219,-1.3024,2.0954,6.9526,-0.2717,-0.28,-2.4512,car,315,112.6592,-49.8062,-4.3106,2.2167,4.8416,0.2313,155.5219,4.847167342892135,17.449802434411687,-22.488,-11.940600000000003,10.477599999999999,1.0052000000000003,10.52570799518968,25.461501769534333,0,07_315_318_12269_ego_315,0,12269,12269,12269,vehicle_vehicle,0.2933907283478527,2.8467108791260154,0.8132500789188812,14.870822391851764,15.0,3.0,3.5,0.8,0.12860956418556124,0.46299443106802046
7,315,12208,319,112.6592,-49.8062,155.5219,1.925,4.0346,-4.3106,2.2167,1.8568,-0.424,4.8416,0.2313,-1.8656,0.3834,car,315,112.6592,-49.8062,-4.3106,2.2167,4.8416,0.2313,155.5219,4.847167342892135,17.449802434411687,0.0,0.0,0.0,0.0,0.0,0.0,1,07_315_318_12269_ego_315,1,12269,12269,12269,vehicle_vehicle,0.2933907283478527,2.8467108791260154,0.8132500789188812,14.870822391851764,15.0,3.0,3.5,0.8,0.12860956418556124,0.46299443106802046
7,318,12208,206,135.1663,-58.8033,160.2882,2.2707,6.3697,-4.8751,1.8973,-1.4284,0.5805,5.2294,0.1418,1.5405,0.0647,van,315,112.6592,-49.8062,-4.3106,2.2167,4.8416,0.2313,155.5219,4.847167342892135,17.449802434411687,22.50710000000001,-8.997100000000003,-0.5644999999999998,-0.3193999999999999,0.6485958757192337,24.238757369551774,0,07_315_318_12269_ego_315,1,12269,12269,12269,vehicle_vehicle,0.2933907283478527,2.8467108791260154,0.8132500789188812,14.870822391851764,15.0,3.0,3.5,0.8,0.12860956418556124,0.46299443106802046
7,309,12209,439,92.6533,-67.5312,23.6207,2.0174,4.3163,5.639,2.7489,0.013,1.7253,6.268,-0.2592,0.7032,-1.5756,car,315,112.4862,-49.717,-4.235,2.2019,4.7675,0.232,155.3146,4.773215751461482,17.183576705261334,-19.832899999999995,-17.8142,9.874,0.5469999999999997,9.889139750251283,26.658762987993267,0,07_315_318_12269_ego_315,0,12269,12269,12269,vehicle_vehicle,0.2933907283478527,2.8467108791260154,0.8132500789188812,14.870822391851764,15.0,3.0,3.5,0.8,0.12860956418556124,0.46299443106802046
7,311,12209,414,90.4171,-61.6156,26.1323,2.0722,5.0047,6.1138,3.3046,-1.3663,2.0739,6.9444,-0.274,-0.3132,-2.4636,car,315,112.4862,-49.717,-4.235,2.2019,4.7675,0.232,155.3146,4.773215751461482,17.183576705261334,-22.06909999999999,-11.898600000000002,10.3488,1.1027,10.407382414901454,25.072332495601593,0,07_315_318_12269_ego_315,0,12269,12269,12269,vehicle_vehicle,0.2933907283478527,2.8467108791260154,0.8132500789188812,14.870822391851764,15.0,3.0,3.5,0.8,0.12860956418556124,0.46299443106802046
7,315,12209,320,112.4862,-49.717,155.3146,1.925,4.0346,-4.235,2.2019,1.9522,-0.4846,4.7675,0.232,-1.9762,0.375,car,315,112.4862,-49.717,-4.235,2.2019,4.7675,0.232,155.3146,4.773215751461482,17.183576705261334,0.0,0.0,0.0,0.0,0.0,0.0,1,07_315_318_12269_ego_315,1,12269,12269,12269,vehicle_vehicle,0.2933907283478527,2.8467108791260154,0.8132500789188812,14.870822391851764,15.0,3.0,3.5,0.8,0.12860956418556124,0.46299443106802046
7,318,12209,207,134.9688,-58.7269,160.2859,2.2707,6.3697,-4.9349,1.9228,-1.333,0.5428,5.2942,0.1454,1.438,0.0613,van,315,112.4862,-49.717,-4.235,2.2019,4.7675,0.232,155.3146,4.773215751461482,17.183576705261334,22.48259999999999,-9.009900000000002,-0.6998999999999995,-0.2791000000000001,0.7534963968062485,24.22076796408404,0,07_315_318_12269_ego_315,1,12269,12269,12269,vehicle_vehicle,0.2933907283478527,2.8467108791260154,0.8132500789188812,14.870822391851764,15.0,3.0,3.5,0.8,0.12860956418556124,0.46299443106802046
7,309,12210,440,92.88,-67.4215,24.2172,2.0174,4.3163,5.6402,2.8217,0.0358,1.7132,6.3013,-0.2598,0.7354,-1.5478,car,315,112.3165,-49.6285,-4.1548,2.1844,4.6883,0.2323,155.1033,4.6940351937325735,16.898526697437266,-19.43650000000001,-17.792999999999992,9.795,0.6372999999999998,9.815710686954867,26.350870597572296,0,07_315_318_12269_ego_315,0,12269,12269,12269,vehicle_vehicle,0.2933907283478527,2.8467108791260154,0.8132500789188812,14.870822391851764,15.0,3.0,3.5,0.8,0.12860956418556124,0.46299443106802046
7,311,12210,415,90.6608,-61.4813,26.9225,2.0722,5.0047,6.058,3.3862,-1.4291,2.0536,6.9347,-0.2763,-0.3444,-2.4781,car,315,112.3165,-49.6285,-4.1548,2.1844,4.6883,0.2323,155.1033,4.6940351937325735,16.898526697437266,-21.65570000000001,-11.852799999999995,10.2128,1.2018,10.28326830730386,24.687207422671367,0,07_315_318_12269_ego_315,0,12269,12269,12269,vehicle_vehicle,0.2933907283478527,2.8467108791260154,0.8132500789188812,14.870822391851764,15.0,3.0,3.5,0.8,0.12860956418556124,0.46299443106802046
7,315,12210,321,112.3165,-49.6285,155.1033,1.925,4.0346,-4.1548,2.1844,2.0459,-0.5471,4.6883,0.2323,-2.0861,0.365,car,315,112.3165,-49.6285,-4.1548,2.1844,4.6883,0.2323,155.1033,4.6940351937325735,16.898526697437266,0.0,0.0,0.0,0.0,0.0,0.0,1,07_315_318_12269_ego_315,1,12269,12269,12269,vehicle_vehicle,0.2933907283478527,2.8467108791260154,0.8132500789188812,14.870822391851764,15.0,3.0,3.5,0.8,0.12860956418556124,0.46299443106802046
7,318,12210,208,134.7685,-58.6488,160.291,2.2707,6.3697,-4.9901,1.9464,-1.2354,0.5029,5.3542,0.1495,1.3326,0.0569,van,315,112.3165,-49.6285,-4.1548,2.1844,4.6883,0.2323,155.1033,4.6940351937325735,16.898526697437266,22.451999999999984,-9.020299999999999,-0.8353000000000002,-0.2380000000000002,0.8685448117397285,24.19624177615192,0,07_315_318_12269_ego_315,1,12269,12269,12269,vehicle_vehicle,0.2933907283478527,2.8467108791260154,0.8132500789188812,14.870822391851764,15.0,3.0,3.5,0.8,0.12860956418556124,0.46299443106802046
7,309,12211,441,93.1069,-67.309,24.8052,2.0174,4.3163,5.6419,2.8946,0.0581,1.697,6.3357,-0.2606,0.7647,-1.5161,car,315,112.1502,-49.5402,-4.0701,2.1638,4.6037,0.2315,154.8825,4.609527573407062,16.594299264265423,-19.043300000000002,-17.7688,9.712,0.7307999999999999,9.739456485862032,26.04568156777626,0,07_315_318_12269_ego_315,0,12269,12269,12269,vehicle_vehicle,0.2933907283478527,2.8467108791260154,0.8132500789188812,14.870822391851764,15.0,3.0,3.5,0.8,0.12860956418556124,0.46299443106802046
7,311,12211,416,90.9016,-61.3445,27.7033,2.0722,5.0047,5.9999,3.4672,-1.4908,2.0345,6.9239,-0.2804,-0.3741,-2.4944,car,315,112.1502,-49.5402,-4.0701,2.1638,4.6037,0.2315,154.8825,4.609527573407062,16.594299264265423,-21.248599999999996,-11.804299999999998,10.07,1.3034,10.154001751033924,24.30729315349613,0,07_315_318_12269_ego_315,0,12269,12269,12269,vehicle_vehicle,0.2933907283478527,2.8467108791260154,0.8132500789188812,14.870822391851764,15.0,3.0,3.5,0.8,0.12860956418556124,0.46299443106802046
7,315,12211,322,112.1502,-49.5402,154.8825,1.925,4.0346,-4.0701,2.1638,2.1371,-0.6112,4.6037,0.2315,-2.1944,0.3537,car,315,112.1502,-49.5402,-4.0701,2.1638,4.6037,0.2315,154.8825,4.609527573407062,16.594299264265423,0.0,0.0,0.0,0.0,0.0,0.0,1,07_315_318_12269_ego_315,1,12269,12269,12269,vehicle_vehicle,0.2933907283478527,2.8467108791260154,0.8132500789188812,14.870822391851764,15.0,3.0,3.5,0.8,0.12860956418556124,0.46299443106802046
7,318,12211,209,134.5651,-58.5693,160.2889,2.2707,6.3697,-5.0402,1.9679,-1.1364,0.4614,5.4087,0.1527,1.2254,0.0511,van,315,112.1502,-49.5402,-4.0701,2.1638,4.6037,0.2315,154.8825,4.609527573407062,16.594299264265423,22.414900000000003,-9.0291,-0.9700999999999995,-0.19590000000000019,0.9896821813087265,24.16510684478759,0,07_315_318_12269_ego_315,1,12269,12269,12269,vehicle_vehicle,0.2933907283478527,2.8467108791260154,0.8132500789188812,14.870822391851764,15.0,3.0,3.5,0.8,0.12860956418556124,0.46299443106802046
7,309,12212,442,93.334,-67.1935,25.3942,2.0174,4.3163,5.6438,2.9677,0.0805,1.6761,6.3712,-0.2606,0.7915,-1.4796,car,315,111.9876,-49.453,-3.9812,2.1402,4.5142,0.2308,154.6653,4.5200010486724445,16.2720037752208,-18.653599999999997,-17.740499999999997,9.625,0.8274999999999997,9.660506262613776,25.742613177569986,0,07_315_318_12269_ego_315,0,12269,12269,12269,vehicle_vehicle,0.2933907283478527,2.8467108791260154,0.8132500789188812,14.870822391851764,15.0,3.0,3.5,0.8,0.12860956418556124,0.46299443106802046
7,311,12212,417,91.1405,-61.2045,28.4784,2.0722,5.0047,5.9392,3.5475,-1.5515,2.0167,6.9121,-0.2863,-0.4022,-2.5124,car,315,111.9876,-49.453,-3.9812,2.1402,4.5142,0.2308,154.6653,4.5200010486724445,16.2720037752208,-20.847099999999998,-11.7515,9.920399999999999,1.4072999999999998,10.019722024587308,23.931137262152834,0,07_315_318_12269_ego_315,0,12269,12269,12269,vehicle_vehicle,0.2933907283478527,2.8467108791260154,0.8132500789188812,14.870822391851764,15.0,3.0,3.5,0.8,0.12860956418556124,0.46299443106802046
7,315,12212,323,111.9876,-49.453,154.6653,1.925,4.0346,-3.9812,2.1402,2.2252,-0.6764,4.5142,0.2308,-2.3006,0.3408,car,315,111.9876,-49.453,-3.9812,2.1402,4.5142,0.2308,154.6653,4.5200010486724445,16.2720037752208,0.0,0.0,0.0,0.0,0.0,0.0,1,07_315_318_12269_ego_315,1,12269,12269,12269,vehicle_vehicle,0.2933907283478527,2.8467108791260154,0.8132500789188812,14.870822391851764,15.0,3.0,3.5,0.8,0.12860956418556124,0.46299443106802046
7,318,12212,210,134.3603,-58.4891,160.2795,2.2707,6.3697,-5.0856,1.9874,-1.0371,0.4188,5.4579,0.1548,1.1176,0.0442,van,315,111.9876,-49.453,-3.9812,2.1402,4.5142,0.2308,154.6653,4.5200010486724445,16.2720037752208,22.372699999999995,-9.036099999999998,-1.1044000000000005,-0.15280000000000005,1.1149202662074096,24.128589028370467,0,07_315_318_12269_ego_315,1,12269,12269,12269,vehicle_vehicle,0.2933907283478527,2.8467108791260154,0.8132500789188812,14.870822391851764,15.0,3.0,3.5,0.8,0.12860956418556124,0.46299443106802046
7,309,12213,443,93.5609,-67.0751,25.9686,2.0174,4.3163,5.6462,3.0405,0.1035,1.6496,6.4075,-0.2611,0.8154,-1.4377,car,315,111.8297,-49.3672,-3.8887,2.1137,4.42,0.2295,154.4457,4.426027042393663,15.933697352617187,-18.2688,-17.70790000000001,9.5349,0.9268000000000001,9.579836963644006,25.4424600982295,0,07_315_318_12269_ego_315,0,12269,12269,12269,vehicle_vehicle,0.2933907283478527,2.8467108791260154,0.8132500789188812,14.870822391851764,15.0,3.0,3.5,0.8,0.12860956418556124,0.46299443106802046
7,311,12213,418,91.3768,-61.0611,29.2529,2.0722,5.0047,5.8761,3.6271,-1.6111,1.9998,6.8992,-0.2931,-0.4284,-2.5321,car,315,111.8297,-49.3672,-3.8887,2.1137,4.42,0.2295,154.4457,4.426027042393663,15.933697352617187,-20.4529,-11.693900000000006,9.764800000000001,1.5133999999999999,9.881381411523392,23.55988997470065,0,07_315_318_12269_ego_315,0,12269,12269,12269,vehicle_vehicle,0.2933907283478527,2.8467108791260154,0.8132500789188812,14.870822391851764,15.0,3.0,3.5,0.8,0.12860956418556124,0.46299443106802046
7,315,12213,324,111.8297,-49.3672,154.4457,1.925,4.0346,-3.8887,2.1137,2.3098,-0.7424,4.42,0.2295,-2.4041,0.3266,car,315,111.8297,-49.3672,-3.8887,2.1137,4.42,0.2295,154.4457,4.426027042393663,15.933697352617187,0.0,0.0,0.0,0.0,0.0,0.0,1,07_315_318_12269_ego_315,1,12269,12269,12269,vehicle_vehicle,0.2933907283478527,2.8467108791260154,0.8132500789188812,14.870822391851764,15.0,3.0,3.5,0.8,0.12860956418556124,0.46299443106802046
7,318,12213,211,134.1551,-58.4081,160.2575,2.2707,6.3697,-5.1265,2.0046,-0.9381,0.3753,5.5023,0.1551,1.0098,0.0364,van,315,111.8297,-49.3672,-3.8887,2.1137,4.42,0.2295,154.4457,4.426027042393663,15.933697352617187,22.325400000000002,-9.0409,-1.2378,-0.1091000000000002,1.2425987485910326,24.086538937132502,0,07_315_318_12269_ego_315,1,12269,12269,12269,vehicle_vehicle,0.2933907283478527,2.8467108791260154,0.8132500789188812,14.870822391851764,15.0,3.0,3.5,0.8,0.12860956418556124,0.46299443106802046
7,309,12214,444,93.7881,-66.9536,26.5403,2.0174,4.3163,5.6491,3.1129,0.1275,1.6171,6.4447,-0.2607,0.8367,-1.3897,car,315,111.6748,-49.2824,-3.7922,2.0842,4.3212,0.2279,154.2249,4.327201229432252,15.577924425956109,-17.886700000000005,-17.671199999999992,9.4413,1.0286999999999997,9.497176916326241,25.143693967474228,0,07_315_318_12269_ego_315,0,12269,12269,12269,vehicle_vehicle,0.2933907283478527,2.8467108791260154,0.8132500789188812,14.870822391851764,15.0,3.0,3.5,0.8,0.12860956418556124,0.46299443106802046
7,311,12214,419,91.6108,-60.9154,30.0454,2.0722,5.0047,5.8105,3.7064,-1.6697,1.9839,6.8855,-0.2992,-0.452,-2.5533,car,315,111.6748,-49.2824,-3.7922,2.0842,4.3212,0.2279,154.2249,4.327201229432252,15.577924425956109,-20.064000000000007,-11.632999999999996,9.6027,1.6221999999999999,9.738756600819224,23.192472593494642,0,07_315_318_12269_ego_315,0,12269,12269,12269,vehicle_vehicle,0.2933907283478527,2.8467108791260154,0.8132500789188812,14.870822391851764,15.0,3.0,3.5,0.8,0.12860956418556124,0.46299443106802046
7,315,12214,325,111.6748,-49.2824,154.2249,1.925,4.0346,-3.7922,2.0842,2.3906,-0.8087,4.3212,0.2279,-2.5044,0.3113,car,315,111.6748,-49.2824,-3.7922,2.0842,4.3212,0.2279,154.2249,4.327201229432252,15.577924425956109,0.0,0.0,0.0,0.0,0.0,0.0,1,07_315_318_12269_ego_315,1,12269,12269,12269,vehicle_vehicle,0.2933907283478527,2.8467108791260154,0.8132500789188812,14.870822391851764,15.0,3.0,3.5,0.8,0.12860956418556124,0.46299443106802046
7,318,12214,212,133.9475,-58.3258,160.2375,2.2707,6.3697,-5.1628,2.0194,-0.8401,0.3318,5.5415,0.1548,0.9028,0.0282,van,315,111.6748,-49.2824,-3.7922,2.0842,4.3212,0.2279,154.2249,4.327201229432252,15.577924425956109,22.272699999999986,-9.043399999999998,-1.3706,-0.06479999999999997,1.3721309704251996,24.038640744642766,0,07_315_318_12269_ego_315,1,12269,12269,12269,vehicle_vehicle,0.2933907283478527,2.8467108791260154,0.8132500789188812,14.870822391851764,15.0,3.0,3.5,0.8,0.12860956418556124,0.46299443106802046
7,309,12215,445,94.0155,-66.829,27.1086,2.0174,4.3163,5.6524,3.1844,0.1531,1.5779,6.4825,-0.2589,0.8553,-1.3348,car,315,111.5238,-49.1989,-3.692,2.0518,4.2178,0.2271,154.0198,4.223830872561068,15.205791141219846,-17.50829999999999,-17.63009999999999,9.3444,1.1326,9.412788859843825,24.846750187901826,0,07_315_318_12269_ego_315,0,12269,12269,12269,vehicle_vehicle,0.2933907283478527,2.8467108791260154,0.8132500789188812,14.870822391851764,15.0,3.0,3.5,0.8,0.12860956418556124,0.46299443106802046
7,311,12215,420,91.8427,-60.7662,30.8538,2.0722,5.0047,5.7423,3.7854,-1.727,1.9684,6.871,-0.3048,-0.4731,-2.5755,car,315,111.5238,-49.1989,-3.692,2.0518,4.2178,0.2271,154.0198,4.223830872561068,15.205791141219846,-19.6811,-11.567299999999996,9.4343,1.7336,9.592256535873089,22.828668960322677,0,07_315_318_12269_ego_315,0,12269,12269,12269,vehicle_vehicle,0.2933907283478527,2.8467108791260154,0.8132500789188812,14.870822391851764,15.0,3.0,3.5,0.8,0.12860956418556124,0.46299443106802046
7,315,12215,326,111.5238,-49.1989,154.0198,1.925,4.0346,-3.692,2.0518,2.4671,-0.8751,4.2178,0.2271,-2.6011,0.2941,car,315,111.5238,-49.1989,-3.692,2.0518,4.2178,0.2271,154.0198,4.223830872561068,15.205791141219846,0.0,0.0,0.0,0.0,0.0,0.0,1,07_315_318_12269_ego_315,1,12269,12269,12269,vehicle_vehicle,0.2933907283478527,2.8467108791260154,0.8132500789188812,14.870822391851764,15.0,3.0,3.5,0.8,0.12860956418556124,0.46299443106802046
7,318,12215,213,133.7382,-58.2436,160.2252,2.2707,6.3697,-5.1943,2.032,-0.7437,0.2886,5.5755,0.1549,0.7975,0.02,van,315,111.5238,-49.1989,-3.692,2.0518,4.2178,0.2271,154.0198,4.223830872561068,15.205791141219846,22.214400000000012,-9.044699999999999,-1.5023,-0.01980000000000004,1.502430474264949,23.985123836453305,0,07_315_318_12269_ego_315,1,12269,12269,12269,vehicle_vehicle,0.2933907283478527,2.8467108791260154,0.8132500789188812,14.870822391851764,15.0,3.0,3.5,0.8,0.12860956418556124,0.46299443106802046
7,309,12216,446,94.2423,-66.7015,27.6792,2.0174,4.3163,5.6564,3.2548,0.1807,1.5317,6.521,-0.2548,0.8715,-1.2725,car,315,111.3772,-49.1164,-3.5884,2.0163,4.1099,0.2252,153.8052,4.1160758314200185,14.817872993112067,-17.134900000000002,-17.585099999999997,9.2448,1.2384999999999997,9.327390272203688,24.55281124474344,0,07_315_318_12269_ego_315,0,12269,12269,12269,vehicle_vehicle,0.2933907283478527,2.8467108791260154,0.8132500789188812,14.870822391851764,15.0,3.0,3.5,0.8,0.12860956418556124,0.46299443106802046
7,311,12216,421,92.0718,-60.6141,31.6761,2.0722,5.0047,5.6714,3.8641,-1.7827,1.9532,6.8556,-0.3103,-0.4914,-2.5984,car,315,111.3772,-49.1164,-3.5884,2.0163,4.1099,0.2252,153.8052,4.1160758314200185,14.817872993112067,-19.305400000000006,-11.497700000000002,9.2598,1.8477999999999999,9.442365216406323,22.469881496127215,0,07_315_318_12269_ego_315,0,12269,12269,12269,vehicle_vehicle,0.2933907283478527,2.8467108791260154,0.8132500789188812,14.870822391851764,15.0,3.0,3.5,0.8,0.12860956418556124,0.46299443106802046
7,315,12216,327,111.3772,-49.1164,153.8052,1.925,4.0346,-3.5884,2.0163,2.5388,-0.9412,4.1099,0.2252,-2.6935,0.2762,car,315,111.3772,-49.1164,-3.5884,2.0163,4.1099,0.2252,153.8052,4.1160758314200185,14.817872993112067,0.0,0.0,0.0,0.0,0.0,0.0,1,07_315_318_12269_ego_315,1,12269,12269,12269,vehicle_vehicle,0.2933907283478527,2.8467108791260154,0.8132500789188812,14.870822391851764,15.0,3.0,3.5,0.8,0.12860956418556124,0.46299443106802046
7,318,12216,214,133.5279,-58.1605,160.2165,2.2707,6.3697,-5.2212,2.0423,-0.6497,0.2464,5.6043,0.1545,0.6948,0.012,van,315,111.3772,-49.1164,-3.5884,2.0163,4.1099,0.2252,153.8052,4.1160758314200185,14.817872993112067,22.150699999999986,-9.0441,-1.6327999999999996,0.0259999999999998,1.6330069932489568,23.92591179662751,0,07_315_318_12269_ego_315,1,12269,12269,12269,vehicle_vehicle,0.2933907283478527,2.8467108791260154,0.8132500789188812,14.870822391851764,15.0,3.0,3.5,0.8,0.12860956418556124,0.46299443106802046
7,309,12217,447,94.4687,-66.5708,28.2603,2.0174,4.3163,5.6616,3.3237,0.2103,1.478,6.5604,-0.2469,0.885,-1.2022,car,315,111.2344,-49.0357,-3.4815,1.9778,3.9978,0.223,153.5922,4.004064820903877,14.414633355253958,-16.765699999999995,-17.535100000000007,9.1431,1.3459,9.241629965541794,24.260429272789054,0,07_315_318_12269_ego_315,0,12269,12269,12269,vehicle_vehicle,0.2933907283478527,2.8467108791260154,0.8132500789188812,14.870822391851764,15.0,3.0,3.5,0.8,0.12860956418556124,0.46299443106802046
7,311,12217,422,92.2974,-60.4582,32.5109,2.0722,5.0047,5.5983,3.9422,-1.8365,1.938,6.8398,-0.3156,-0.5071,-2.6214,car,315,111.2344,-49.0357,-3.4815,1.9778,3.9978,0.223,153.5922,4.004064820903877,14.414633355253958,-18.936999999999998,-11.4225,9.0798,1.9644000000000001,9.289867351044363,22.115231747598756,0,07_315_318_12269_ego_315,0,12269,12269,12269,vehicle_vehicle,0.2933907283478527,2.8467108791260154,0.8132500789188812,14.870822391851764,15.0,3.0,3.5,0.8,0.12860956418556124,0.46299443106802046
7,315,12217,328,111.2344,-49.0357,153.5922,1.925,4.0346,-3.4815,1.9778,2.6054,-1.0065,3.9978,0.223,-2.7812,0.2573,car,315,111.2344,-49.0357,-3.4815,1.9778,3.9978,0.223,153.5922,4.004064820903877,14.414633355253958,0.0,0.0,0.0,0.0,0.0,0.0,1,07_315_318_12269_ego_315,1,12269,12269,12269,vehicle_vehicle,0.2933907283478527,2.8467108791260154,0.8132500789188812,14.870822391851764,15.0,3.0,3.5,0.8,0.12860956418556124,0.46299443106802046
7,318,12217,215,133.317,-58.0773,160.2102,2.2707,6.3697,-5.2437,2.0503,-0.559,0.2059,5.6282,0.1539,0.5957,0.0044,van,315,111.2344,-49.0357,-3.4815,1.9778,3.9978,0.223,153.5922,4.004064820903877,14.414633355253958,22.082600000000014,-9.041600000000003,-1.7621999999999995,0.07250000000000001,1.7636907580412158,23.861931047591277,0,07_315_318_12269_ego_315,1,12269,12269,12269,vehicle_vehicle,0.2933907283478527,2.8467108791260154,0.8132500789188812,14.870822391851764,15.0,3.0,3.5,0.8,0.12860956418556124,0.46299443106802046
7,309,12218,448,94.6953,-66.4365,28.8466,2.0174,4.3163,5.6679,3.3903,0.242,1.4167,6.6003,-0.2351,0.8954,-1.1242,car,315,111.0957,-48.9574,-3.3713,1.9367,3.8817,0.2206,153.3762,3.8879905581161074,13.996766009217987,-16.40039999999999,-17.479099999999995,9.039200000000001,1.4535999999999998,9.155331211922375,23.96856393215913,0,07_315_318_12269_ego_315,0,12269,12269,12269,vehicle_vehicle,0.2933907283478527,2.8467108791260154,0.8132500789188812,14.870822391851764,15.0,3.0,3.5,0.8,0.12860956418556124,0.46299443106802046
7,311,12218,423,92.5205,-60.2993,33.3486,2.0722,5.0047,5.5227,4.02,-1.8884,1.9227,6.8233,-0.322,-0.5205,-2.6443,car,315,111.0957,-48.9574,-3.3713,1.9367,3.8817,0.2206,153.3762,3.8879905581161074,13.996766009217987,-18.575199999999995,-11.341900000000003,8.894,2.0832999999999995,9.13473452761491,21.764116123794228,0,07_315_318_12269_ego_315,0,12269,12269,12269,vehicle_vehicle,0.2933907283478527,2.8467108791260154,0.8132500789188812,14.870822391851764,15.0,3.0,3.5,0.8,0.12860956418556124,0.46299443106802046
7,315,12218,329,111.0957,-48.9574,153.3762,1.925,4.0346,-3.3713,1.9367,2.6663,-1.0711,3.8817,0.2206,-2.8636,0.2373,car,315,111.0957,-48.9574,-3.3713,1.9367,3.8817,0.2206,153.3762,3.8879905581161074,13.996766009217987,0.0,0.0,0.0,0.0,0.0,0.0,1,07_315_318_12269_ego_315,1,12269,12269,12269,vehicle_vehicle,0.2933907283478527,2.8467108791260154,0.8132500789188812,14.870822391851764,15.0,3.0,3.5,0.8,0.12860956418556124,0.46299443106802046
7,318,12218,216,133.1056,-57.9945,160.2071,2.2707,6.3697,-5.2621,2.0564,-0.472,0.1672,5.6476,0.1531,0.5007,-0.0025,van,315,111.0957,-48.9574,-3.3713,1.9367,3.8817,0.2206,153.3762,3.8879905581161074,13.996766009217987,22.009900000000016,-9.037100000000002,-1.8908,0.11969999999999992,1.8945851076159128,23.79295850498632,0,07_315_318_12269_ego_315,1,12269,12269,12269,vehicle_vehicle,0.2933907283478527,2.8467108791260154,0.8132500789188812,14.870822391851764,15.0,3.0,3.5,0.8,0.12860956418556124,0.46299443106802046
7,309,12219,449,94.9226,-66.2997,29.4235,2.0174,4.3163,5.6754,3.4545,0.2757,1.3479,6.6404,-0.2208,0.9024,-1.0386,car,315,110.9624,-48.8791,-3.2583,1.8923,3.7617,0.2166,153.1483,3.7679328789138484,13.564558364089855,-16.0398,-17.4206,8.9337,1.5621999999999998,9.069259315401672,23.680213014244615,0,07_315_318_12269_ego_315,0,12269,12269,12269,vehicle_vehicle,0.2933907283478527,2.8467108791260154,0.8132500789188812,14.870822391851764,15.0,3.0,3.5,0.8,0.12860956418556124,0.46299443106802046
7,311,12219,424,92.7411,-60.1371,34.196,2.0722,5.0047,5.4446,4.0971,-1.938,1.9072,6.806,-0.3288,-0.5311,-2.6667,car,315,110.9624,-48.8791,-3.2583,1.8923,3.7617,0.2166,153.1483,3.7679328789138484,13.564558364089855,-18.2213,-11.257999999999996,8.7029,2.2048,8.977840021408268,21.41864462775364,0,07_315_318_12269_ego_315,0,12269,12269,12269,vehicle_vehicle,0.2933907283478527,2.8467108791260154,0.8132500789188812,14.870822391851764,15.0,3.0,3.5,0.8,0.12860956418556124,0.46299443106802046
7,315,12219,330,110.9624,-48.8791,153.1483,1.925,4.0346,-3.2583,1.8923,2.7211,-1.1345,3.7617,0.2166,-2.9401,0.2169,car,315,110.9624,-48.8791,-3.2583,1.8923,3.7617,0.2166,153.1483,3.7679328789138484,13.564558364089855,0.0,0.0,0.0,0.0,0.0,0.0,1,07_315_318_12269_ego_315,1,12269,12269,12269,vehicle_vehicle,0.2933907283478527,2.8467108791260154,0.8132500789188812,14.870822391851764,15.0,3.0,3.5,0.8,0.12860956418556124,0.46299443106802046
7,318,12219,217,132.8935,-57.9114,160.2128,2.2707,6.3697,-5.2765,2.0608,-0.3892,0.1309,5.6626,0.1528,0.4105,-0.0086,van,315,110.9624,-48.8791,-3.2583,1.8923,3.7617,0.2166,153.1483,3.7679328789138484,13.564558364089855,21.931099999999986,-9.0323,-2.0182,0.16849999999999987,2.025221837231665,23.718254372950792,0,07_315_318_12269_ego_315,1,12269,12269,12269,vehicle_vehicle,0.2933907283478527,2.8467108791260154,0.8132500789188812,14.870822391851764,15.0,3.0,3.5,0.8,0.12860956418556124,0.46299443106802046
7,309,12220,450,95.1498,-66.1603,29.9934,2.0174,4.3163,5.6843,3.5159,0.3117,1.2717,6.6806,-0.2035,0.9057,-0.9456,car,315,110.8336,-48.8027,-3.143,1.8448,3.6382,0.2121,152.9251,3.6444116178060897,13.119881824101924,-15.683800000000005,-17.357600000000005,8.827300000000001,1.6710999999999998,8.98408595795922,23.39375686374466,0,07_315_318_12269_ego_315,0,12269,12269,12269,vehicle_vehicle,0.2933907283478527,2.8467108791260154,0.8132500789188812,14.870822391851764,15.0,3.0,3.5,0.8,0.12860956418556124,0.46299443106802046
7,311,12220,425,92.9578,-59.9722,35.053,2.0722,5.0047,5.3643,4.1738,-1.9849,1.8913,6.7885,-0.3359,-0.5386,-2.6883,car,315,110.8336,-48.8027,-3.143,1.8448,3.6382,0.2121,152.9251,3.6444116178060897,13.119881824101924,-17.875799999999998,-11.1695,8.5073,2.3289999999999997,8.820339805812473,21.078471384092346,0,07_315_318_12269_ego_315,0,12269,12269,12269,vehicle_vehicle,0.2933907283478527,2.8467108791260154,0.8132500789188812,14.870822391851764,15.0,3.0,3.5,0.8,0.12860956418556124,0.46299443106802046
7,315,12220,331,110.8336,-48.8027,152.9251,1.925,4.0346,-3.143,1.8448,2.7694,-1.196,3.6382,0.2121,-3.0103,0.1956,car,315,110.8336,-48.8027,-3.143,1.8448,3.6382,0.2121,152.9251,3.6444116178060897,13.119881824101924,0.0,0.0,0.0,0.0,0.0,0.0,1,07_315_318_12269_ego_315,1,12269,12269,12269,vehicle_vehicle,0.2933907283478527,2.8467108791260154,0.8132500789188812,14.870822391851764,15.0,3.0,3.5,0.8,0.12860956418556124,0.46299443106802046
7,318,12220,218,132.681,-57.8283,160.2211,2.2707,6.3697,-5.2872,2.0634,-0.3111,0.097,5.6735,0.1525,0.3255,-0.014,van,315,110.8336,-48.8027,-3.143,1.8448,3.6382,0.2121,152.9251,3.6444116178060897,13.119881824101924,21.847400000000007,-9.025599999999997,-2.1442000000000005,0.21860000000000013,2.155314269428011,23.63832358945956,0,07_315_318_12269_ego_315,1,12269,12269,12269,vehicle_vehicle,0.2933907283478527,2.8467108791260154,0.8132500789188812,14.870822391851764,15.0,3.0,3.5,0.8,0.12860956418556124,0.46299443106802046
7,309,12221,451,95.378,-66.0187,30.5551,2.0174,4.3163,5.6943,3.5742,0.35,1.188,6.7206,-0.1831,0.9053,-0.8451,car,315,110.7095,-48.7281,-3.0254,1.7941,3.5112,0.2074,152.7124,3.517362644084343,12.662505518703636,-15.331500000000005,-17.290599999999998,8.7197,1.7800999999999998,8.899546286187851,23.108867142506146,0,07_315_318_12269_ego_315,0,12269,12269,12269,vehicle_vehicle,0.2933907283478527,2.8467108791260154,0.8132500789188812,14.870822391851764,15.0,3.0,3.5,0.8,0.12860956418556124,0.46299443106802046
7,311,12221,426,93.1714,-59.8043,35.9204,2.0722,5.0047,5.2819,4.2501,-2.0289,1.8749,6.7709,-0.3432,-0.5431,-2.7087,car,315,110.7095,-48.7281,-3.0254,1.7941,3.5112,0.2074,152.7124,3.517362644084343,12.662505518703636,-17.5381,-11.0762,8.3073,2.4559999999999995,8.662746059420188,20.742882105676635,0,07_315_318_12269_ego_315,0,12269,12269,12269,vehicle_vehicle,0.2933907283478527,2.8467108791260154,0.8132500789188812,14.870822391851764,15.0,3.0,3.5,0.8,0.12860956418556124,0.46299443106802046
7,315,12221,332,110.7095,-48.7281,152.7124,1.925,4.0346,-3.0254,1.7941,2.8112,-1.255,3.5112,0.2074,-3.0737,0.1735,car,315,110.7095,-48.7281,-3.0254,1.7941,3.5112,0.2074,152.7124,3.517362644084343,12.662505518703636,0.0,0.0,0.0,0.0,0.0,0.0,1,07_315_318_12269_ego_315,1,12269,12269,12269,vehicle_vehicle,0.2933907283478527,2.8467108791260154,0.8132500789188812,14.870822391851764,15.0,3.0,3.5,0.8,0.12860956418556124,0.46299443106802046
7,318,12221,219,132.4676,-57.745,160.2381,2.2707,6.3697,-5.294,2.0644,-0.2382,0.0658,5.6802,0.1528,0.2464,-0.0186,van,315,110.7095,-48.7281,-3.0254,1.7941,3.5112,0.2074,152.7124,3.517362644084343,12.662505518703636,21.7581,-9.0169,-2.2685999999999997,0.2703,2.284646154221699,23.552481848416736,0,07_315_318_12269_ego_315,1,12269,12269,12269,vehicle_vehicle,0.2933907283478527,2.8467108791260154,0.8132500789188812,14.870822391851764,15.0,3.0,3.5,0.8,0.12860956418556124,0.46299443106802046
7,309,12222,452,95.6066,-65.8745,31.0808,2.0174,4.3163,5.7057,3.6291,0.3908,1.0969,6.7601,-0.1625,0.901,-0.7376,car,315,110.5902,-48.6564,-2.906,1.7406,3.3814,0.2024,152.5051,3.387406730819315,12.194664230949535,-14.983599999999996,-17.2181,8.6117,1.8885000000000003,8.816337626248215,22.824794337956252,0,07_315_318_12269_ego_315,0,12269,12269,12269,vehicle_vehicle,0.2933907283478527,2.8467108791260154,0.8132500789188812,14.870822391851764,15.0,3.0,3.5,0.8,0.12860956418556124,0.46299443106802046
7,311,12222,427,93.3817,-59.6335,36.7985,2.0722,5.0047,5.1975,4.3261,-2.0698,1.8577,6.7532,-0.3508,-0.5446,-2.7274,car,315,110.5902,-48.6564,-2.906,1.7406,3.3814,0.2024,152.5051,3.387406730819315,12.194664230949535,-17.2085,-10.9771,8.1035,2.5855000000000006,8.505969815370849,20.41149667858778,0,07_315_318_12269_ego_315,0,12269,12269,12269,vehicle_vehicle,0.2933907283478527,2.8467108791260154,0.8132500789188812,14.870822391851764,15.0,3.0,3.5,0.8,0.12860956418556124,0.46299443106802046
7,315,12222,333,110.5902,-48.6564,152.5051,1.925,4.0346,-2.906,1.7406,2.846,-1.3109,3.3814,0.2024,-3.1298,0.151,car,315,110.5902,-48.6564,-2.906,1.7406,3.3814,0.2024,152.5051,3.387406730819315,12.194664230949535,0.0,0.0,0.0,0.0,0.0,0.0,1,07_315_318_12269_ego_315,1,12269,12269,12269,vehicle_vehicle,0.2933907283478527,2.8467108791260154,0.8132500789188812,14.870822391851764,15.0,3.0,3.5,0.8,0.12860956418556124,0.46299443106802046
7,318,12222,220,132.2547,-57.6627,160.2586,2.2707,6.3697,-5.2976,2.0643,-0.1711,0.0375,5.6835,0.1535,0.1737,-0.0225,van,315,110.5902,-48.6564,-2.906,1.7406,3.3814,0.2024,152.5051,3.387406730819315,12.194664230949535,21.664500000000018,-9.006300000000003,-2.3916,0.3236999999999999,2.413406772593464,23.461969225536052,0,07_315_318_12269_ego_315,1,12269,12269,12269,vehicle_vehicle,0.2933907283478527,2.8467108791260154,0.8132500789188812,14.870822391851764,15.0,3.0,3.5,0.8,0.12860956418556124,0.46299443106802046
7,309,12223,453,95.8353,-65.7283,31.573,2.0174,4.3163,5.7186,3.6802,0.4343,0.9984,6.799,-0.1413,0.8928,-0.6232,car,315,110.4755,-48.5868,-2.7849,1.6845,3.2488,0.1968,152.2984,3.254720918911482,11.716995308081335,-14.640199999999993,-17.141500000000008,8.5035,1.9957,8.734548113096636,22.542548176503917,0,07_315_318_12269_ego_315,0,12269,12269,12269,vehicle_vehicle,0.2933907283478527,2.8467108791260154,0.8132500789188812,14.870822391851764,15.0,3.0,3.5,0.8,0.12860956418556124,0.46299443106802046
7,311,12223,428,93.5886,-59.46,37.7011,2.0722,5.0047,5.1112,4.4018,-2.1073,1.8394,6.7359,-0.357,-0.5425,-2.744,car,315,110.4755,-48.5868,-2.7849,1.6845,3.2488,0.1968,152.2984,3.254720918911482,11.716995308081335,-16.886899999999997,-10.873200000000004,7.896100000000001,2.7173,8.350575698716826,20.084667531477837,0,07_315_318_12269_ego_315,0,12269,12269,12269,vehicle_vehicle,0.2933907283478527,2.8467108791260154,0.8132500789188812,14.870822391851764,15.0,3.0,3.5,0.8,0.12860956418556124,0.46299443106802046
7,315,12223,334,110.4755,-48.5868,152.2984,1.925,4.0346,-2.7849,1.6845,2.8737,-1.3634,3.2488,0.1968,-3.1781,0.1287,car,315,110.4755,-48.5868,-2.7849,1.6845,3.2488,0.1968,152.2984,3.254720918911482,11.716995308081335,0.0,0.0,0.0,0.0,0.0,0.0,1,07_315_318_12269_ego_315,1,12269,12269,12269,vehicle_vehicle,0.2933907283478527,2.8467108791260154,0.8132500789188812,14.870822391851764,15.0,3.0,3.5,0.8,0.12860956418556124,0.46299443106802046
7,318,12223,221,132.0421,-57.58,160.2855,2.2707,6.3697,-5.2983,2.063,-0.11,0.0119,5.6836,0.1548,0.1076,-0.0259,van,315,110.4755,-48.5868,-2.7849,1.6845,3.2488,0.1968,152.2984,3.254720918911482,11.716995308081335,21.566600000000008,-8.993200000000002,-2.5134000000000003,0.37850000000000006,2.5417399178515496,23.366554769584674,0,07_315_318_12269_ego_315,1,12269,12269,12269,vehicle_vehicle,0.2933907283478527,2.8467108791260154,0.8132500789188812,14.870822391851764,15.0,3.0,3.5,0.8,0.12860956418556124,0.46299443106802046
7,309,12224,454,96.0642,-65.58,32.0194,2.0174,4.3163,5.7334,3.7274,0.4804,0.8928,6.8374,-0.1204,0.8807,-0.5022,car,315,110.3656,-48.5193,-2.6623,1.6258,3.1137,0.1912,152.1023,3.119465808435797,11.230076910368869,-14.301400000000001,-17.060699999999997,8.3957,2.1016,8.654738647122743,22.262019819639004,0,07_315_318_12269_ego_315,0,12269,12269,12269,vehicle_vehicle,0.2933907283478527,2.8467108791260154,0.8132500789188812,14.870822391851764,15.0,3.0,3.5,0.8,0.12860956418556124,0.46299443106802046
7,311,12224,429,93.7915,-59.2832,38.6092,2.0722,5.0047,5.0233,4.477,-2.1412,1.8195,6.719,-0.3638,-0.5378,-2.7579,car,315,110.3656,-48.5193,-2.6623,1.6258,3.1137,0.1912,152.1023,3.119465808435797,11.230076910368869,-16.5741,-10.7639,7.6856,2.8512000000000004,8.197425742268118,19.7626499746365,0,07_315_318_12269_ego_315,0,12269,12269,12269,vehicle_vehicle,0.2933907283478527,2.8467108791260154,0.8132500789188812,14.870822391851764,15.0,3.0,3.5,0.8,0.12860956418556124,0.46299443106802046
7,315,12224,335,110.3656,-48.5193,152.1023,1.925,4.0346,-2.6623,1.6258,2.894,-1.412,3.1137,0.1912,-3.2183,0.1061,car,315,110.3656,-48.5193,-2.6623,1.6258,3.1137,0.1912,152.1023,3.119465808435797,11.230076910368869,0.0,0.0,0.0,0.0,0.0,0.0,1,07_315_318_12269_ego_315,1,12269,12269,12269,vehicle_vehicle,0.2933907283478527,2.8467108791260154,0.8132500789188812,14.870822391851764,15.0,3.0,3.5,0.8,0.12860956418556124,0.46299443106802046
7,318,12224,222,131.8299,-57.4975,160.3127,2.2707,6.3697,-5.2964,2.0607,-0.0552,-0.0109,5.6811,0.1559,0.0483,-0.0288,van,315,110.3656,-48.5193,-2.6623,1.6258,3.1137,0.1912,152.1023,3.119465808435797,11.230076910368869,21.46430000000001,-8.978200000000001,-2.6341,0.4349000000000003,2.669760442436737,23.266375947491273,0,07_315_318_12269_ego_315,1,12269,12269,12269,vehicle_vehicle,0.2933907283478527,2.8467108791260154,0.8132500789188812,14.870822391851764,15.0,3.0,3.5,0.8,0.12860956418556124,0.46299443106802046
7,309,12225,455,96.2936,-65.4294,32.4252,2.0174,4.3163,5.7501,3.7699,0.5291,0.7801,6.875,-0.099,0.8649,-0.3747,car,315,110.2612,-48.4539,-2.5389,1.5646,2.9766,0.1849,151.9118,2.9822787210453687,10.736203395763328,-13.967600000000004,-16.975500000000004,8.289,2.2053,8.57734627317797,21.983208364795168,0,07_315_318_12269_ego_315,0,12269,12269,12269,vehicle_vehicle,0.2933907283478527,2.8467108791260154,0.8132500789188812,14.870822391851764,15.0,3.0,3.5,0.8,0.12860956418556124,0.46299443106802046
7,311,12225,430,93.9906,-59.1028,39.5236,2.0722,5.0047,4.9341,4.5515,-2.1716,1.7979,6.7025,-0.3708,-0.5309,-2.7689,car,315,110.2612,-48.4539,-2.5389,1.5646,2.9766,0.1849,151.9118,2.9822787210453687,10.736203395763328,-16.2706,-10.648900000000005,7.473,2.9869,8.04781340551581,19.445603502334407,0,07_315_318_12269_ego_315,0,12269,12269,12269,vehicle_vehicle,0.2933907283478527,2.8467108791260154,0.8132500789188812,14.870822391851764,15.0,3.0,3.5,0.8,0.12860956418556124,0.46299443106802046
7,315,12225,336,110.2612,-48.4539,151.9118,1.925,4.0346,-2.5389,1.5646,2.9066,-1.4562,2.9766,0.1849,-3.2499,0.0838,car,315,110.2612,-48.4539,-2.5389,1.5646,2.9766,0.1849,151.9118,2.9822787210453687,10.736203395763328,0.0,0.0,0.0,0.0,0.0,0.0,1,07_315_318_12269_ego_315,1,12269,12269,12269,vehicle_vehicle,0.2933907283478527,2.8467108791260154,0.8132500789188812,14.870822391851764,15.0,3.0,3.5,0.8,0.12860956418556124,0.46299443106802046
7,318,12225,223,131.6176,-57.4157,160.3497,2.2707,6.3697,-5.2922,2.0577,-0.0066,-0.031,5.676,0.1582,-0.0042,-0.0315,van,315,110.2612,-48.4539,-2.5389,1.5646,2.9766,0.1849,151.9118,2.9822787210453687,10.736203395763328,21.356400000000008,-8.961800000000004,-2.7533000000000003,0.4931000000000001,2.7971071663416835,23.160519860314025,0,07_315_318_12269_ego_315,1,12269,12269,12269,vehicle_vehicle,0.2933907283478527,2.8467108791260154,0.8132500789188812,14.870822391851764,15.0,3.0,3.5,0.8,0.12860956418556124,0.46299443106802046
7,309,12226,456,96.5232,-65.2775,32.7928,2.0174,4.3163,5.7691,3.8078,0.5802,0.6606,6.912,-0.0764,0.8455,-0.2411,car,315,110.1615,-48.3916,-2.4148,1.5013,2.8378,0.1786,151.7322,2.8434417050468963,10.236390138168828,-13.638300000000001,-16.885900000000007,8.1839,2.3064999999999998,8.502714946415644,21.70568694374818,0,07_315_318_12269_ego_315,0,12269,12269,12269,vehicle_vehicle,0.2933907283478527,2.8467108791260154,0.8132500789188812,14.870822391851764,15.0,3.0,3.5,0.8,0.12860956418556124,0.46299443106802046
7,311,12226,431,94.1858,-58.9192,40.4429,2.0722,5.0047,4.8439,4.625,-2.1985,1.7747,6.6867,-0.3777,-0.5219,-2.7768,car,315,110.1615,-48.3916,-2.4148,1.5013,2.8378,0.1786,151.7322,2.8434417050468963,10.236390138168828,-15.975700000000003,-10.5276,7.258699999999999,3.1237,7.90229253951029,19.132520802288447,0,07_315_318_12269_ego_315,0,12269,12269,12269,vehicle_vehicle,0.2933907283478527,2.8467108791260154,0.8132500789188812,14.870822391851764,15.0,3.0,3.5,0.8,0.12860956418556124,0.46299443106802046
7,315,12226,337,110.1615,-48.3916,151.7322,1.925,4.0346,-2.4148,1.5013,2.9115,-1.4954,2.8378,0.1786,-3.2725,0.0618,car,315,110.1615,-48.3916,-2.4148,1.5013,2.8378,0.1786,151.7322,2.8434417050468963,10.236390138168828,0.0,0.0,0.0,0.0,0.0,0.0,1,07_315_318_12269_ego_315,1,12269,12269,12269,vehicle_vehicle,0.2933907283478527,2.8467108791260154,0.8132500789188812,14.870822391851764,15.0,3.0,3.5,0.8,0.12860956418556124,0.46299443106802046
7,318,12226,224,131.4055,-57.3336,160.3751,2.2707,6.3697,-5.2859,2.054,0.0354,-0.0487,5.6687,0.1594,-0.0497,-0.034,van,315,110.1615,-48.3916,-2.4148,1.5013,2.8378,0.1786,151.7322,2.8434417050468963,10.236390138168828,21.243999999999986,-8.942,-2.8710999999999998,0.5526999999999997,2.923814717111876,23.04922775279032,0,07_315_318_12269_ego_315,1,12269,12269,12269,vehicle_vehicle,0.2933907283478527,2.8467108791260154,0.8132500789188812,14.870822391851764,15.0,3.0,3.5,0.8,0.12860956418556124,0.46299443106802046
7,309,12227,457,96.7539,-65.124,33.115,2.0174,4.3163,5.7903,3.8406,0.6333,0.5347,6.9481,-0.0534,0.8225,-0.1018,car,315,110.0666,-48.3313,-2.2902,1.4358,2.6975,0.1726,151.5756,2.70306079842833,9.731018874341988,-13.312699999999992,-16.792699999999996,8.0805,2.4048,8.430749865225513,21.42948330175041,0,07_315_318_12269_ego_315,0,12269,12269,12269,vehicle_vehicle,0.2933907283478527,2.8467108791260154,0.8132500789188812,14.870822391851764,15.0,3.0,3.5,0.8,0.12860956418556124,0.46299443106802046
7,311,12227,432,94.3773,-58.7327,41.3728,2.0722,5.0047,4.7528,4.6977,-2.2222,1.7498,6.6716,-0.3838,-0.511,-2.7819,car,315,110.0666,-48.3313,-2.2902,1.4358,2.6975,0.1726,151.5756,2.70306079842833,9.731018874341988,-15.689299999999989,-10.401400000000002,7.042999999999999,3.2619000000000002,7.761690576800906,18.824007449265412,0,07_315_318_12269_ego_315,0,12269,12269,12269,vehicle_vehicle,0.2933907283478527,2.8467108791260154,0.8132500789188812,14.870822391851764,15.0,3.0,3.5,0.8,0.12860956418556124,0.46299443106802046
7,315,12227,338,110.0666,-48.3313,151.5756,1.925,4.0346,-2.2902,1.4358,2.9084,-1.5293,2.6975,0.1726,-3.2857,0.0395,car,315,110.0666,-48.3313,-2.2902,1.4358,2.6975,0.1726,151.5756,2.70306079842833,9.731018874341988,0.0,0.0,0.0,0.0,0.0,0.0,1,07_315_318_12269_ego_315,1,12269,12269,12269,vehicle_vehicle,0.2933907283478527,2.8467108791260154,0.8132500789188812,14.870822391851764,15.0,3.0,3.5,0.8,0.12860956418556124,0.46299443106802046
7,318,12227,225,131.1939,-57.2514,160.3976,2.2707,6.3697,-5.2779,2.0496,0.0708,-0.0639,5.6596,0.1601,-0.0881,-0.0364,van,315,110.0666,-48.3313,-2.2902,1.4358,2.6975,0.1726,151.5756,2.70306079842833,9.731018874341988,21.12730000000002,-8.920099999999998,-2.9877,0.6137999999999999,3.0500986426671517,22.933185328253046,0,07_315_318_12269_ego_315,1,12269,12269,12269,vehicle_vehicle,0.2933907283478527,2.8467108791260154,0.8132500789188812,14.870822391851764,15.0,3.0,3.5,0.8,0.12860956418556124,0.46299443106802046
7,309,12228,458,96.985,-64.9689,33.3985,2.0174,4.3163,5.8141,3.868,0.6881,0.4025,6.9831,-0.0288,0.7961,0.0428,car,315,109.9768,-48.274,-2.1655,1.3685,2.5563,0.1662,151.4289,2.5616757210857117,9.222032595908562,-12.991799999999998,-16.694900000000004,7.9796,2.4995,8.361908658314798,21.154350693178934,0,07_315_318_12269_ego_315,0,12269,12269,12269,vehicle_vehicle,0.2933907283478527,2.8467108791260154,0.8132500789188812,14.870822391851764,15.0,3.0,3.5,0.8,0.12860956418556124,0.46299443106802046
7,311,12228,433,94.5645,-58.5427,42.314,2.0722,5.0047,4.6612,4.769,-2.2429,1.7234,6.6573,-0.3886,-0.4983,-2.7843,car,315,109.9768,-48.274,-2.1655,1.3685,2.5563,0.1662,151.4289,2.5616757210857117,9.222032595908562,-15.412300000000002,-10.268700000000003,6.826700000000001,3.4005,7.626744596484139,18.519859367176636,0,07_315_318_12269_ego_315,0,12269,12269,12269,vehicle_vehicle,0.2933907283478527,2.8467108791260154,0.8132500789188812,14.870822391851764,15.0,3.0,3.5,0.8,0.12860956418556124,0.46299443106802046
7,315,12228,339,109.9768,-48.274,151.4289,1.925,4.0346,-2.1655,1.3685,2.8971,-1.5572,2.5563,0.1662,-3.2891,0.0179,car,315,109.9768,-48.274,-2.1655,1.3685,2.5563,0.1662,151.4289,2.5616757210857117,9.222032595908562,0.0,0.0,0.0,0.0,0.0,0.0,1,07_315_318_12269_ego_315,1,12269,12269,12269,vehicle_vehicle,0.2933907283478527,2.8467108791260154,0.8132500789188812,14.870822391851764,15.0,3.0,3.5,0.8,0.12860956418556124,0.46299443106802046
7,318,12228,226,130.9832,-57.1696,160.4095,2.2707,6.3697,-5.2685,2.0446,0.0996,-0.0766,5.6491,0.1597,-0.1196,-0.0387,van,315,109.9768,-48.274,-2.1655,1.3685,2.5563,0.1662,151.4289,2.5616757210857117,9.222032595908562,21.006400000000014,-8.895600000000002,-3.103,0.6760999999999999,3.1758022939093675,22.81228923891683,0,07_315_318_12269_ego_315,1,12269,12269,12269,vehicle_vehicle,0.2933907283478527,2.8467108791260154,0.8132500789188812,14.870822391851764,15.0,3.0,3.5,0.8,0.12860956418556124,0.46299443106802046
7,309,12229,459,97.2167,-64.8124,33.6544,2.0174,4.3163,5.8407,3.8895,0.7443,0.2647,7.0172,-0.0008,0.7662,0.1922,car,315,109.8925,-48.2198,-2.0413,1.2998,2.4148,0.1594,151.2897,2.4199970516510967,8.711989385943948,-12.675799999999995,-16.592599999999997,7.882,2.5896999999999997,8.296533618927848,20.880380274314923,0,07_315_318_12269_ego_315,0,12269,12269,12269,vehicle_vehicle,0.2933907283478527,2.8467108791260154,0.8132500789188812,14.870822391851764,15.0,3.0,3.5,0.8,0.12860956418556124,0.46299443106802046
7,311,12229,434,94.7477,-58.3498,43.2582,2.0722,5.0047,4.5694,4.839,-2.2612,1.6958,6.6439,-0.3928,-0.4847,-2.7846,car,315,109.8925,-48.2198,-2.0413,1.2998,2.4148,0.1594,151.2897,2.4199970516510967,8.711989385943948,-15.144800000000004,-10.130000000000003,6.6107,3.5392,7.4984859225046225,18.22036956376023,0,07_315_318_12269_ego_315,0,12269,12269,12269,vehicle_vehicle,0.2933907283478527,2.8467108791260154,0.8132500789188812,14.870822391851764,15.0,3.0,3.5,0.8,0.12860956418556124,0.46299443106802046
7,315,12229,340,109.8925,-48.2198,151.2897,1.925,4.0346,-2.0413,1.2998,2.8774,-1.579,2.4148,0.1594,-3.2822,-0.0026,car,315,109.8925,-48.2198,-2.0413,1.2998,2.4148,0.1594,151.2897,2.4199970516510967,8.711989385943948,0.0,0.0,0.0,0.0,0.0,0.0,1,07_315_318_12269_ego_315,1,12269,12269,12269,vehicle_vehicle,0.2933907283478527,2.8467108791260154,0.8132500789188812,14.870822391851764,15.0,3.0,3.5,0.8,0.12860956418556124,0.46299443106802046
7,318,12229,227,130.7741,-57.0879,160.4183,2.2707,6.3697,-5.2587,2.0391,0.1223,-0.0869,5.6379,0.1588,-0.1443,-0.0409,van,315,109.8925,-48.2198,-2.0413,1.2998,2.4148,0.1594,151.2897,2.4199970516510967,8.711989385943948,20.881600000000006,-8.868099999999998,-3.2174,0.7392999999999998,3.301246317680642,22.68665722776276,0,07_315_318_12269_ego_315,1,12269,12269,12269,vehicle_vehicle,0.2933907283478527,2.8467108791260154,0.8132500789188812,14.870822391851764,15.0,3.0,3.5,0.8,0.12860956418556124,0.46299443106802046
7,309,12230,460,97.4492,-64.6551,33.8788,2.0174,4.3163,5.8702,3.9049,0.801,0.1217,7.0502,0.0304,0.7328,0.3455,car,315,109.8134,-48.1681,-1.918,1.2299,2.2734,0.1514,151.1412,2.278459569533767,8.20245445032156,-12.364199999999997,-16.487000000000002,7.7882,2.675,8.23478501480154,20.608120017119465,0,07_315_318_12269_ego_315,0,12269,12269,12269,vehicle_vehicle,0.2933907283478527,2.8467108791260154,0.8132500789188812,14.870822391851764,15.0,3.0,3.5,0.8,0.12860956418556124,0.46299443106802046
7,311,12230,435,94.9269,-58.1539,44.1989,2.0722,5.0047,4.4775,4.9075,-2.2778,1.6673,6.6313,-0.3968,-0.4706,-2.7833,car,315,109.8134,-48.1681,-1.918,1.2299,2.2734,0.1514,151.1412,2.278459569533767,8.20245445032156,-14.886499999999998,-9.985799999999998,6.3955,3.6776,7.377476669566635,17.925514884934266,0,07_315_318_12269_ego_315,0,12269,12269,12269,vehicle_vehicle,0.2933907283478527,2.8467108791260154,0.8132500789188812,14.870822391851764,15.0,3.0,3.5,0.8,0.12860956418556124,0.46299443106802046
7,315,12230,341,109.8134,-48.1681,151.1412,1.925,4.0346,-1.918,1.2299,2.8495,-1.5941,2.2734,0.1514,-3.265,-0.0208,car,315,109.8134,-48.1681,-1.918,1.2299,2.2734,0.1514,151.1412,2.278459569533767,8.20245445032156,0.0,0.0,0.0,0.0,0.0,0.0,1,07_315_318_12269_ego_315,1,12269,12269,12269,vehicle_vehicle,0.2933907283478527,2.8467108791260154,0.8132500789188812,14.870822391851764,15.0,3.0,3.5,0.8,0.12860956418556124,0.46299443106802046
7,318,12230,228,130.5659,-57.0065,160.4307,2.2707,6.3697,-5.2487,2.0333,0.1395,-0.0948,5.6265,0.1578,-0.1632,-0.0426,van,315,109.8134,-48.1681,-1.918,1.2299,2.2734,0.1514,151.1412,2.278459569533767,8.20245445032156,20.752499999999998,-8.8384,-3.3307,0.8034000000000001,3.4262244599558858,22.556231307778344,0,07_315_318_12269_ego_315,1,12269,12269,12269,vehicle_vehicle,0.2933907283478527,2.8467108791260154,0.8132500789188812,14.870822391851764,15.0,3.0,3.5,0.8,0.12860956418556124,0.46299443106802046
7,309,12231,461,97.683,-64.4975,34.0673,2.0174,4.3163,5.9026,3.914,0.8577,-0.0258,7.0821,0.0642,0.6961,0.5018,car,315,109.7393,-48.1195,-1.7959,1.1591,2.1326,0.1435,151.0124,2.1374680395271413,7.694884942297708,-12.056299999999993,-16.378,7.698499999999999,2.7549,8.176574848920543,20.33699224787185,0,07_315_318_12269_ego_315,0,12269,12269,12269,vehicle_vehicle,0.2933907283478527,2.8467108791260154,0.8132500789188812,14.870822391851764,15.0,3.0,3.5,0.8,0.12860956418556124,0.46299443106802046
7,311,12231,436,95.1027,-57.9555,45.1278,2.0722,5.0047,4.3856,4.9746,-2.2932,1.6384,6.6195,-0.4017,-0.4568,-2.7811,car,315,109.7393,-48.1195,-1.7959,1.1591,2.1326,0.1435,151.0124,2.1374680395271413,7.694884942297708,-14.636600000000001,-9.835999999999999,6.1815,3.8154999999999997,7.264226214814624,17.634538711290407,0,07_315_318_12269_ego_315,0,12269,12269,12269,vehicle_vehicle,0.2933907283478527,2.8467108791260154,0.8132500789188812,14.870822391851764,15.0,3.0,3.5,0.8,0.12860956418556124,0.46299443106802046
7,315,12231,342,109.7393,-48.1195,151.0124,1.925,4.0346,-1.7959,1.1591,2.8134,-1.6023,2.1326,0.1435,-3.2374,-0.0382,car,315,109.7393,-48.1195,-1.7959,1.1591,2.1326,0.1435,151.0124,2.1374680395271413,7.694884942297708,0.0,0.0,0.0,0.0,0.0,0.0,1,07_315_318_12269_ego_315,1,12269,12269,12269,vehicle_vehicle,0.2933907283478527,2.8467108791260154,0.8132500789188812,14.870822391851764,15.0,3.0,3.5,0.8,0.12860956418556124,0.46299443106802046
7,318,12231,229,130.3576,-56.9258,160.4417,2.2707,6.3697,-5.2387,2.0273,0.1519,-0.1005,5.6151,0.1566,-0.1767,-0.0438,van,315,109.7393,-48.1195,-1.7959,1.1591,2.1326,0.1435,151.0124,2.1374680395271413,7.694884942297708,20.61829999999999,-8.8063,-3.4427999999999996,0.8681999999999999,3.550583484443085,22.420196577639537,0,07_315_318_12269_ego_315,1,12269,12269,12269,vehicle_vehicle,0.2933907283478527,2.8467108791260154,0.8132500789188812,14.870822391851764,15.0,3.0,3.5,0.8,0.12860956418556124,0.46299443106802046
7,309,12232,462,97.9184,-64.3388,34.2034,2.0174,4.3163,5.9378,3.9164,0.9137,-0.1771,7.1124,0.0988,0.6561,0.6601,car,315,109.6708,-48.0741,-1.6757,1.0878,1.9933,0.1351,150.8858,1.9978186429203229,7.192147114513163,-11.752399999999994,-16.264700000000005,7.6135,2.8286,8.121967754799327,20.06637415802865,0,07_315_318_12269_ego_315,0,12269,12269,12269,vehicle_vehicle,0.2933907283478527,2.8467108791260154,0.8132500789188812,14.870822391851764,15.0,3.0,3.5,0.8,0.12860956418556124,0.46299443106802046
7,311,12232,437,95.2761,-57.755,46.0626,2.0722,5.0047,4.2931,5.0404,-2.3079,1.6091,6.6084,-0.4059,-0.4427,-2.7784,car,315,109.6708,-48.0741,-1.6757,1.0878,1.9933,0.1351,150.8858,1.9978186429203229,7.192147114513163,-14.3947,-9.680900000000001,5.9688,3.9526,7.1588840052063984,17.34725375671896,0,07_315_318_12269_ego_315,0,12269,12269,12269,vehicle_vehicle,0.2933907283478527,2.8467108791260154,0.8132500789188812,14.870822391851764,15.0,3.0,3.5,0.8,0.12860956418556124,0.46299443106802046
7,315,12232,343,109.6708,-48.0741,150.8858,1.925,4.0346,-1.6757,1.0878,2.7694,-1.6034,1.9933,0.1351,-3.1996,-0.0534,car,315,109.6708,-48.0741,-1.6757,1.0878,1.9933,0.1351,150.8858,1.9978186429203229,7.192147114513163,0.0,0.0,0.0,0.0,0.0,0.0,1,07_315_318_12269_ego_315,1,12269,12269,12269,vehicle_vehicle,0.2933907283478527,2.8467108791260154,0.8132500789188812,14.870822391851764,15.0,3.0,3.5,0.8,0.12860956418556124,0.46299443106802046
7,318,12232,230,130.1508,-56.846,160.4488,2.2707,6.3697,-5.2292,2.0217,0.1603,-0.1042,5.6042,0.1552,-0.186,-0.0445,van,315,109.6708,-48.0741,-1.6757,1.0878,1.9933,0.1351,150.8858,1.9978186429203229,7.192147114513163,20.480000000000004,-8.771899999999995,-3.5534999999999997,0.9339,3.6741708534035262,22.279511431133315,0,07_315_318_12269_ego_315,1,12269,12269,12269,vehicle_vehicle,0.2933907283478527,2.8467108791260154,0.8132500789188812,14.870822391851764,15.0,3.0,3.5,0.8,0.12860956418556124,0.46299443106802046
7,309,12233,463,98.1552,-64.1804,34.2669,2.0174,4.3163,5.9759,3.9119,0.9686,-0.3314,7.1412,0.1318,0.6138,0.8193,car,315,109.6067,-48.0315,-1.5575,1.0164,1.8555,0.1259,150.7565,1.8598051537728355,6.695298553582208,-11.45150000000001,-16.148900000000005,7.5334,2.8955,8.070689921561849,19.797066031611866,0,07_315_318_12269_ego_315,0,12269,12269,12269,vehicle_vehicle,0.2933907283478527,2.8467108791260154,0.8132500789188812,14.870822391851764,15.0,3.0,3.5,0.8,0.12860956418556124,0.46299443106802046
7,311,12233,438,95.4453,-57.5516,46.9973,2.0722,5.0047,4.2003,5.1048,-2.3219,1.5796,6.598,-0.4099,-0.4284,-2.7754,car,315,109.6067,-48.0315,-1.5575,1.0164,1.8555,0.1259,150.7565,1.8598051537728355,6.695298553582208,-14.1614,-9.5201,5.7578000000000005,4.0884,7.061676528983751,17.063925514663968,0,07_315_318_12269_ego_315,0,12269,12269,12269,vehicle_vehicle,0.2933907283478527,2.8467108791260154,0.8132500789188812,14.870822391851764,15.0,3.0,3.5,0.8,0.12860956418556124,0.46299443106802046
7,315,12233,344,109.6067,-48.0315,150.7565,1.925,4.0346,-1.5575,1.0164,2.7178,-1.5973,1.8555,0.1259,-3.1518,-0.066,car,315,109.6067,-48.0315,-1.5575,1.0164,1.8555,0.1259,150.7565,1.8598051537728355,6.695298553582208,0.0,0.0,0.0,0.0,0.0,0.0,1,07_315_318_12269_ego_315,1,12269,12269,12269,vehicle_vehicle,0.2933907283478527,2.8467108791260154,0.8132500789188812,14.870822391851764,15.0,3.0,3.5,0.8,0.12860956418556124,0.46299443106802046
7,318,12233,231,129.9439,-56.7656,160.4553,2.2707,6.3697,-5.2202,2.016,0.1658,-0.1064,5.5939,0.1535,-0.1918,-0.0448,van,315,109.6067,-48.0315,-1.5575,1.0164,1.8555,0.1259,150.7565,1.8598051537728355,6.695298553582208,20.33720000000001,-8.734099999999998,-3.6627,0.9996,3.7966526638606277,22.133373142157986,0,07_315_318_12269_ego_315,1,12269,12269,12269,vehicle_vehicle,0.2933907283478527,2.8467108791260154,0.8132500789188812,14.870822391851764,15.0,3.0,3.5,0.8,0.12860956418556124,0.46299443106802046
7,309,12234,464,98.394,-64.0223,34.2759,2.0174,4.3163,6.0165,3.9006,1.0217,-0.4881,7.1684,0.1652,0.5694,0.9787,car,315,109.5465,-47.9912,-1.4414,0.9448,1.7195,0.1166,150.6357,1.723450318402013,6.204421146247246,-11.15249999999999,-16.031100000000002,7.4578999999999995,2.9558,8.022283094605923,19.52881008817485,0,07_315_318_12269_ego_315,0,12269,12269,12269,vehicle_vehicle,0.2933907283478527,2.8467108791260154,0.8132500789188812,14.870822391851764,15.0,3.0,3.5,0.8,0.12860956418556124,0.46299443106802046
7,311,12234,439,95.6107,-57.3457,47.9388,2.0722,5.0047,4.1072,5.1679,-2.3356,1.5502,6.5883,-0.4128,-0.4137,-2.7725,car,315,109.5465,-47.9912,-1.4414,0.9448,1.7195,0.1166,150.6357,1.723450318402013,6.204421146247246,-13.9358,-9.354500000000002,5.5485999999999995,4.2231000000000005,6.972914424399599,16.784313864141126,0,07_315_318_12269_ego_315,0,12269,12269,12269,vehicle_vehicle,0.2933907283478527,2.8467108791260154,0.8132500789188812,14.870822391851764,15.0,3.0,3.5,0.8,0.12860956418556124,0.46299443106802046
7,315,12234,345,109.5465,-47.9912,150.6357,1.925,4.0346,-1.4414,0.9448,2.6589,-1.5837,1.7195,0.1166,-3.0939,-0.0764,car,315,109.5465,-47.9912,-1.4414,0.9448,1.7195,0.1166,150.6357,1.723450318402013,6.204421146247246,0.0,0.0,0.0,0.0,0.0,0.0,1,07_315_318_12269_ego_315,1,12269,12269,12269,vehicle_vehicle,0.2933907283478527,2.8467108791260154,0.8132500789188812,14.870822391851764,15.0,3.0,3.5,0.8,0.12860956418556124,0.46299443106802046
7,318,12234,232,129.7358,-56.6854,160.4566,2.2707,6.3697,-5.2113,2.0104,0.1689,-0.1071,5.5836,0.1513,-0.195,-0.0444,van,315,109.5465,-47.9912,-1.4414,0.9448,1.7195,0.1166,150.6357,1.723450318402013,6.204421146247246,20.189300000000017,-8.694200000000002,-3.7699,1.0656000000000003,3.9176076079668825,21.981741244269088,0,07_315_318_12269_ego_315,1,12269,12269,12269,vehicle_vehicle,0.2933907283478527,2.8467108791260154,0.8132500789188812,14.870822391851764,15.0,3.0,3.5,0.8,0.12860956418556124,0.46299443106802046
7,309,12235,465,98.6348,-63.8642,34.2078,2.0174,4.3163,6.0595,3.882,1.0728,-0.6461,7.1937,0.1963,0.524,1.1374,car,315,109.4916,-47.9552,-1.3279,0.8739,1.5861,0.1074,150.5257,1.5896602215567954,5.722776797604464,-10.856800000000007,-15.908999999999999,7.3873999999999995,3.0081,7.976361599752107,19.26048772071985,0,07_315_318_12269_ego_315,0,12269,12269,12269,vehicle_vehicle,0.2933907283478527,2.8467108791260154,0.8132500789188812,14.870822391851764,15.0,3.0,3.5,0.8,0.12860956418556124,0.46299443106802046
7,311,12235,440,95.7726,-57.137,48.8815,2.0722,5.0047,4.0138,5.2295,-2.3492,1.521,6.5792,-0.4152,-0.399,-2.77,car,315,109.4916,-47.9552,-1.3279,0.8739,1.5861,0.1074,150.5257,1.5896602215567954,5.722776797604464,-13.719000000000008,-9.181800000000003,5.3416999999999994,4.3556,6.89238784819891,16.508071124150156,0,07_315_318_12269_ego_315,0,12269,12269,12269,vehicle_vehicle,0.2933907283478527,2.8467108791260154,0.8132500789188812,14.870822391851764,15.0,3.0,3.5,0.8,0.12860956418556124,0.46299443106802046
7,315,12235,346,109.4916,-47.9552,150.5257,1.925,4.0346,-1.3279,0.8739,2.5927,-1.5624,1.5861,0.1074,-3.0259,-0.0845,car,315,109.4916,-47.9552,-1.3279,0.8739,1.5861,0.1074,150.5257,1.5896602215567954,5.722776797604464,0.0,0.0,0.0,0.0,0.0,0.0,1,07_315_318_12269_ego_315,1,12269,12269,12269,vehicle_vehicle,0.2933907283478527,2.8467108791260154,0.8132500789188812,14.870822391851764,15.0,3.0,3.5,0.8,0.12860956418556124,0.46299443106802046
7,318,12235,233,129.5289,-56.6061,160.4614,2.2707,6.3697,-5.2028,2.0051,0.1699,-0.1067,5.5738,0.1496,-0.1958,-0.0437,van,315,109.4916,-47.9552,-1.3279,0.8739,1.5861,0.1074,150.5257,1.5896602215567954,5.722776797604464,20.037299999999988,-8.6509,-3.8749,1.1312000000000002,4.036640118960322,21.825019177540245,0,07_315_318_12269_ego_315,1,12269,12269,12269,vehicle_vehicle,0.2933907283478527,2.8467108791260154,0.8132500789188812,14.870822391851764,15.0,3.0,3.5,0.8,0.12860956418556124,0.46299443106802046
7,309,12236,466,98.8771,-63.7069,34.0746,2.0174,4.3163,6.105,3.856,1.1215,-0.8045,7.2172,0.2265,0.4782,1.2947,car,315,109.4419,-47.922,-1.2176,0.8041,1.4559,0.0982,150.4154,1.459152689063074,5.252949680627066,-10.564800000000005,-15.7849,7.3226,3.0519,7.933130805047904,18.994158761313965,0,07_315_318_12269_ego_315,0,12269,12269,12269,vehicle_vehicle,0.2933907283478527,2.8467108791260154,0.8132500789188812,14.870822391851764,15.0,3.0,3.5,0.8,0.12860956418556124,0.46299443106802046
7,311,12236,441,95.9311,-56.926,49.8192,2.0722,5.0047,3.92,5.2897,-2.3628,1.4923,6.5706,-0.418,-0.3844,-2.768,car,315,109.4419,-47.922,-1.2176,0.8041,1.4559,0.0982,150.4154,1.459152689063074,5.252949680627066,-13.510800000000003,-9.004000000000005,5.1376,4.4856,6.820230283502163,16.236185901867476,0,07_315_318_12269_ego_315,0,12269,12269,12269,vehicle_vehicle,0.2933907283478527,2.8467108791260154,0.8132500789188812,14.870822391851764,15.0,3.0,3.5,0.8,0.12860956418556124,0.46299443106802046
7,315,12236,347,109.4419,-47.922,150.4154,1.925,4.0346,-1.2176,0.8041,2.5197,-1.5338,1.4559,0.0982,-2.9484,-0.0898,car,315,109.4419,-47.922,-1.2176,0.8041,1.4559,0.0982,150.4154,1.459152689063074,5.252949680627066,0.0,0.0,0.0,0.0,0.0,0.0,1,07_315_318_12269_ego_315,1,12269,12269,12269,vehicle_vehicle,0.2933907283478527,2.8467108791260154,0.8132500789188812,14.870822391851764,15.0,3.0,3.5,0.8,0.12860956418556124,0.46299443106802046
7,318,12236,234,129.3232,-56.5267,160.4572,2.2707,6.3697,-5.1951,2.0002,0.1697,-0.1054,5.5649,0.1471,-0.1952,-0.0426,van,315,109.4419,-47.922,-1.2176,0.8041,1.4559,0.0982,150.4154,1.459152689063074,5.252949680627066,19.88130000000001,-8.604700000000001,-3.9775,1.1961,4.15345175245843,21.663493526668326,0,07_315_318_12269_ego_315,1,12269,12269,12269,vehicle_vehicle,0.2933907283478527,2.8467108791260154,0.8132500789188812,14.870822391851764,15.0,3.0,3.5,0.8,0.12860956418556124,0.46299443106802046
7,309,12237,467,99.1222,-63.5512,33.865,2.0174,4.3163,6.1524,3.8229,1.1677,-0.9624,7.2389,0.254,0.4333,1.4498,car,315,109.3959,-47.8918,-1.1105,0.7358,1.3292,0.0892,150.3102,1.3321455963970306,4.79572414702931,-10.273699999999991,-15.659399999999998,7.2629,3.0871000000000004,7.891761705728323,18.72874048221075,0,07_315_318_12269_ego_315,0,12269,12269,12269,vehicle_vehicle,0.2933907283478527,2.8467108791260154,0.8132500789188812,14.870822391851764,15.0,3.0,3.5,0.8,0.12860956418556124,0.46299443106802046
7,311,12237,442,96.0861,-56.7132,50.7643,2.0722,5.0047,3.8255,5.3488,-2.3766,1.4642,6.5626,-0.4201,-0.3691,-2.7669,car,315,109.3959,-47.8918,-1.1105,0.7358,1.3292,0.0892,150.3102,1.3321455963970306,4.79572414702931,-13.309799999999996,-8.821399999999997,4.936,4.6129999999999995,6.75602434868318,15.967713486908506,0,07_315_318_12269_ego_315,0,12269,12269,12269,vehicle_vehicle,0.2933907283478527,2.8467108791260154,0.8132500789188812,14.870822391851764,15.0,3.0,3.5,0.8,0.12860956418556124,0.46299443106802046
7,315,12237,348,109.3959,-47.8918,150.3102,1.925,4.0346,-1.1105,0.7358,2.4401,-1.498,1.3292,0.0892,-2.8618,-0.0928,car,315,109.3959,-47.8918,-1.1105,0.7358,1.3292,0.0892,150.3102,1.3321455963970306,4.79572414702931,0.0,0.0,0.0,0.0,0.0,0.0,1,07_315_318_12269_ego_315,1,12269,12269,12269,vehicle_vehicle,0.2933907283478527,2.8467108791260154,0.8132500789188812,14.870822391851764,15.0,3.0,3.5,0.8,0.12860956418556124,0.46299443106802046
7,318,12237,235,129.118,-56.4469,160.4506,2.2707,6.3697,-5.1885,1.9954,0.1691,-0.1035,5.5571,0.1441,-0.194,-0.041,van,315,109.3959,-47.8918,-1.1105,0.7358,1.3292,0.0892,150.3102,1.3321455963970306,4.79572414702931,19.722099999999998,-8.555099999999996,-4.078,1.2596,4.268099830135186,21.497696723602736,0,07_315_318_12269_ego_315,1,12269,12269,12269,vehicle_vehicle,0.2933907283478527,2.8467108791260154,0.8132500789188812,14.870822391851764,15.0,3.0,3.5,0.8,0.12860956418556124,0.46299443106802046
7,309,12238,468,99.3696,-63.3975,33.5897,2.0174,4.3163,6.2015,3.7828,1.2114,-1.119,7.2588,0.2798,0.39,1.6024,car,315,109.3541,-47.8647,-1.0069,0.6693,1.2063,0.0808,150.2153,1.2090533900535574,4.352592204192807,-9.984499999999997,-15.532800000000002,7.2084,3.1135,7.852064238784601,18.465051207348438,0,07_315_318_12269_ego_315,0,12269,12269,12269,vehicle_vehicle,0.2933907283478527,2.8467108791260154,0.8132500789188812,14.870822391851764,15.0,3.0,3.5,0.8,0.12860956418556124,0.46299443106802046
7,311,12238,443,96.2373,-56.4983,51.7142,2.0722,5.0047,3.7305,5.4068,-2.3904,1.4368,6.5553,-0.4218,-0.3533,-2.7665,car,315,109.3541,-47.8647,-1.0069,0.6693,1.2063,0.0808,150.2153,1.2090533900535574,4.352592204192807,-13.116799999999998,-8.633600000000001,4.7374,4.7375,6.699766041437566,15.703168189890851,0,07_315_318_12269_ego_315,0,12269,12269,12269,vehicle_vehicle,0.2933907283478527,2.8467108791260154,0.8132500789188812,14.870822391851764,15.0,3.0,3.5,0.8,0.12860956418556124,0.46299443106802046
7,315,12238,349,109.3541,-47.8647,150.2153,1.925,4.0346,-1.0069,0.6693,2.3544,-1.4555,1.2063,0.0808,-2.7664,-0.0937,car,315,109.3541,-47.8647,-1.0069,0.6693,1.2063,0.0808,150.2153,1.2090533900535574,4.352592204192807,0.0,0.0,0.0,0.0,0.0,0.0,1,07_315_318_12269_ego_315,1,12269,12269,12269,vehicle_vehicle,0.2933907283478527,2.8467108791260154,0.8132500789188812,14.870822391851764,15.0,3.0,3.5,0.8,0.12860956418556124,0.46299443106802046
7,318,12238,236,128.9119,-56.3679,160.4564,2.2707,6.3697,-5.1825,1.9909,0.169,-0.1011,5.5499,0.1425,-0.1931,-0.0388,van,315,109.3541,-47.8647,-1.0069,0.6693,1.2063,0.0808,150.2153,1.2090533900535574,4.352592204192807,19.5578,-8.5032,-4.1756,1.3215999999999999,4.379755920139843,21.32632061749049,0,07_315_318_12269_ego_315,1,12269,12269,12269,vehicle_vehicle,0.2933907283478527,2.8467108791260154,0.8132500789188812,14.870822391851764,15.0,3.0,3.5,0.8,0.12860956418556124,0.46299443106802046
7,309,12239,469,99.6177,-63.2463,33.2686,2.0174,4.3163,6.2527,3.7362,1.2526,-1.2739,7.2775,0.3062,0.3484,1.7523,car,315,109.3165,-47.8403,-0.9069,0.6051,1.0878,0.0728,150.1197,1.0902355800468082,3.9248480881685097,-9.698800000000006,-15.405999999999999,7.1596,3.1311,7.814323986756627,18.20471250638142,0,07_315_318_12269_ego_315,0,12269,12269,12269,vehicle_vehicle,0.2933907283478527,2.8467108791260154,0.8132500789188812,14.870822391851764,15.0,3.0,3.5,0.8,0.12860956418556124,0.46299443106802046
7,311,12239,444,96.3848,-56.2814,52.6696,2.0722,5.0047,3.6348,5.4639,-2.4042,1.4098,6.5488,-0.4231,-0.3369,-2.7666,car,315,109.3165,-47.8403,-0.9069,0.6051,1.0878,0.0728,150.1197,1.0902355800468082,3.9248480881685097,-12.931700000000006,-8.441099999999999,4.5417,4.8588,6.650938003770595,15.442831155588024,0,07_315_318_12269_ego_315,0,12269,12269,12269,vehicle_vehicle,0.2933907283478527,2.8467108791260154,0.8132500789188812,14.870822391851764,15.0,3.0,3.5,0.8,0.12860956418556124,0.46299443106802046
7,315,12239,350,109.3165,-47.8403,150.1197,1.925,4.0346,-0.9069,0.6051,2.2628,-1.4067,1.0878,0.0728,-2.6628,-0.0924,car,315,109.3165,-47.8403,-0.9069,0.6051,1.0878,0.0728,150.1197,1.0902355800468082,3.9248480881685097,0.0,0.0,0.0,0.0,0.0,0.0,1,07_315_318_12269_ego_315,1,12269,12269,12269,vehicle_vehicle,0.2933907283478527,2.8467108791260154,0.8132500789188812,14.870822391851764,15.0,3.0,3.5,0.8,0.12860956418556124,0.46299443106802046
7,318,12239,237,128.7056,-56.2886,160.4639,2.2707,6.3697,-5.1767,1.9866,0.1697,-0.0985,5.543,0.1411,-0.1928,-0.0361,van,315,109.3165,-47.8403,-0.9069,0.6051,1.0878,0.0728,150.1197,1.0902355800468082,3.9248480881685097,19.3891,-8.448300000000003,-4.2698,1.3815,4.487731530517395,21.149727461601014,0,07_315_318_12269_ego_315,1,12269,12269,12269,vehicle_vehicle,0.2933907283478527,2.8467108791260154,0.8132500789188812,14.870822391851764,15.0,3.0,3.5,0.8,0.12860956418556124,0.46299443106802046
7,309,12240,470,99.8683,-63.0974,32.8529,2.0174,4.3163,6.3058,3.6831,1.2908,-1.4269,7.2954,0.3268,0.3103,1.8989,car,315,109.283,-47.8193,-0.811,0.5436,0.9741,0.0659,150.0395,0.976330866049005,3.514791117776418,-9.414699999999996,-15.278100000000002,7.1168,3.1395,7.778515442550718,17.94594426883133,0,07_315_318_12269_ego_315,0,12269,12269,12269,vehicle_vehicle,0.2933907283478527,2.8467108791260154,0.8132500789188812,14.870822391851764,15.0,3.0,3.5,0.8,0.12860956418556124,0.46299443106802046
7,311,12240,445,96.5287,-56.0624,53.6334,2.0722,5.0047,3.5384,5.5202,-2.4178,1.383,6.5432,-0.4239,-0.32,-2.767,car,315,109.283,-47.8193,-0.811,0.5436,0.9741,0.0659,150.0395,0.976330866049005,3.514791117776418,-12.7543,-8.243099999999998,4.3494,4.9766,6.609374245720997,15.186206442031532,0,07_315_318_12269_ego_315,0,12269,12269,12269,vehicle_vehicle,0.2933907283478527,2.8467108791260154,0.8132500789188812,14.870822391851764,15.0,3.0,3.5,0.8,0.12860956418556124,0.46299443106802046
7,315,12240,351,109.283,-47.8193,150.0395,1.925,4.0346,-0.811,0.5436,2.1656,-1.3522,0.9741,0.0659,-2.5515,-0.09,car,315,109.283,-47.8193,-0.811,0.5436,0.9741,0.0659,150.0395,0.976330866049005,3.514791117776418,0.0,0.0,0.0,0.0,0.0,0.0,1,07_315_318_12269_ego_315,1,12269,12269,12269,vehicle_vehicle,0.2933907283478527,2.8467108791260154,0.8132500789188812,14.870822391851764,15.0,3.0,3.5,0.8,0.12860956418556124,0.46299443106802046
7,318,12240,238,128.4995,-56.2095,160.4741,2.2707,6.3697,-5.1713,1.9825,0.1716,-0.0956,5.5365,0.1401,-0.1937,-0.0328,van,315,109.283,-47.8193,-0.811,0.5436,0.9741,0.0659,150.0395,0.976330866049005,3.514791117776418,19.21650000000001,-8.3902,-4.3603,1.4388999999999998,4.591584617536738,20.968293404328364,0,07_315_318_12269_ego_315,1,12269,12269,12269,vehicle_vehicle,0.2933907283478527,2.8467108791260154,0.8132500789188812,14.870822391851764,15.0,3.0,3.5,0.8,0.12860956418556124,0.46299443106802046
7,309,12241,471,100.1207,-62.95,32.3664,2.0174,4.3163,6.3608,3.6235,1.3259,-1.5774,7.3123,0.3446,0.2754,2.0422,car,315,109.2534,-47.8017,-0.7195,0.4855,0.8659,0.0605,149.988,0.8679807025504658,3.1247305291816767,-9.1327,-15.148300000000006,7.0803,3.138,7.744526589146686,17.68833520091702,0,07_315_318_12269_ego_315,0,12269,12269,12269,vehicle_vehicle,0.2933907283478527,2.8467108791260154,0.8132500789188812,14.870822391851764,15.0,3.0,3.5,0.8,0.12860956418556124,0.46299443106802046
7,311,12241,446,96.6686,-55.8409,54.5985,2.0722,5.0047,3.4414,5.5756,-2.4312,1.3562,6.5384,-0.4248,-0.303,-2.7673,car,315,109.2534,-47.8017,-0.7195,0.4855,0.8659,0.0605,149.988,0.8679807025504658,3.1247305291816767,-12.584800000000001,-8.039200000000001,4.1609,5.0901,6.57435980305307,14.93338299515552,0,07_315_318_12269_ego_315,0,12269,12269,12269,vehicle_vehicle,0.2933907283478527,2.8467108791260154,0.8132500789188812,14.870822391851764,15.0,3.0,3.5,0.8,0.12860956418556124,0.46299443106802046
7,315,12241,352,109.2534,-47.8017,149.988,1.925,4.0346,-0.7195,0.4855,2.0633,-1.2931,0.8659,0.0605,-2.4335,-0.0877,car,315,109.2534,-47.8017,-0.7195,0.4855,0.8659,0.0605,149.988,0.8679807025504658,3.1247305291816767,0.0,0.0,0.0,0.0,0.0,0.0,1,07_315_318_12269_ego_315,1,12269,12269,12269,vehicle_vehicle,0.2933907283478527,2.8467108791260154,0.8132500789188812,14.870822391851764,15.0,3.0,3.5,0.8,0.12860956418556124,0.46299443106802046
7,318,12241,239,128.2928,-56.1309,160.486,2.2707,6.3697,-5.1658,1.9788,0.1748,-0.0928,5.5301,0.1396,-0.1958,-0.0291,van,315,109.2534,-47.8017,-0.7195,0.4855,0.8659,0.0605,149.988,0.8679807025504658,3.1247305291816767,19.0394,-8.3292,-4.4463,1.4932999999999998,4.6903655060133636,20.781586200287986,0,07_315_318_12269_ego_315,1,12269,12269,12269,vehicle_vehicle,0.2933907283478527,2.8467108791260154,0.8132500789188812,14.870822391851764,15.0,3.0,3.5,0.8,0.12860956418556124,0.46299443106802046
7,309,12242,472,100.3758,-62.8051,31.7925,2.0174,4.3163,6.4173,3.5573,1.3576,-1.7252,7.3286,0.3573,0.245,2.1816,car,315,109.227,-47.7863,-0.6323,0.431,0.7631,0.0565,149.9541,0.7652217260376237,2.7547982137354454,-8.851200000000006,-15.018800000000006,7.0496,3.1263,7.711719124164209,17.432960014868396,0,07_315_318_12269_ego_315,0,12269,12269,12269,vehicle_vehicle,0.2933907283478527,2.8467108791260154,0.8132500789188812,14.870822391851764,15.0,3.0,3.5,0.8,0.12860956418556124,0.46299443106802046
7,311,12242,447,96.8042,-55.6169,55.5802,2.0722,5.0047,3.3438,5.63,-2.4443,1.3293,6.5344,-0.424,-0.2851,-2.7677,car,315,109.227,-47.7863,-0.6323,0.431,0.7631,0.0565,149.9541,0.7652217260376237,2.7547982137354454,-12.42280000000001,-7.830600000000004,3.9760999999999997,5.199,6.54514875384815,14.68483081959068,0,07_315_318_12269_ego_315,0,12269,12269,12269,vehicle_vehicle,0.2933907283478527,2.8467108791260154,0.8132500789188812,14.870822391851764,15.0,3.0,3.5,0.8,0.12860956418556124,0.46299443106802046
7,315,12242,353,109.227,-47.7863,149.9541,1.925,4.0346,-0.6323,0.431,1.9562,-1.2307,0.7631,0.0565,-2.3095,-0.0859,car,315,109.227,-47.7863,-0.6323,0.431,0.7631,0.0565,149.9541,0.7652217260376237,2.7547982137354454,0.0,0.0,0.0,0.0,0.0,0.0,1,07_315_318_12269_ego_315,1,12269,12269,12269,vehicle_vehicle,0.2933907283478527,2.8467108791260154,0.8132500789188812,14.870822391851764,15.0,3.0,3.5,0.8,0.12860956418556124,0.46299443106802046
7,318,12242,240,128.0854,-56.0511,160.4906,2.2707,6.3697,-5.1598,1.975,0.1792,-0.0899,5.5231,0.1384,-0.199,-0.0249,van,315,109.227,-47.7863,-0.6323,0.431,0.7631,0.0565,149.9541,0.7652217260376237,2.7547982137354454,18.85839999999999,-8.264800000000001,-4.5275,1.544,4.783533448194963,20.58995312282181,0,07_315_318_12269_ego_315,1,12269,12269,12269,vehicle_vehicle,0.2933907283478527,2.8467108791260154,0.8132500789188812,14.870822391851764,15.0,3.0,3.5,0.8,0.12860956418556124,0.46299443106802046
7,309,12243,473,100.6335,-62.6628,31.154,2.0174,4.3163,6.4751,3.4847,1.3858,-1.8697,7.3441,0.3677,0.2187,2.317,car,315,109.2062,-47.7707,-0.5506,0.3792,0.6665,0.0522,149.9278,0.6685454360026698,2.4067635696096112,-8.572699999999998,-14.8921,7.0257000000000005,3.1055,7.6814445737764725,17.183300838313922,0,07_315_318_12269_ego_315,0,12269,12269,12269,vehicle_vehicle,0.2933907283478527,2.8467108791260154,0.8132500789188812,14.870822391851764,15.0,3.0,3.5,0.8,0.12860956418556124,0.46299443106802046
7,311,12243,448,96.9355,-55.3907,56.5671,2.0722,5.0047,3.246,5.6833,-2.4571,1.3023,6.5313,-0.4224,-0.267,-2.768,car,315,109.2062,-47.7707,-0.5506,0.3792,0.6665,0.0522,149.9278,0.6685454360026698,2.4067635696096112,-12.27069999999999,-7.6200000000000045,3.7965999999999998,5.3041,6.52285584464351,14.44418493685261,0,07_315_318_12269_ego_315,0,12269,12269,12269,vehicle_vehicle,0.2933907283478527,2.8467108791260154,0.8132500789188812,14.870822391851764,15.0,3.0,3.5,0.8,0.12860956418556124,0.46299443106802046
7,315,12243,354,109.2062,-47.7707,149.9278,1.925,4.0346,-0.5506,0.3792,1.845,-1.1655,0.6665,0.0522,-2.1807,-0.0841,car,315,109.2062,-47.7707,-0.5506,0.3792,0.6665,0.0522,149.9278,0.6685454360026698,2.4067635696096112,0.0,0.0,0.0,0.0,0.0,0.0,1,07_315_318_12269_ego_315,1,12269,12269,12269,vehicle_vehicle,0.2933907283478527,2.8467108791260154,0.8132500789188812,14.870822391851764,15.0,3.0,3.5,0.8,0.12860956418556124,0.46299443106802046
7,318,12243,241,127.8785,-55.9723,160.4976,2.2707,6.3697,-5.1533,1.9713,0.1845,-0.0869,5.5158,0.1377,-0.2029,-0.0203,van,315,109.2062,-47.7707,-0.5506,0.3792,0.6665,0.0522,149.9278,0.6685454360026698,2.4067635696096112,18.672300000000007,-8.2016,-4.6027,1.5921,4.87028024860993,20.394142047411563,0,07_315_318_12269_ego_315,1,12269,12269,12269,vehicle_vehicle,0.2933907283478527,2.8467108791260154,0.8132500789188812,14.870822391851764,15.0,3.0,3.5,0.8,0.12860956418556124,0.46299443106802046
7,309,12244,474,100.8937,-62.5234,30.4287,2.0174,4.3163,6.534,3.4057,1.4105,-2.0103,7.3589,0.3726,0.1981,2.4478,car,315,109.189,-47.7579,-0.4747,0.3306,0.5765,0.0482,149.9205,0.5784777005209449,2.0825197218754017,-8.295299999999997,-14.765500000000003,7.0087,3.0751,7.653634149866324,16.936115030903636,0,07_315_318_12269_ego_315,0,12269,12269,12269,vehicle_vehicle,0.2933907283478527,2.8467108791260154,0.8132500789188812,14.870822391851764,15.0,3.0,3.5,0.8,0.12860956418556124,0.46299443106802046
7,311,12244,449,97.0627,-55.1616,57.5613,2.0722,5.0047,3.1479,5.7353,-2.47,1.2752,6.5289,-0.4197,-0.2487,-2.7686,car,315,109.189,-47.7579,-0.4747,0.3306,0.5765,0.0482,149.9205,0.5784777005209449,2.0825197218754017,-12.126299999999986,-7.403700000000001,3.6226,5.4047,6.506459317478286,14.207812125024729,0,07_315_318_12269_ego_315,0,12269,12269,12269,vehicle_vehicle,0.2933907283478527,2.8467108791260154,0.8132500789188812,14.870822391851764,15.0,3.0,3.5,0.8,0.12860956418556124,0.46299443106802046
7,315,12244,355,109.189,-47.7579,149.9205,1.925,4.0346,-0.4747,0.3306,1.7311,-1.0982,0.5765,0.0482,-2.0484,-0.0827,car,315,109.189,-47.7579,-0.4747,0.3306,0.5765,0.0482,149.9205,0.5784777005209449,2.0825197218754017,0.0,0.0,0.0,0.0,0.0,0.0,1,07_315_318_12269_ego_315,1,12269,12269,12269,vehicle_vehicle,0.2933907283478527,2.8467108791260154,0.8132500789188812,14.870822391851764,15.0,3.0,3.5,0.8,0.12860956418556124,0.46299443106802046
7,318,12244,242,127.673,-55.8942,160.5028,2.2707,6.3697,-5.1469,1.968,0.1906,-0.084,5.5086,0.1373,-0.2077,-0.0155,van,315,109.189,-47.7579,-0.4747,0.3306,0.5765,0.0482,149.9205,0.5784777005209449,2.0825197218754017,18.48400000000001,-8.136299999999999,-4.672199999999999,1.6374,4.9508112062570095,20.195485477947795,0,07_315_318_12269_ego_315,1,12269,12269,12269,vehicle_vehicle,0.2933907283478527,2.8467108791260154,0.8132500789188812,14.870822391851764,15.0,3.0,3.5,0.8,0.12860956418556124,0.46299443106802046
7,309,12245,475,101.1565,-62.3871,29.6732,2.0174,4.3163,6.5938,3.3205,1.4318,-2.1463,7.3729,0.3792,0.1815,2.5737,car,315,109.1744,-47.7471,-0.4046,0.2854,0.4931,0.0442,149.92,0.49513060903159684,1.7824701925137487,-8.017900000000012,-14.639999999999993,6.9984,3.0351,7.628199956084004,16.691803989083983,0,07_315_318_12269_ego_315,0,12269,12269,12269,vehicle_vehicle,0.2933907283478527,2.8467108791260154,0.8132500789188812,14.870822391851764,15.0,3.0,3.5,0.8,0.12860956418556124,0.46299443106802046
7,311,12245,450,97.1862,-54.9303,58.5698,2.0722,5.0047,3.0494,5.7858,-2.4832,1.2485,6.527,-0.4151,-0.2296,-2.7699,car,315,109.1744,-47.7471,-0.4046,0.2854,0.4931,0.0442,149.92,0.49513060903159684,1.7824701925137487,-11.988200000000006,-7.183199999999999,3.4539999999999997,5.5004,6.494960828211361,13.975525087809766,0,07_315_318_12269_ego_315,0,12269,12269,12269,vehicle_vehicle,0.2933907283478527,2.8467108791260154,0.8132500789188812,14.870822391851764,15.0,3.0,3.5,0.8,0.12860956418556124,0.46299443106802046
7,315,12245,356,109.1744,-47.7471,149.92,1.925,4.0346,-0.4046,0.2854,1.6156,-1.0291,0.4931,0.0442,-1.9139,-0.0808,car,315,109.1744,-47.7471,-0.4046,0.2854,0.4931,0.0442,149.92,0.49513060903159684,1.7824701925137487,0.0,0.0,0.0,0.0,0.0,0.0,1,07_315_318_12269_ego_315,1,12269,12269,12269,vehicle_vehicle,0.2933907283478527,2.8467108791260154,0.8132500789188812,14.870822391851764,15.0,3.0,3.5,0.8,0.12860956418556124,0.46299443106802046
7,318,12245,243,127.4677,-55.8155,160.5026,2.2707,6.3697,-5.1404,1.9648,0.1977,-0.0812,5.5014,0.1364,-0.2135,-0.0105,van,315,109.1744,-47.7471,-0.4046,0.2854,0.4931,0.0442,149.92,0.49513060903159684,1.7824701925137487,18.293299999999988,-8.068399999999997,-4.735799999999999,1.6794000000000002,5.024757307572178,19.99359656114926,0,07_315_318_12269_ego_315,1,12269,12269,12269,vehicle_vehicle,0.2933907283478527,2.8467108791260154,0.8132500789188812,14.870822391851764,15.0,3.0,3.5,0.8,0.12860956418556124,0.46299443106802046
7,309,12246,476,101.4217,-62.2544,28.898,2.0174,4.3163,6.6543,3.2291,1.4498,-2.2771,7.3862,0.3887,0.1689,2.6942,car,315,109.1625,-47.7385,-0.3402,0.2436,0.4165,0.0402,149.9109,0.41842203574859677,1.5063193286949483,-7.740799999999993,-14.515899999999995,6.9945,2.9855,7.605014168297124,16.450876494886217,0,07_315_318_12269_ego_315,0,12269,12269,12269,vehicle_vehicle,0.2933907283478527,2.8467108791260154,0.8132500789188812,14.870822391851764,15.0,3.0,3.5,0.8,0.12860956418556124,0.46299443106802046
7,311,12246,451,97.3067,-54.6975,59.5816,2.0722,5.0047,2.9503,5.8351,-2.4966,1.2223,6.5257,-0.4102,-0.21,-2.7718,car,315,109.1625,-47.7385,-0.3402,0.2436,0.4165,0.0402,149.9109,0.41842203574859677,1.5063193286949483,-11.855799999999988,-6.958999999999996,3.2904999999999998,5.5915,6.487854999921006,13.7472788085497,0,07_315_318_12269_ego_315,0,12269,12269,12269,vehicle_vehicle,0.2933907283478527,2.8467108791260154,0.8132500789188812,14.870822391851764,15.0,3.0,3.5,0.8,0.12860956418556124,0.46299443106802046
7,315,12246,357,109.1625,-47.7385,149.9109,1.925,4.0346,-0.3402,0.2436,1.4999,-0.9591,0.4165,0.0402,-1.7786,-0.0779,car,315,109.1625,-47.7385,-0.3402,0.2436,0.4165,0.0402,149.9109,0.41842203574859677,1.5063193286949483,0.0,0.0,0.0,0.0,0.0,0.0,1,07_315_318_12269_ego_315,1,12269,12269,12269,vehicle_vehicle,0.2933907283478527,2.8467108791260154,0.8132500789188812,14.870822391851764,15.0,3.0,3.5,0.8,0.12860956418556124,0.46299443106802046
7,318,12246,244,127.2623,-55.7374,160.5018,2.2707,6.3697,-5.1336,1.9618,0.206,-0.0786,5.494,0.1358,-0.2204,-0.0054,van,315,109.1625,-47.7385,-0.3402,0.2436,0.4165,0.0402,149.9109,0.41842203574859677,1.5063193286949483,18.099800000000002,-7.998899999999999,-4.7934,1.7182,5.092042301473938,19.78851083962611,0,07_315_318_12269_ego_315,1,12269,12269,12269,vehicle_vehicle,0.2933907283478527,2.8467108791260154,0.8132500789188812,14.870822391851764,15.0,3.0,3.5,0.8,0.12860956418556124,0.46299443106802046
7,309,12247,477,101.6894,-62.1249,28.1142,2.0174,4.3163,6.7153,3.1316,1.4647,-2.402,7.3987,0.4023,0.16,2.8088,car,315,109.1531,-47.7316,-0.2817,0.2056,0.3468,0.0366,149.8998,0.34874955197103835,1.2554983870957381,-7.463699999999989,-14.393299999999996,6.997,2.926,7.584160138077254,16.213386524104077,0,07_315_318_12269_ego_315,0,12269,12269,12269,vehicle_vehicle,0.2933907283478527,2.8467108791260154,0.8132500789188812,14.870822391851764,15.0,3.0,3.5,0.8,0.12860956418556124,0.46299443106802046
7,311,12247,452,97.4232,-54.4624,60.5972,2.0722,5.0047,2.8504,5.8831,-2.5101,1.1969,6.5247,-0.4051,-0.1896,-2.7744,car,315,109.1531,-47.7316,-0.2817,0.2056,0.3468,0.0366,149.8998,0.34874955197103835,1.2554983870957381,-11.7299,-6.730800000000002,3.1321,5.6775,6.484138852615665,13.523839049988728,0,07_315_318_12269_ego_315,0,12269,12269,12269,vehicle_vehicle,0.2933907283478527,2.8467108791260154,0.8132500789188812,14.870822391851764,15.0,3.0,3.5,0.8,0.12860956418556124,0.46299443106802046
7,315,12247,358,109.1531,-47.7316,149.8998,1.925,4.0346,-0.2817,0.2056,1.385,-0.889,0.3468,0.0366,-1.6441,-0.0745,car,315,109.1531,-47.7316,-0.2817,0.2056,0.3468,0.0366,149.8998,0.34874955197103835,1.2554983870957381,0.0,0.0,0.0,0.0,0.0,0.0,1,07_315_318_12269_ego_315,1,12269,12269,12269,vehicle_vehicle,0.2933907283478527,2.8467108791260154,0.8132500789188812,14.870822391851764,15.0,3.0,3.5,0.8,0.12860956418556124,0.46299443106802046
7,318,12247,245,127.0577,-55.6599,160.5002,2.2707,6.3697,-5.1267,1.9594,0.2154,-0.0766,5.4867,0.1357,-0.2286,-0.0003,van,315,109.1531,-47.7316,-0.2817,0.2056,0.3468,0.0366,149.8998,0.34874955197103835,1.2554983870957381,17.904600000000002,-7.9283,-4.845,1.7538,5.152653630897384,19.581436159025724,0,07_315_318_12269_ego_315,1,12269,12269,12269,vehicle_vehicle,0.2933907283478527,2.8467108791260154,0.8132500789188812,14.870822391851764,15.0,3.0,3.5,0.8,0.12860956418556124,0.46299443106802046
7,309,12248,478,101.9592,-61.9988,27.3035,2.0174,4.3163,6.777,3.0281,1.4765,-2.52,7.411,0.4179,0.1561,2.9165,car,315,109.1457,-47.7257,-0.2289,0.1709,0.2837,0.0331,149.9001,0.28566067282704494,1.0283784221773618,-7.186500000000009,-14.2731,7.0059000000000005,2.8571999999999997,7.5661236211153735,15.980211696344956,0,07_315_318_12269_ego_315,0,12269,12269,12269,vehicle_vehicle,0.2933907283478527,2.8467108791260154,0.8132500789188812,14.870822391851764,15.0,3.0,3.5,0.8,0.12860956418556124,0.46299443106802046
7,311,12248,453,97.5355,-54.2252,61.6099,2.0722,5.0047,2.7498,5.9297,-2.5235,1.1725,6.524,-0.4003,-0.1683,-2.7775,car,315,109.1457,-47.7257,-0.2289,0.1709,0.2837,0.0331,149.9001,0.28566067282704494,1.0283784221773618,-11.610200000000006,-6.499499999999998,2.9787,5.758800000000001,6.483550811862279,13.30564708272394,0,07_315_318_12269_ego_315,0,12269,12269,12269,vehicle_vehicle,0.2933907283478527,2.8467108791260154,0.8132500789188812,14.870822391851764,15.0,3.0,3.5,0.8,0.12860956418556124,0.46299443106802046
7,315,12248,359,109.1457,-47.7257,149.9001,1.925,4.0346,-0.2289,0.1709,1.2722,-0.8195,0.2837,0.0331,-1.5116,-0.071,car,315,109.1457,-47.7257,-0.2289,0.1709,0.2837,0.0331,149.9001,0.28566067282704494,1.0283784221773618,0.0,0.0,0.0,0.0,0.0,0.0,1,07_315_318_12269_ego_315,1,12269,12269,12269,vehicle_vehicle,0.2933907283478527,2.8467108791260154,0.8132500789188812,14.870822391851764,15.0,3.0,3.5,0.8,0.12860956418556124,0.46299443106802046
7,318,12248,246,126.8533,-55.5819,160.5,2.2707,6.3697,-5.1196,1.9571,0.2264,-0.0753,5.4793,0.1359,-0.2385,0.0046,van,315,109.1457,-47.7257,-0.2289,0.1709,0.2837,0.0331,149.9001,0.28566067282704494,1.0283784221773618,17.7076,-7.856199999999994,-4.8907,1.7862,5.206674267706786,19.372118526377022,0,07_315_318_12269_ego_315,1,12269,12269,12269,vehicle_vehicle,0.2933907283478527,2.8467108791260154,0.8132500789188812,14.870822391851764,15.0,3.0,3.5,0.8,0.12860956418556124,0.46299443106802046
7,309,12249,479,102.2315,-61.8774,26.4316,2.0174,4.3163,6.8391,2.9189,1.4852,-2.6301,7.4235,0.4305,0.1592,3.0162,car,315,109.1401,-47.7209,-0.1816,0.1396,0.2272,0.0297,149.8982,0.2290561503212695,0.8246021411565702,-6.908600000000007,-14.156500000000001,7.020700000000001,2.7792999999999997,7.550810352538329,15.752309234204366,0,07_315_318_12269_ego_315,0,12269,12269,12269,vehicle_vehicle,0.2933907283478527,2.8467108791260154,0.8132500789188812,14.870822391851764,15.0,3.0,3.5,0.8,0.12860956418556124,0.46299443106802046
7,311,12249,454,97.644,-53.9869,62.629,2.0722,5.0047,2.6485,5.9752,-2.5366,1.1495,6.5239,-0.3952,-0.1454,-2.7811,car,315,109.1401,-47.7209,-0.1816,0.1396,0.2272,0.0297,149.8982,0.2290561503212695,0.8246021411565702,-11.496099999999998,-6.265999999999998,2.8301,5.8356,6.485652886949779,13.092863369408539,0,07_315_318_12269_ego_315,0,12269,12269,12269,vehicle_vehicle,0.2933907283478527,2.8467108791260154,0.8132500789188812,14.870822391851764,15.0,3.0,3.5,0.8,0.12860956418556124,0.46299443106802046
7,315,12249,360,109.1401,-47.7209,149.8982,1.925,4.0346,-0.1816,0.1396,1.1625,-0.7512,0.2272,0.0297,-1.3824,-0.0668,car,315,109.1401,-47.7209,-0.1816,0.1396,0.2272,0.0297,149.8982,0.2290561503212695,0.8246021411565702,0.0,0.0,0.0,0.0,0.0,0.0,1,07_315_318_12269_ego_315,1,12269,12269,12269,vehicle_vehicle,0.2933907283478527,2.8467108791260154,0.8132500789188812,14.870822391851764,15.0,3.0,3.5,0.8,0.12860956418556124,0.46299443106802046
7,318,12249,247,126.6488,-55.5043,160.5038,2.2707,6.3697,-5.1122,1.9551,0.2389,-0.0749,5.4716,0.1369,-0.2502,0.0091,van,315,109.1401,-47.7209,-0.1816,0.1396,0.2272,0.0297,149.8982,0.2290561503212695,0.8246021411565702,17.50869999999999,-7.7834,-4.930599999999999,1.8155000000000001,5.254222740805722,19.160790465166087,0,07_315_318_12269_ego_315,1,12269,12269,12269,vehicle_vehicle,0.2933907283478527,2.8467108791260154,0.8132500789188812,14.870822391851764,15.0,3.0,3.5,0.8,0.12860956418556124,0.46299443106802046
7,309,12250,480,102.5067,-61.7616,25.4677,2.0174,4.3163,6.9014,2.8048,1.491,-2.7315,7.4369,0.4353,0.1715,3.1072,car,315,109.1365,-47.7172,-0.1398,0.1115,0.1769,0.0263,149.8921,0.1788191544549968,0.6437489560379885,-6.629800000000003,-14.044400000000003,7.0412,2.6933000000000002,7.538724184502309,15.530596234530087,0,07_315_318_12269_ego_315,0,12269,12269,12269,vehicle_vehicle,0.2933907283478527,2.8467108791260154,0.8132500789188812,14.870822391851764,15.0,3.0,3.5,0.8,0.12860956418556124,0.46299443106802046
7,311,12250,455,97.7488,-53.7468,63.6419,2.0722,5.0047,2.5463,6.0198,-2.5491,1.1279,6.5245,-0.3911,-0.1211,-2.7849,car,315,109.1365,-47.7172,-0.1398,0.1115,0.1769,0.0263,149.8921,0.1788191544549968,0.6437489560379885,-11.387699999999995,-6.029600000000002,2.6861,5.9083,6.490234364027234,12.885487474286718,0,07_315_318_12269_ego_315,0,12269,12269,12269,vehicle_vehicle,0.2933907283478527,2.8467108791260154,0.8132500789188812,14.870822391851764,15.0,3.0,3.5,0.8,0.12860956418556124,0.46299443106802046
7,315,12250,361,109.1365,-47.7172,149.8921,1.925,4.0346,-0.1398,0.1115,1.0569,-0.6846,0.1769,0.0263,-1.2577,-0.062,car,315,109.1365,-47.7172,-0.1398,0.1115,0.1769,0.0263,149.8921,0.1788191544549968,0.6437489560379885,0.0,0.0,0.0,0.0,0.0,0.0,1,07_315_318_12269_ego_315,1,12269,12269,12269,vehicle_vehicle,0.2933907283478527,2.8467108791260154,0.8132500789188812,14.870822391851764,15.0,3.0,3.5,0.8,0.12860956418556124,0.46299443106802046
7,318,12250,248,126.4445,-55.4268,160.5196,2.2707,6.3697,-5.1042,1.9534,0.253,-0.0757,5.4635,0.1395,-0.2637,0.013,van,315,109.1365,-47.7172,-0.1398,0.1115,0.1769,0.0263,149.8921,0.1788191544549968,0.6437489560379885,17.308000000000007,-7.709600000000002,-4.9643999999999995,1.8419,5.2950791278318015,18.947421886895334,0,07_315_318_12269_ego_315,1,12269,12269,12269,vehicle_vehicle,0.2933907283478527,2.8467108791260154,0.8132500789188812,14.870822391851764,15.0,3.0,3.5,0.8,0.12860956418556124,0.46299443106802046
7,309,12251,481,102.7837,-61.6502,24.4537,2.0174,4.3163,6.964,2.6861,1.4938,-2.8238,7.4513,0.4376,0.1909,3.1888,car,315,109.1335,-47.7146,-0.103,0.0867,0.1326,0.0233,149.8732,0.13463242551480678,0.4846767318533044,-6.349800000000002,-13.9356,7.067,2.5994,7.529898363191896,15.314075466707093,0,07_315_318_12269_ego_315,0,12269,12269,12269,vehicle_vehicle,0.2933907283478527,2.8467108791260154,0.8132500789188812,14.870822391851764,15.0,3.0,3.5,0.8,0.12860956418556124,0.46299443106802046
7,311,12251,456,97.8491,-53.5046,64.6581,2.0722,5.0047,2.4434,6.0633,-2.5608,1.1078,6.5256,-0.387,-0.0949,-2.7886,car,315,109.1335,-47.7146,-0.103,0.0867,0.1326,0.0233,149.8732,0.13463242551480678,0.4846767318533044,-11.28439999999999,-5.790000000000006,2.5464,5.9765999999999995,6.496452918323968,12.683129872393481,0,07_315_318_12269_ego_315,0,12269,12269,12269,vehicle_vehicle,0.2933907283478527,2.8467108791260154,0.8132500789188812,14.870822391851764,15.0,3.0,3.5,0.8,0.12860956418556124,0.46299443106802046
7,315,12251,362,109.1335,-47.7146,149.8732,1.925,4.0346,-0.103,0.0867,0.9564,-0.6202,0.1326,0.0233,-1.1385,-0.0564,car,315,109.1335,-47.7146,-0.103,0.0867,0.1326,0.0233,149.8732,0.13463242551480678,0.4846767318533044,0.0,0.0,0.0,0.0,0.0,0.0,1,07_315_318_12269_ego_315,1,12269,12269,12269,vehicle_vehicle,0.2933907283478527,2.8467108791260154,0.8132500789188812,14.870822391851764,15.0,3.0,3.5,0.8,0.12860956418556124,0.46299443106802046
7,318,12251,249,126.24,-55.3486,160.5388,2.2707,6.3697,-5.0955,1.9517,0.2686,-0.0777,5.4546,0.1425,-0.2791,0.0162,van,315,109.1335,-47.7146,-0.103,0.0867,0.1326,0.0233,149.8732,0.13463242551480678,0.4846767318533044,17.106499999999997,-7.634,-4.992500000000001,1.865,5.3294728866933925,18.73259987962162,0,07_315_318_12269_ego_315,1,12269,12269,12269,vehicle_vehicle,0.2933907283478527,2.8467108791260154,0.8132500789188812,14.870822391851764,15.0,3.0,3.5,0.8,0.12860956418556124,0.46299443106802046
7,309,12252,482,103.0636,-61.545,23.3774,2.0174,4.3163,7.0267,2.5638,1.4937,-2.9066,7.4671,0.4348,0.2178,3.2607,car,315,109.1314,-47.7133,-0.0706,0.065,0.0937,0.0208,149.8488,0.09596541043521879,0.34547547756678765,-6.067800000000005,-13.831700000000005,7.0973,2.4988,7.524338424738749,15.104109431873175,0,07_315_318_12269_ego_315,0,12269,12269,12269,vehicle_vehicle,0.2933907283478527,2.8467108791260154,0.8132500789188812,14.870822391851764,15.0,3.0,3.5,0.8,0.12860956418556124,0.46299443106802046
7,311,12252,457,97.9456,-53.2615,65.6679,2.0722,5.0047,2.3397,6.1061,-2.5714,1.0892,6.5277,-0.384,-0.067,-2.7918,car,315,109.1314,-47.7133,-0.0706,0.065,0.0937,0.0208,149.8488,0.09596541043521879,0.34547547756678765,-11.1858,-5.548200000000001,2.4103000000000003,6.041099999999999,6.5041859828882505,12.486178153462332,0,07_315_318_12269_ego_315,0,12269,12269,12269,vehicle_vehicle,0.2933907283478527,2.8467108791260154,0.8132500789188812,14.870822391851764,15.0,3.0,3.5,0.8,0.12860956418556124,0.46299443106802046
7,315,12252,363,109.1314,-47.7133,149.8488,1.925,4.0346,-0.0706,0.065,0.8615,-0.5587,0.0937,0.0208,-1.0255,-0.0504,car,315,109.1314,-47.7133,-0.0706,0.065,0.0937,0.0208,149.8488,0.09596541043521879,0.34547547756678765,0.0,0.0,0.0,0.0,0.0,0.0,1,07_315_318_12269_ego_315,1,12269,12269,12269,vehicle_vehicle,0.2933907283478527,2.8467108791260154,0.8132500789188812,14.870822391851764,15.0,3.0,3.5,0.8,0.12860956418556124,0.46299443106802046
7,318,12252,250,126.0372,-55.2706,160.5417,2.2707,6.3697,-5.0864,1.9498,0.2857,-0.0811,5.4454,0.1441,-0.2964,0.0187,van,315,109.1314,-47.7133,-0.0706,0.065,0.0937,0.0208,149.8488,0.09596541043521879,0.34547547756678765,16.9058,-7.557300000000005,-5.0158000000000005,1.8848,5.358238579981299,18.51806839089866,0,07_315_318_12269_ego_315,1,12269,12269,12269,vehicle_vehicle,0.2933907283478527,2.8467108791260154,0.8132500789188812,14.870822391851764,15.0,3.0,3.5,0.8,0.12860956418556124,0.46299443106802046
7,309,12253,483,103.3467,-61.4454,22.2591,2.0174,4.3163,7.089,2.4383,1.4908,-2.9802,7.4844,0.4287,0.2508,3.3228,car,315,109.1303,-47.713,-0.0425,0.0466,0.0601,0.019,149.835,0.06306988187716861,0.227051574757807,-5.783600000000007,-13.732399999999998,7.131500000000001,2.3916999999999997,7.521869524260575,14.900632158401873,0,07_315_318_12269_ego_315,0,12269,12269,12269,vehicle_vehicle,0.2933907283478527,2.8467108791260154,0.8132500789188812,14.870822391851764,15.0,3.0,3.5,0.8,0.12860956418556124,0.46299443106802046
7,311,12253,458,98.0385,-53.0166,66.6808,2.0722,5.0047,2.235,6.1483,-2.5805,1.0721,6.5308,-0.3814,-0.037,-2.7941,car,315,109.1303,-47.713,-0.0425,0.0466,0.0601,0.019,149.835,0.06306988187716861,0.227051574757807,-11.091800000000006,-5.303599999999996,2.2775,6.1017,6.512890997091844,12.294559780650957,0,07_315_318_12269_ego_315,0,12269,12269,12269,vehicle_vehicle,0.2933907283478527,2.8467108791260154,0.8132500789188812,14.870822391851764,15.0,3.0,3.5,0.8,0.12860956418556124,0.46299443106802046
7,315,12253,364,109.1303,-47.713,149.835,1.925,4.0346,-0.0425,0.0466,0.7727,-0.5007,0.0601,0.019,-0.9197,-0.0446,car,315,109.1303,-47.713,-0.0425,0.0466,0.0601,0.019,149.835,0.06306988187716861,0.227051574757807,0.0,0.0,0.0,0.0,0.0,0.0,1,07_315_318_12269_ego_315,1,12269,12269,12269,vehicle_vehicle,0.2933907283478527,2.8467108791260154,0.8132500789188812,14.870822391851764,15.0,3.0,3.5,0.8,0.12860956418556124,0.46299443106802046
7,318,12253,251,125.8358,-55.1927,160.5409,2.2707,6.3697,-5.0774,1.9479,0.3049,-0.0857,5.4363,0.1452,-0.316,0.0208,van,315,109.1303,-47.713,-0.0425,0.0466,0.0601,0.019,149.835,0.06306988187716861,0.227051574757807,16.7055,-7.479700000000001,-5.0348999999999995,1.9013,5.381928994329077,18.30354179769588,0,07_315_318_12269_ego_315,1,12269,12269,12269,vehicle_vehicle,0.2933907283478527,2.8467108791260154,0.8132500789188812,14.870822391851764,15.0,3.0,3.5,0.8,0.12860956418556124,0.46299443106802046
7,309,12254,484,103.6326,-61.3508,21.1201,2.0174,4.3163,7.1508,2.3102,1.4855,-3.0447,7.5029,0.4216,0.2887,3.3754,car,315,109.1295,-47.7132,-0.018,0.0312,0.0312,0.018,149.8202,0.03601999444752872,0.12967198001110342,-5.496899999999997,-13.637599999999999,7.1688,2.279,7.522335703755848,14.70374249536491,0,07_315_318_12269_ego_315,0,12269,12269,12269,vehicle_vehicle,0.2933907283478527,2.8467108791260154,0.8132500789188812,14.870822391851764,15.0,3.0,3.5,0.8,0.12860956418556124,0.46299443106802046
7,311,12254,459,98.1272,-52.7698,67.7008,2.0722,5.0047,2.1294,6.1898,-2.5875,1.0564,6.5349,-0.3785,-0.0044,-2.7948,car,315,109.1295,-47.7132,-0.018,0.0312,0.0312,0.018,149.8202,0.03601999444752872,0.12967198001110342,-11.002299999999991,-5.056599999999996,2.1473999999999998,6.1586,6.522245067459516,12.108666683413157,0,07_315_318_12269_ego_315,0,12269,12269,12269,vehicle_vehicle,0.2933907283478527,2.8467108791260154,0.8132500789188812,14.870822391851764,15.0,3.0,3.5,0.8,0.12860956418556124,0.46299443106802046
7,315,12254,365,109.1295,-47.7132,149.8202,1.925,4.0346,-0.018,0.0312,0.6903,-0.4471,0.0312,0.018,-0.8215,-0.0394,car,315,109.1295,-47.7132,-0.018,0.0312,0.0312,0.018,149.8202,0.03601999444752872,0.12967198001110342,0.0,0.0,0.0,0.0,0.0,0.0,1,07_315_318_12269_ego_315,1,12269,12269,12269,vehicle_vehicle,0.2933907283478527,2.8467108791260154,0.8132500789188812,14.870822391851764,15.0,3.0,3.5,0.8,0.12860956418556124,0.46299443106802046
7,318,12254,252,125.6345,-55.1141,160.5401,2.2707,6.3697,-5.0683,1.9454,0.3268,-0.0914,5.4269,0.1458,-0.3386,0.0227,van,315,109.1295,-47.7132,-0.018,0.0312,0.0312,0.018,149.8202,0.03601999444752872,0.12967198001110342,16.50500000000001,-7.4009,-5.0503,1.9142000000000001,5.400897307855427,18.088348343892548,0,07_315_318_12269_ego_315,1,12269,12269,12269,vehicle_vehicle,0.2933907283478527,2.8467108791260154,0.8132500789188812,14.870822391851764,15.0,3.0,3.5,0.8,0.12860956418556124,0.46299443106802046
7,309,12255,485,103.9205,-61.2618,19.9801,2.0174,4.3163,7.2121,2.1799,1.4783,-3.1004,7.5229,0.4157,0.3299,3.4189,car,315,109.1281,-47.7142,0.0037,0.0187,0.0062,0.018,149.8053,0.019062528688503003,0.06862510327861081,-5.207599999999999,-13.547600000000003,7.2084,2.1612,7.525411350883087,14.514012660873632,0,07_315_318_12269_ego_315,0,12269,12269,12269,vehicle_vehicle,0.2933907283478527,2.8467108791260154,0.8132500789188812,14.870822391851764,15.0,3.0,3.5,0.8,0.12860956418556124,0.46299443106802046
7,311,12255,460,98.2111,-52.5215,68.708,2.0722,5.0047,2.0233,6.2307,-2.592,1.0421,6.5401,-0.3773,0.0298,-2.7935,car,315,109.1281,-47.7142,0.0037,0.0187,0.0062,0.018,149.8053,0.019062528688503003,0.06862510327861081,-10.917000000000002,-4.807300000000005,2.0196,6.212,6.532053900573693,11.928580061767624,0,07_315_318_12269_ego_315,0,12269,12269,12269,vehicle_vehicle,0.2933907283478527,2.8467108791260154,0.8132500789188812,14.870822391851764,15.0,3.0,3.5,0.8,0.12860956418556124,0.46299443106802046
7,315,12255,366,109.1281,-47.7142,149.8053,1.925,4.0346,0.0037,0.0187,0.6141,-0.3984,0.0062,0.018,-0.7311,-0.0355,car,315,109.1281,-47.7142,0.0037,0.0187,0.0062,0.018,149.8053,0.019062528688503003,0.06862510327861081,0.0,0.0,0.0,0.0,0.0,0.0,1,07_315_318_12269_ego_315,1,12269,12269,12269,vehicle_vehicle,0.2933907283478527,2.8467108791260154,0.8132500789188812,14.870822391851764,15.0,3.0,3.5,0.8,0.12860956418556124,0.46299443106802046
7,318,12255,253,125.4327,-55.0357,160.5346,2.2707,6.3697,-5.0585,1.9425,0.3519,-0.098,5.4167,0.1458,-0.3645,0.0249,van,315,109.1281,-47.7142,0.0037,0.0187,0.0062,0.018,149.8053,0.019062528688503003,0.06862510327861081,16.304599999999994,-7.3215,-5.062200000000001,1.9238,5.415429371711906,17.873005998152628,0,07_315_318_12269_ego_315,1,12269,12269,12269,vehicle_vehicle,0.2933907283478527,2.8467108791260154,0.8132500789188812,14.870822391851764,15.0,3.0,3.5,0.8,0.12860956418556124,0.46299443106802046
7,309,12256,486,104.211,-61.1787,18.8579,2.0174,4.3163,7.2728,2.0479,1.4693,-3.148,7.5443,0.4127,0.373,3.4539,car,315,109.1279,-47.715,0.0227,0.0086,-0.0153,0.0188,149.8005,0.024274472187876713,0.08738809987635617,-4.916899999999998,-13.463699999999996,7.2501,2.0393,7.531447038916227,14.333426781478316,0,07_315_318_12269_ego_315,0,12269,12269,12269,vehicle_vehicle,0.2933907283478527,2.8467108791260154,0.8132500789188812,14.870822391851764,15.0,3.0,3.5,0.8,0.12860956418556124,0.46299443106802046
7,311,12256,461,98.2908,-52.2721,69.6969,2.0722,5.0047,1.9166,6.2713,-2.5936,1.029,6.5466,-0.3785,0.0651,-2.7895,car,315,109.1279,-47.715,0.0227,0.0086,-0.0153,0.0188,149.8005,0.024274472187876713,0.08738809987635617,-10.837099999999992,-4.557099999999998,1.8939000000000001,6.2627,6.542802801552252,11.756270531933152,0,07_315_318_12269_ego_315,0,12269,12269,12269,vehicle_vehicle,0.2933907283478527,2.8467108791260154,0.8132500789188812,14.870822391851764,15.0,3.0,3.5,0.8,0.12860956418556124,0.46299443106802046
7,315,12256,367,109.1279,-47.715,149.8005,1.925,4.0346,0.0227,0.0086,0.5436,-0.3552,-0.0153,0.0188,-0.6485,-0.0336,car,315,109.1279,-47.715,0.0227,0.0086,-0.0153,0.0188,149.8005,0.024274472187876713,0.08738809987635617,0.0,0.0,0.0,0.0,0.0,0.0,1,07_315_318_12269_ego_315,1,12269,12269,12269,vehicle_vehicle,0.2933907283478527,2.8467108791260154,0.8132500789188812,14.870822391851764,15.0,3.0,3.5,0.8,0.12860956418556124,0.46299443106802046
7,318,12256,254,125.2311,-54.9582,160.5307,2.2707,6.3697,-5.048,1.9393,0.3804,-0.1053,5.4057,0.1459,-0.3938,0.0275,van,315,109.1279,-47.715,0.0227,0.0086,-0.0153,0.0188,149.8005,0.024274472187876713,0.08738809987635617,16.1032,-7.2431999999999945,-5.0707,1.9307,5.42582721619478,17.65720806016625,0,07_315_318_12269_ego_315,1,12269,12269,12269,vehicle_vehicle,0.2933907283478527,2.8467108791260154,0.8132500789188812,14.870822391851764,15.0,3.0,3.5,0.8,0.12860956418556124,0.46299443106802046
7,309,12257,487,104.5046,-61.1024,17.7784,2.0174,4.3163,7.3325,1.9153,1.4591,-3.1882,7.5671,0.415,0.416,3.4815,car,315,109.1303,-47.7133,0.0384,-0.0004,-0.0334,0.0189,149.7939,0.03840208327682236,0.1382474997965605,-4.625700000000009,-13.389100000000006,7.294099999999999,1.9157,7.541472091044294,14.165630917823613,0,07_315_318_12269_ego_315,0,12269,12269,12269,vehicle_vehicle,0.2933907283478527,2.8467108791260154,0.8132500789188812,14.870822391851764,15.0,3.0,3.5,0.8,0.12860956418556124,0.46299443106802046
7,311,12257,462,98.3663,-52.0208,70.6737,2.0722,5.0047,1.8094,6.3115,-2.5921,1.0169,6.5547,-0.3813,0.1018,-2.7826,car,315,109.1303,-47.7133,0.0384,-0.0004,-0.0334,0.0189,149.7939,0.03840208327682236,0.1382474997965605,-10.76400000000001,-4.3075000000000045,1.771,6.3119,6.555648145683232,11.593888573295857,0,07_315_318_12269_ego_315,0,12269,12269,12269,vehicle_vehicle,0.2933907283478527,2.8467108791260154,0.8132500789188812,14.870822391851764,15.0,3.0,3.5,0.8,0.12860956418556124,0.46299443106802046
7,315,12257,368,109.1303,-47.7133,149.7939,1.925,4.0346,0.0384,-0.0004,0.479,-0.3177,-0.0334,0.0189,-0.5738,-0.0336,car,315,109.1303,-47.7133,0.0384,-0.0004,-0.0334,0.0189,149.7939,0.03840208327682236,0.1382474997965605,0.0,0.0,0.0,0.0,0.0,0.0,1,07_315_318_12269_ego_315,1,12269,12269,12269,vehicle_vehicle,0.2933907283478527,2.8467108791260154,0.8132500789188812,14.870822391851764,15.0,3.0,3.5,0.8,0.12860956418556124,0.46299443106802046
7,318,12257,255,125.0299,-54.8807,160.5287,2.2707,6.3697,-5.0364,1.9359,0.4126,-0.1134,5.3937,0.1463,-0.4268,0.0306,van,315,109.1303,-47.7133,0.0384,-0.0004,-0.0334,0.0189,149.7939,0.03840208327682236,0.1382474997965605,15.899599999999992,-7.167400000000001,-5.074800000000001,1.9363,5.43165285433449,17.440438724986244,0,07_315_318_12269_ego_315,1,12269,12269,12269,vehicle_vehicle,0.2933907283478527,2.8467108791260154,0.8132500789188812,14.870822391851764,15.0,3.0,3.5,0.8,0.12860956418556124,0.46299443106802046
7,309,12258,488,104.8006,-61.031,16.6574,2.0174,4.3163,7.3911,1.7822,1.4483,-3.2223,7.5918,0.4113,0.4639,3.5022,car,315,109.1325,-47.7119,0.0514,-0.0086,-0.0488,0.0184,149.7965,0.05211448934797309,0.1876121616527031,-4.33189999999999,-13.319099999999999,7.3397,1.7908,7.555008982787513,14.005848150683338,0,07_315_318_12269_ego_315,0,12269,12269,12269,vehicle_vehicle,0.2933907283478527,2.8467108791260154,0.8132500789188812,14.870822391851764,15.0,3.0,3.5,0.8,0.12860956418556124,0.46299443106802046
7,311,12258,463,98.4372,-51.7682,71.6566,2.0722,5.0047,1.7022,6.3515,-2.587,1.0057,6.5645,-0.3832,0.1404,-2.7721,car,315,109.1325,-47.7119,0.0514,-0.0086,-0.0488,0.0184,149.7965,0.05211448934797309,0.1876121616527031,-10.695299999999989,-4.0563,1.6507999999999998,6.3601,6.570845657143378,11.438663024147523,0,07_315_318_12269_ego_315,0,12269,12269,12269,vehicle_vehicle,0.2933907283478527,2.8467108791260154,0.8132500789188812,14.870822391851764,15.0,3.0,3.5,0.8,0.12860956418556124,0.46299443106802046
7,315,12258,369,109.1325,-47.7119,149.7965,1.925,4.0346,0.0514,-0.0086,0.4204,-0.2849,-0.0488,0.0184,-0.5067,-0.0348,car,315,109.1325,-47.7119,0.0514,-0.0086,-0.0488,0.0184,149.7965,0.05211448934797309,0.1876121616527031,0.0,0.0,0.0,0.0,0.0,0.0,1,07_315_318_12269_ego_315,1,12269,12269,12269,vehicle_vehicle,0.2933907283478527,2.8467108791260154,0.8132500789188812,14.870822391851764,15.0,3.0,3.5,0.8,0.12860956418556124,0.46299443106802046
7,318,12258,256,124.8285,-54.8031,160.5206,2.2707,6.3697,-5.0235,1.932,0.4483,-0.1222,5.3802,0.1462,-0.4634,0.0343,van,315,109.1325,-47.7119,0.0514,-0.0086,-0.0488,0.0184,149.7965,0.05211448934797309,0.1876121616527031,15.696000000000012,-7.091200000000001,-5.0749,1.9405999999999999,5.433280626840473,17.22351687199802,0,07_315_318_12269_ego_315,1,12269,12269,12269,vehicle_vehicle,0.2933907283478527,2.8467108791260154,0.8132500789188812,14.870822391851764,15.0,3.0,3.5,0.8,0.12860956418556124,0.46299443106802046
7,309,12259,489,105.0992,-60.9644,15.5019,2.0174,4.3163,7.4487,1.6485,1.4376,-3.2512,7.6183,0.4022,0.5163,3.5171,car,315,109.1348,-47.7113,0.0622,-0.016,-0.0618,0.0174,149.8094,0.06422491728293622,0.2312097022185704,-4.035600000000002,-13.253099999999996,7.3865,1.6645,7.571719916901311,13.853906559884107,0,07_315_318_12269_ego_315,0,12269,12269,12269,vehicle_vehicle,0.2933907283478527,2.8467108791260154,0.8132500789188812,14.870822391851764,15.0,3.0,3.5,0.8,0.12860956418556124,0.46299443106802046
7,311,12259,464,98.5039,-51.5138,72.6429,2.0722,5.0047,1.5948,6.3912,-2.5782,0.995,6.576,-0.3845,0.1805,-2.7577,car,315,109.1348,-47.7113,0.0622,-0.016,-0.0618,0.0174,149.8094,0.06422491728293622,0.2312097022185704,-10.630899999999997,-3.802500000000002,1.5326,6.4072000000000005,6.587949195311087,11.29048453610384,0,07_315_318_12269_ego_315,0,12269,12269,12269,vehicle_vehicle,0.2933907283478527,2.8467108791260154,0.8132500789188812,14.870822391851764,15.0,3.0,3.5,0.8,0.12860956418556124,0.46299443106802046
7,315,12259,370,109.1348,-47.7113,149.8094,1.925,4.0346,0.0622,-0.016,0.3679,-0.2565,-0.0618,0.0174,-0.447,-0.0367,car,315,109.1348,-47.7113,0.0622,-0.016,-0.0618,0.0174,149.8094,0.06422491728293622,0.2312097022185704,0.0,0.0,0.0,0.0,0.0,0.0,1,07_315_318_12269_ego_315,1,12269,12269,12269,vehicle_vehicle,0.2933907283478527,2.8467108791260154,0.8132500789188812,14.870822391851764,15.0,3.0,3.5,0.8,0.12860956418556124,0.46299443106802046
7,318,12259,257,124.6274,-54.7264,160.5141,2.2707,6.3697,-5.0089,1.9279,0.4875,-0.1317,5.3651,0.1467,-0.5035,0.0384,van,315,109.1348,-47.7113,0.0622,-0.016,-0.0618,0.0174,149.8094,0.06422491728293622,0.2312097022185704,15.492599999999996,-7.015099999999997,-5.0710999999999995,1.9439,5.43091174850043,17.006830473959567,0,07_315_318_12269_ego_315,1,12269,12269,12269,vehicle_vehicle,0.2933907283478527,2.8467108791260154,0.8132500789188812,14.870822391851764,15.0,3.0,3.5,0.8,0.12860956418556124,0.46299443106802046
7,309,12260,490,105.3997,-60.9024,14.3428,2.0174,4.3163,7.5052,1.5143,1.4275,-3.2756,7.6464,0.3921,0.5716,3.5271,car,315,109.1368,-47.7106,0.0711,-0.0228,-0.0729,0.016,149.8118,0.07466625743935475,0.2687985267816771,-3.737099999999998,-13.1918,7.4341,1.5371,7.5913450204822075,13.710926432958496,0,07_315_318_12269_ego_315,0,12269,12269,12269,vehicle_vehicle,0.2933907283478527,2.8467108791260154,0.8132500789188812,14.870822391851764,15.0,3.0,3.5,0.8,0.12860956418556124,0.46299443106802046
7,311,12260,465,98.5659,-51.2574,73.6126,2.0722,5.0047,1.4877,6.4306,-2.5655,0.9847,6.5891,-0.387,0.2209,-2.7391,car,315,109.1368,-47.7106,0.0711,-0.0228,-0.0729,0.016,149.8118,0.07466625743935475,0.2687985267816771,-10.570899999999995,-3.5467999999999975,1.4166,6.4534,6.607051318099475,11.150054576099611,0,07_315_318_12269_ego_315,0,12269,12269,12269,vehicle_vehicle,0.2933907283478527,2.8467108791260154,0.8132500789188812,14.870822391851764,15.0,3.0,3.5,0.8,0.12860956418556124,0.46299443106802046
7,315,12260,371,109.1368,-47.7106,149.8118,1.925,4.0346,0.0711,-0.0228,0.3214,-0.2318,-0.0729,0.016,-0.3944,-0.0387,car,315,109.1368,-47.7106,0.0711,-0.0228,-0.0729,0.016,149.8118,0.07466625743935475,0.2687985267816771,0.0,0.0,0.0,0.0,0.0,0.0,1,07_315_318_12269_ego_315,1,12269,12269,12269,vehicle_vehicle,0.2933907283478527,2.8467108791260154,0.8132500789188812,14.870822391851764,15.0,3.0,3.5,0.8,0.12860956418556124,0.46299443106802046
7,318,12260,258,124.4268,-54.6495,160.5032,2.2707,6.3697,-4.9925,1.9235,0.53,-0.1421,5.3483,0.147,-0.547,0.0429,van,315,109.1368,-47.7106,0.0711,-0.0228,-0.0729,0.016,149.8118,0.07466625743935475,0.2687985267816771,15.290000000000006,-6.938900000000004,-5.0636,1.9463,5.424769916779882,16.790843731331677,0,07_315_318_12269_ego_315,1,12269,12269,12269,vehicle_vehicle,0.2933907283478527,2.8467108791260154,0.8132500789188812,14.870822391851764,15.0,3.0,3.5,0.8,0.12860956418556124,0.46299443106802046
7,309,12261,491,105.7019,-60.8457,13.1979,2.0174,4.3163,7.561,1.3795,1.4185,-3.296,7.6763,0.3832,0.6285,3.5328,car,315,109.1386,-47.7104,0.0787,-0.0292,-0.0827,0.0144,149.8055,0.08394242074183947,0.3021927146706221,-3.436700000000002,-13.1353,7.4822999999999995,1.4086999999999998,7.613753934820851,13.577445009279177,0,07_315_318_12269_ego_315,0,12269,12269,12269,vehicle_vehicle,0.2933907283478527,2.8467108791260154,0.8132500789188812,14.870822391851764,15.0,3.0,3.5,0.8,0.12860956418556124,0.46299443106802046
7,311,12261,466,98.6234,-50.9994,74.5849,2.0722,5.0047,1.381,6.4695,-2.5488,0.975,6.6038,-0.3883,0.2624,-2.7162,car,315,109.1386,-47.7104,0.0787,-0.0292,-0.0827,0.0144,149.8055,0.08394242074183947,0.3021927146706221,-10.515199999999993,-3.2890000000000015,1.3023,6.4987,6.62790215528262,11.01757468955849,0,07_315_318_12269_ego_315,0,12269,12269,12269,vehicle_vehicle,0.2933907283478527,2.8467108791260154,0.8132500789188812,14.870822391851764,15.0,3.0,3.5,0.8,0.12860956418556124,0.46299443106802046
7,315,12261,372,109.1386,-47.7104,149.8055,1.925,4.0346,0.0787,-0.0292,0.2804,-0.2102,-0.0827,0.0144,-0.3481,-0.0407,car,315,109.1386,-47.7104,0.0787,-0.0292,-0.0827,0.0144,149.8055,0.08394242074183947,0.3021927146706221,0.0,0.0,0.0,0.0,0.0,0.0,1,07_315_318_12269_ego_315,1,12269,12269,12269,vehicle_vehicle,0.2933907283478527,2.8467108791260154,0.8132500789188812,14.870822391851764,15.0,3.0,3.5,0.8,0.12860956418556124,0.46299443106802046
7,318,12261,259,124.2261,-54.5726,160.4919,2.2707,6.3697,-4.9739,1.9187,0.5752,-0.1534,5.3291,0.1476,-0.5934,0.0475,van,315,109.1386,-47.7104,0.0787,-0.0292,-0.0827,0.0144,149.8055,0.08394242074183947,0.3021927146706221,15.087500000000006,-6.862200000000001,-5.052600000000001,1.9479,5.415079054824593,16.574753243713772,0,07_315_318_12269_ego_315,1,12269,12269,12269,vehicle_vehicle,0.2933907283478527,2.8467108791260154,0.8132500789188812,14.870822391851764,15.0,3.0,3.5,0.8,0.12860956418556124,0.46299443106802046
7,309,12262,492,106.0062,-60.7935,12.0528,2.0174,4.3163,7.6162,1.2441,1.411,-3.3128,7.708,0.3737,0.6882,3.5344,car,315,109.1407,-47.7106,0.0852,-0.0351,-0.0913,0.0125,149.8049,0.09214689359929612,0.33172881695746603,-3.1344999999999885,-13.082900000000002,7.531,1.2792,7.638868609944799,13.4531543758332,0,07_315_318_12269_ego_315,0,12269,12269,12269,vehicle_vehicle,0.2933907283478527,2.8467108791260154,0.8132500789188812,14.870822391851764,15.0,3.0,3.5,0.8,0.12860956418556124,0.46299443106802046
7,311,12262,467,98.6761,-50.7391,75.5475,2.0722,5.0047,1.2753,6.5077,-2.5281,0.9658,6.6201,-0.3893,0.3043,-2.6892,car,315,109.1407,-47.7106,0.0852,-0.0351,-0.0913,0.0125,149.8049,0.09214689359929612,0.33172881695746603,-10.46459999999999,-3.028500000000001,1.1901000000000002,6.5428,6.650155625998537,10.894019708537332,0,07_315_318_12269_ego_315,0,12269,12269,12269,vehicle_vehicle,0.2933907283478527,2.8467108791260154,0.8132500789188812,14.870822391851764,15.0,3.0,3.5,0.8,0.12860956418556124,0.46299443106802046
7,315,12262,373,109.1407,-47.7106,149.8049,1.925,4.0346,0.0852,-0.0351,0.2444,-0.1914,-0.0913,0.0125,-0.3075,-0.0425,car,315,109.1407,-47.7106,0.0852,-0.0351,-0.0913,0.0125,149.8049,0.09214689359929612,0.33172881695746603,0.0,0.0,0.0,0.0,0.0,0.0,1,07_315_318_12269_ego_315,1,12269,12269,12269,vehicle_vehicle,0.2933907283478527,2.8467108791260154,0.8132500789188812,14.870822391851764,15.0,3.0,3.5,0.8,0.12860956418556124,0.46299443106802046
7,318,12262,260,124.0258,-54.4965,160.4808,2.2707,6.3697,-4.9527,1.9136,0.6227,-0.1656,5.3074,0.1489,-0.6422,0.052,van,315,109.1407,-47.7106,0.0852,-0.0351,-0.0913,0.0125,149.8049,0.09214689359929612,0.33172881695746603,14.885100000000008,-6.785899999999998,-5.0379000000000005,1.9486999999999999,5.401654200335302,16.358931530512628,0,07_315_318_12269_ego_315,1,12269,12269,12269,vehicle_vehicle,0.2933907283478527,2.8467108791260154,0.8132500789188812,14.870822391851764,15.0,3.0,3.5,0.8,0.12860956418556124,0.46299443106802046
7,309,12263,493,106.3122,-60.7455,10.9106,2.0174,4.3163,7.6709,1.1076,1.4052,-3.3257,7.7419,0.3643,0.7503,3.5316,car,315,109.1432,-47.7112,0.0906,-0.0407,-0.0988,0.0104,149.7938,0.09932195124945944,0.357559024498054,-2.830999999999989,-13.034300000000002,7.580299999999999,1.1482999999999999,7.6667816572535825,13.338198434946152,0,07_315_318_12269_ego_315,0,12269,12269,12269,vehicle_vehicle,0.2933907283478527,2.8467108791260154,0.8132500789188812,14.870822391851764,15.0,3.0,3.5,0.8,0.12860956418556124,0.46299443106802046
7,311,12263,468,98.7251,-50.4773,76.4968,2.0722,5.0047,1.1703,6.5453,-2.5037,0.9576,6.6376,-0.3903,0.3465,-2.6581,car,315,109.1432,-47.7112,0.0906,-0.0407,-0.0988,0.0104,149.7938,0.09932195124945944,0.357559024498054,-10.418099999999995,-2.7661000000000016,1.0796999999999999,6.586,6.673915499165389,10.779059180652082,0,07_315_318_12269_ego_315,0,12269,12269,12269,vehicle_vehicle,0.2933907283478527,2.8467108791260154,0.8132500789188812,14.870822391851764,15.0,3.0,3.5,0.8,0.12860956418556124,0.46299443106802046
7,315,12263,374,109.1432,-47.7112,149.7938,1.925,4.0346,0.0906,-0.0407,0.2129,-0.1747,-0.0988,0.0104,-0.2719,-0.0439,car,315,109.1432,-47.7112,0.0906,-0.0407,-0.0988,0.0104,149.7938,0.09932195124945944,0.357559024498054,0.0,0.0,0.0,0.0,0.0,0.0,1,07_315_318_12269_ego_315,1,12269,12269,12269,vehicle_vehicle,0.2933907283478527,2.8467108791260154,0.8132500789188812,14.870822391851764,15.0,3.0,3.5,0.8,0.12860956418556124,0.46299443106802046
7,318,12263,261,123.8269,-54.4204,160.4704,2.2707,6.3697,-4.9291,1.9082,0.6717,-0.1789,5.2834,0.1507,-0.6929,0.0559,van,315,109.1432,-47.7112,0.0906,-0.0407,-0.0988,0.0104,149.7938,0.09932195124945944,0.357559024498054,14.683700000000002,-6.709200000000003,-5.0197,1.9488999999999999,5.384756196895084,16.143866027999618,0,07_315_318_12269_ego_315,1,12269,12269,12269,vehicle_vehicle,0.2933907283478527,2.8467108791260154,0.8132500789188812,14.870822391851764,15.0,3.0,3.5,0.8,0.12860956418556124,0.46299443106802046
7,309,12264,494,106.6202,-60.7031,9.7988,2.0174,4.3163,7.7254,0.9703,1.401,-3.3346,7.7779,0.3586,0.8131,3.5244,car,315,109.146,-47.7118,0.0952,-0.0461,-0.1055,0.0081,149.7747,0.1057745243430572,0.38078828763500594,-2.525800000000004,-12.991300000000003,7.630199999999999,1.0164,7.697598391706337,13.234558599741817,0,07_315_318_12269_ego_315,0,12269,12269,12269,vehicle_vehicle,0.2933907283478527,2.8467108791260154,0.8132500789188812,14.870822391851764,15.0,3.0,3.5,0.8,0.12860956418556124,0.46299443106802046
7,311,12264,469,98.7703,-50.2138,77.4372,2.0722,5.0047,1.0662,6.5822,-2.4753,0.9506,6.6565,-0.391,0.3895,-2.6228,car,315,109.146,-47.7118,0.0952,-0.0461,-0.1055,0.0081,149.7747,0.1057745243430572,0.38078828763500594,-10.375699999999995,-2.5020000000000024,0.9710000000000001,6.6283,6.6990448490810985,10.673104257431383,0,07_315_318_12269_ego_315,0,12269,12269,12269,vehicle_vehicle,0.2933907283478527,2.8467108791260154,0.8132500789188812,14.870822391851764,15.0,3.0,3.5,0.8,0.12860956418556124,0.46299443106802046
7,315,12264,375,109.146,-47.7118,149.7747,1.925,4.0346,0.0952,-0.0461,0.1855,-0.16,-0.1055,0.0081,-0.2408,-0.0448,car,315,109.146,-47.7118,0.0952,-0.0461,-0.1055,0.0081,149.7747,0.1057745243430572,0.38078828763500594,0.0,0.0,0.0,0.0,0.0,0.0,1,07_315_318_12269_ego_315,1,12269,12269,12269,vehicle_vehicle,0.2933907283478527,2.8467108791260154,0.8132500789188812,14.870822391851764,15.0,3.0,3.5,0.8,0.12860956418556124,0.46299443106802046
7,318,12264,262,123.6293,-54.3439,160.459,2.2707,6.3697,-4.9031,1.9021,0.7218,-0.1934,5.2569,0.1526,-0.7449,0.0591,van,315,109.146,-47.7118,0.0952,-0.0461,-0.1055,0.0081,149.7747,0.1057745243430572,0.38078828763500594,14.4833,-6.632100000000001,-4.9983,1.9482,5.364558335035607,15.929555213501725,0,07_315_318_12269_ego_315,1,12269,12269,12269,vehicle_vehicle,0.2933907283478527,2.8467108791260154,0.8132500789188812,14.870822391851764,15.0,3.0,3.5,0.8,0.12860956418556124,0.46299443106802046
7,309,12265,495,106.9303,-60.666,8.7069,2.0174,4.3163,7.7798,0.8323,1.3986,-3.3391,7.8161,0.355,0.877,3.5123,car,315,109.1492,-47.7131,0.0991,-0.0511,-0.1113,0.0057,149.7511,0.11149896860509517,0.4013962869783426,-2.2188999999999908,-12.9529,7.6807,0.8834000000000001,7.731335463553499,13.141580408002683,0,07_315_318_12269_ego_315,0,12269,12269,12269,vehicle_vehicle,0.2933907283478527,2.8467108791260154,0.8132500789188812,14.870822391851764,15.0,3.0,3.5,0.8,0.12860956418556124,0.46299443106802046
7,311,12265,470,98.811,-49.9498,78.3634,2.0722,5.0047,0.9632,6.6188,-2.443,0.9451,6.677,-0.3916,0.4329,-2.5834,car,315,109.1492,-47.7131,0.0991,-0.0511,-0.1113,0.0057,149.7511,0.11149896860509517,0.4013962869783426,-10.338199999999986,-2.236700000000006,0.8641,6.6699,6.7256401048524745,10.577391272426285,0,07_315_318_12269_ego_315,0,12269,12269,12269,vehicle_vehicle,0.2933907283478527,2.8467108791260154,0.8132500789188812,14.870822391851764,15.0,3.0,3.5,0.8,0.12860956418556124,0.46299443106802046
7,315,12265,376,109.1492,-47.7131,149.7511,1.925,4.0346,0.0991,-0.0511,0.1619,-0.1467,-0.1113,0.0057,-0.2138,-0.0452,car,315,109.1492,-47.7131,0.0991,-0.0511,-0.1113,0.0057,149.7511,0.11149896860509517,0.4013962869783426,0.0,0.0,0.0,0.0,0.0,0.0,1,07_315_318_12269_ego_315,1,12269,12269,12269,vehicle_vehicle,0.2933907283478527,2.8467108791260154,0.8132500789188812,14.870822391851764,15.0,3.0,3.5,0.8,0.12860956418556124,0.46299443106802046
7,318,12265,263,123.4328,-54.268,160.4406,2.2707,6.3697,-4.8747,1.8955,0.7726,-0.209,5.228,0.1541,-0.798,0.0617,van,315,109.1492,-47.7131,0.0991,-0.0511,-0.1113,0.0057,149.7511,0.11149896860509517,0.4013962869783426,14.283600000000007,-6.5549000000000035,-4.9738,1.9465999999999999,5.341155118511351,15.715850055596746,0,07_315_318_12269_ego_315,1,12269,12269,12269,vehicle_vehicle,0.2933907283478527,2.8467108791260154,0.8132500789188812,14.870822391851764,15.0,3.0,3.5,0.8,0.12860956418556124,0.46299443106802046
7,309,12266,496,107.2425,-60.6352,7.6306,2.0174,4.3163,7.8341,0.6941,1.3977,-3.3389,7.8569,0.3523,0.942,3.4949,car,315,109.1526,-47.7148,0.1022,-0.0559,-0.1164,0.0032,149.7347,0.11648884066725018,0.4193598264021007,-1.9101,-12.9204,7.7319,0.75,7.768190111602574,13.060827621938818,0,07_315_318_12269_ego_315,0,12269,12269,12269,vehicle_vehicle,0.2933907283478527,2.8467108791260154,0.8132500789188812,14.870822391851764,15.0,3.0,3.5,0.8,0.12860956418556124,0.46299443106802046
7,311,12266,471,98.8476,-49.6841,79.275,2.0722,5.0047,0.8615,6.6551,-2.4067,0.941,6.6992,-0.392,0.4767,-2.5398,car,315,109.1526,-47.7148,0.1022,-0.0559,-0.1164,0.0032,149.7347,0.11648884066725018,0.4193598264021007,-10.305000000000007,-1.969300000000004,0.7593000000000001,6.711,6.753817993550019,10.491480710080925,0,07_315_318_12269_ego_315,0,12269,12269,12269,vehicle_vehicle,0.2933907283478527,2.8467108791260154,0.8132500789188812,14.870822391851764,15.0,3.0,3.5,0.8,0.12860956418556124,0.46299443106802046
7,315,12266,377,109.1526,-47.7148,149.7347,1.925,4.0346,0.1022,-0.0559,0.1418,-0.1347,-0.1164,0.0032,-0.1903,-0.0449,car,315,109.1526,-47.7148,0.1022,-0.0559,-0.1164,0.0032,149.7347,0.11648884066725018,0.4193598264021007,0.0,0.0,0.0,0.0,0.0,0.0,1,07_315_318_12269_ego_315,1,12269,12269,12269,vehicle_vehicle,0.2933907283478527,2.8467108791260154,0.8132500789188812,14.870822391851764,15.0,3.0,3.5,0.8,0.12860956418556124,0.46299443106802046
7,318,12266,264,123.2377,-54.1919,160.4194,2.2707,6.3697,-4.8441,1.8881,0.8238,-0.2256,5.1967,0.1555,-0.8518,0.0635,van,315,109.1526,-47.7148,0.1022,-0.0559,-0.1164,0.0032,149.7347,0.11648884066725018,0.4193598264021007,14.085099999999997,-6.4771,-4.9463,1.944,5.314604377561889,15.502995401534502,0,07_315_318_12269_ego_315,1,12269,12269,12269,vehicle_vehicle,0.2933907283478527,2.8467108791260154,0.8132500789188812,14.870822391851764,15.0,3.0,3.5,0.8,0.12860956418556124,0.46299443106802046
7,309,12267,497,107.5565,-60.6103,6.5723,2.0174,4.3163,7.8885,0.5559,1.3985,-3.334,7.9003,0.3507,1.0077,3.4722,car,315,109.1561,-47.7166,0.1048,-0.0603,-0.1209,0.0007,149.7259,0.1209095943256779,0.43527453957244044,-1.5995999999999952,-12.893700000000003,7.7837,0.6162,7.808052774539885,12.992544779603419,0,07_315_318_12269_ego_315,0,12269,12269,12269,vehicle_vehicle,0.2933907283478527,2.8467108791260154,0.8132500789188812,14.870822391851764,15.0,3.0,3.5,0.8,0.12860956418556124,0.46299443106802046
7,311,12267,472,98.8796,-49.4165,80.1687,2.0722,5.0047,0.7615,6.691,-2.3665,0.9384,6.7228,-0.3922,0.5206,-2.492,car,315,109.1561,-47.7166,0.1048,-0.0603,-0.1209,0.0007,149.7259,0.1209095943256779,0.43527453957244044,-10.276499999999999,-1.6998999999999995,0.6567,6.7513,6.78316346404832,10.416146708836237,0,07_315_318_12269_ego_315,0,12269,12269,12269,vehicle_vehicle,0.2933907283478527,2.8467108791260154,0.8132500789188812,14.870822391851764,15.0,3.0,3.5,0.8,0.12860956418556124,0.46299443106802046
7,315,12267,378,109.1561,-47.7166,149.7259,1.925,4.0346,0.1048,-0.0603,0.1248,-0.1237,-0.1209,0.0007,-0.1702,-0.0439,car,315,109.1561,-47.7166,0.1048,-0.0603,-0.1209,0.0007,149.7259,0.1209095943256779,0.43527453957244044,0.0,0.0,0.0,0.0,0.0,0.0,1,07_315_318_12269_ego_315,1,12269,12269,12269,vehicle_vehicle,0.2933907283478527,2.8467108791260154,0.8132500789188812,14.870822391851764,15.0,3.0,3.5,0.8,0.12860956418556124,0.46299443106802046
7,318,12267,265,123.0436,-54.1152,160.4037,2.2707,6.3697,-4.811,1.8794,0.875,-0.2428,5.1627,0.157,-0.9058,0.0647,van,315,109.1561,-47.7166,0.1048,-0.0603,-0.1209,0.0007,149.7259,0.1209095943256779,0.43527453957244044,13.887500000000003,-6.398600000000002,-4.9158,1.9397,5.284650010170966,15.290674877519308,0,07_315_318_12269_ego_315,1,12269,12269,12269,vehicle_vehicle,0.2933907283478527,2.8467108791260154,0.8132500789188812,14.870822391851764,15.0,3.0,3.5,0.8,0.12860956418556124,0.46299443106802046
7,309,12268,498,107.8731,-60.5913,5.5232,2.0174,4.3163,7.943,0.4181,1.4007,-3.3246,7.9464,0.3483,1.0742,3.444,car,315,109.1594,-47.7188,0.1071,-0.0645,-0.125,-0.0017,149.7375,0.12502263795009286,0.4500814966203343,-1.2863000000000113,-12.872499999999995,7.8359,0.48260000000000003,7.850747198197125,12.936607899291062,0,07_315_318_12269_ego_315,0,12269,12269,12269,vehicle_vehicle,0.2933907283478527,2.8467108791260154,0.8132500789188812,14.870822391851764,15.0,3.0,3.5,0.8,0.12860956418556124,0.46299443106802046
7,311,12268,473,98.9073,-49.1481,81.055,2.0722,5.0047,0.6634,6.7268,-2.3227,0.9377,6.7482,-0.3906,0.5651,-2.4402,car,315,109.1594,-47.7188,0.1071,-0.0645,-0.125,-0.0017,149.7375,0.12502263795009286,0.4500814966203343,-10.252099999999999,-1.4292999999999978,0.5563,6.7913,6.814046182702315,10.35125368735594,0,07_315_318_12269_ego_315,0,12269,12269,12269,vehicle_vehicle,0.2933907283478527,2.8467108791260154,0.8132500789188812,14.870822391851764,15.0,3.0,3.5,0.8,0.12860956418556124,0.46299443106802046
7,315,12268,379,109.1594,-47.7188,149.7375,1.925,4.0346,0.1071,-0.0645,0.1108,-0.1136,-0.125,-0.0017,-0.1529,-0.0423,car,315,109.1594,-47.7188,0.1071,-0.0645,-0.125,-0.0017,149.7375,0.12502263795009286,0.4500814966203343,0.0,0.0,0.0,0.0,0.0,0.0,1,07_315_318_12269_ego_315,1,12269,12269,12269,vehicle_vehicle,0.2933907283478527,2.8467108791260154,0.8132500789188812,14.870822391851764,15.0,3.0,3.5,0.8,0.12860956418556124,0.46299443106802046
7,318,12268,266,122.8509,-54.0398,160.3872,2.2707,6.3697,-4.7754,1.8699,0.9259,-0.2603,5.126,0.1585,-0.9596,0.0656,van,315,109.1594,-47.7188,0.1071,-0.0645,-0.125,-0.0017,149.7375,0.12502263795009286,0.4500814966203343,13.69149999999999,-6.320999999999998,-4.8825,1.9344,5.25173396222619,15.08019274578411,0,07_315_318_12269_ego_315,1,12269,12269,12269,vehicle_vehicle,0.2933907283478527,2.8467108791260154,0.8132500789188812,14.870822391851764,15.0,3.0,3.5,0.8,0.12860956418556124,0.46299443106802046
7,309,12269,499,108.1925,-60.5768,4.4888,2.0174,4.3163,7.9974,0.2806,1.4045,-3.3107,7.9948,0.3462,1.1411,3.4105,car,315,109.1633,-47.7218,0.1091,-0.0681,-0.1285,-0.0039,149.7574,0.12860956418556124,0.46299443106802046,-0.9708000000000112,-12.854999999999997,7.8883,0.3487,7.896003329533239,12.891604928789896,0,07_315_318_12269_ego_315,0,12269,12269,12269,vehicle_vehicle,0.2933907283478527,2.8467108791260154,0.8132500789188812,14.870822391851764,15.0,3.0,3.5,0.8,0.12860956418556124,0.46299443106802046
7,311,12269,474,98.9314,-48.8786,81.9271,2.0722,5.0047,0.5673,6.7627,-2.2756,0.9385,6.7754,-0.388,0.6097,-2.3849,car,315,109.1633,-47.7218,0.1091,-0.0681,-0.1285,-0.0039,149.7574,0.12860956418556124,0.46299443106802046,-10.23190000000001,-1.156799999999997,0.45820000000000005,6.8308,6.846150442401919,10.297085211359583,0,07_315_318_12269_ego_315,0,12269,12269,12269,vehicle_vehicle,0.2933907283478527,2.8467108791260154,0.8132500789188812,14.870822391851764,15.0,3.0,3.5,0.8,0.12860956418556124,0.46299443106802046
7,315,12269,380,109.1633,-47.7218,149.7574,1.925,4.0346,0.1091,-0.0681,0.0993,-0.1043,-0.1285,-0.0039,-0.1383,-0.0401,car,315,109.1633,-47.7218,0.1091,-0.0681,-0.1285,-0.0039,149.7574,0.12860956418556124,0.46299443106802046,0.0,0.0,0.0,0.0,0.0,0.0,1,07_315_318_12269_ego_315,1,12269,12269,12269,vehicle_vehicle,0.2933907283478527,2.8467108791260154,0.8132500789188812,14.870822391851764,15.0,3.0,3.5,0.8,0.12860956418556124,0.46299443106802046
7,318,12269,267,122.6602,-53.9648,160.3712,2.2707,6.3697,-4.7377,1.8595,0.9762,-0.278,5.087,0.16,-1.0128,0.0661,van,315,109.1633,-47.7218,0.1091,-0.0681,-0.1285,-0.0039,149.7574,0.12860956418556124,0.46299443106802046,13.496899999999997,-6.242999999999995,-4.8468,1.9276,5.216043711473285,14.870822391851764,0,07_315_318_12269_ego_315,1,12269,12269,12269,vehicle_vehicle,0.2933907283478527,2.8467108791260154,0.8132500789188812,14.870822391851764,15.0,3.0,3.5,0.8,0.12860956418556124,0.46299443106802046
7,309,12270,500,108.5139,-60.5678,3.4743,2.0174,4.3163,8.0518,0.1434,1.41,-3.2922,8.0457,0.3448,1.2079,3.3716,car,315,109.1674,-47.725,0.1107,-0.0711,-0.1315,-0.0057,149.7677,0.13156633307955345,0.47363879908639245,-0.653499999999994,-12.842799999999997,7.9411000000000005,0.2145,7.943996441338579,12.859415775609712,0,07_315_318_12269_ego_315,0,12269,12269,12269,vehicle_vehicle,0.2933907283478527,2.8467108791260154,0.8132500789188812,14.870822391851764,15.0,3.0,3.5,0.8,0.12860956418556124,0.46299443106802046
7,311,12270,475,98.9516,-48.6077,82.7787,2.0722,5.0047,0.4734,6.7988,-2.2255,0.9409,6.8044,-0.385,0.6537,-2.3261,car,315,109.1674,-47.725,0.1107,-0.0711,-0.1315,-0.0057,149.7677,0.13156633307955345,0.47363879908639245,-10.215800000000002,-0.8826999999999998,0.36269999999999997,6.8699,6.87946780645131,10.253864097500026,0,07_315_318_12269_ego_315,0,12269,12269,12269,vehicle_vehicle,0.2933907283478527,2.8467108791260154,0.8132500789188812,14.870822391851764,15.0,3.0,3.5,0.8,0.12860956418556124,0.46299443106802046
7,315,12270,381,109.1674,-47.725,149.7677,1.925,4.0346,0.1107,-0.0711,0.0902,-0.0961,-0.1315,-0.0057,-0.1263,-0.0376,car,315,109.1674,-47.725,0.1107,-0.0711,-0.1315,-0.0057,149.7677,0.13156633307955345,0.47363879908639245,0.0,0.0,0.0,0.0,0.0,0.0,1,07_315_318_12269_ego_315,1,12269,12269,12269,vehicle_vehicle,0.2933907283478527,2.8467108791260154,0.8132500789188812,14.870822391851764,15.0,3.0,3.5,0.8,0.12860956418556124,0.46299443106802046
7,318,12270,268,122.4714,-53.89,160.3562,2.2707,6.3697,-4.6979,1.8482,1.0257,-0.2955,5.0457,0.1613,-1.0653,0.0665,van,315,109.1674,-47.725,0.1107,-0.0711,-0.1315,-0.0057,149.7677,0.13156633307955345,0.47363879908639245,13.304000000000002,-6.164999999999999,-4.808599999999999,1.9193,5.177484567818623,14.663002455159042,0,07_315_318_12269_ego_315,1,12269,12269,12269,vehicle_vehicle,0.2933907283478527,2.8467108791260154,0.8132500789188812,14.870822391851764,15.0,3.0,3.5,0.8,0.12860956418556124,0.46299443106802046
7,309,12271,501,108.8373,-60.5641,2.4667,2.0174,4.3163,8.1063,0.0067,1.4173,-3.2688,8.099,0.3421,1.2753,3.3268,car,315,109.1714,-47.7281,0.1122,-0.0738,-0.1341,-0.0072,149.7678,0.13429549508453364,0.48346378230432113,-0.3341000000000065,-12.836000000000006,7.9940999999999995,0.0805,7.994505304269927,12.840347300988402,0,07_315_318_12269_ego_315,0,12269,12269,12269,vehicle_vehicle,0.2933907283478527,2.8467108791260154,0.8132500789188812,14.870822391851764,15.0,3.0,3.5,0.8,0.12860956418556124,0.46299443106802046
7,311,12271,476,98.9674,-48.335,83.6143,2.0722,5.0047,0.382,6.835,-2.1727,0.9448,6.8351,-0.3806,0.6973,-2.2643,car,315,109.1714,-47.7281,0.1122,-0.0738,-0.1341,-0.0072,149.7678,0.13429549508453364,0.48346378230432113,-10.204000000000008,-0.6069000000000031,0.26980000000000004,6.9088,6.914066059852192,10.222032264183095,0,07_315_318_12269_ego_315,0,12269,12269,12269,vehicle_vehicle,0.2933907283478527,2.8467108791260154,0.8132500789188812,14.870822391851764,15.0,3.0,3.5,0.8,0.12860956418556124,0.46299443106802046
7,315,12271,382,109.1714,-47.7281,149.7678,1.925,4.0346,0.1122,-0.0738,0.0833,-0.089,-0.1341,-0.0072,-0.1168,-0.035,car,315,109.1714,-47.7281,0.1122,-0.0738,-0.1341,-0.0072,149.7678,0.13429549508453364,0.48346378230432113,0.0,0.0,0.0,0.0,0.0,0.0,1,07_315_318_12269_ego_315,1,12269,12269,12269,vehicle_vehicle,0.2933907283478527,2.8467108791260154,0.8132500789188812,14.870822391851764,15.0,3.0,3.5,0.8,0.12860956418556124,0.46299443106802046
7,318,12271,269,122.2836,-53.8156,160.3375,2.2707,6.3697,-4.6558,1.8358,1.0743,-0.3127,5.002,0.1622,-1.1168,0.067,van,315,109.1714,-47.7281,0.1122,-0.0738,-0.1341,-0.0072,149.7678,0.13429549508453364,0.48346378230432113,13.112200000000001,-6.087500000000006,-4.768,1.9096000000000002,5.136184981092484,14.456398067637737,0,07_315_318_12269_ego_315,1,12269,12269,12269,vehicle_vehicle,0.2933907283478527,2.8467108791260154,0.8132500789188812,14.870822391851764,15.0,3.0,3.5,0.8,0.12860956418556124,0.46299443106802046
7,309,12272,502,109.1627,-60.5658,1.4806,2.0174,4.3163,8.1611,-0.1293,1.4265,-3.2403,8.155,0.3401,1.3423,3.2761,car,315,109.1752,-47.7317,0.1137,-0.0759,-0.1365,-0.0083,149.762,0.13670588868077335,0.4921411992507841,-0.012500000000002842,-12.834100000000007,8.0474,-0.0534,8.04757717080116,12.834106087297243,0,07_315_318_12269_ego_315,0,12269,12269,12269,vehicle_vehicle,0.2933907283478527,2.8467108791260154,0.8132500789188812,14.870822391851764,15.0,3.0,3.5,0.8,0.12860956418556124,0.46299443106802046
7,311,12272,477,98.9799,-48.0615,84.428,2.0722,5.0047,0.2931,6.8716,-2.1177,0.95,6.8676,-0.3755,0.7399,-2.1999,car,315,109.1752,-47.7317,0.1137,-0.0759,-0.1365,-0.0083,149.762,0.13670588868077335,0.4921411992507841,-10.195300000000003,-0.32980000000000587,0.17940000000000003,6.9475,6.949815868783863,10.200632829878746,0,07_315_318_12269_ego_315,0,12269,12269,12269,vehicle_vehicle,0.2933907283478527,2.8467108791260154,0.8132500789188812,14.870822391851764,15.0,3.0,3.5,0.8,0.12860956418556124,0.46299443106802046
7,315,12272,383,109.1752,-47.7317,149.762,1.925,4.0346,0.1137,-0.0759,0.0784,-0.0832,-0.1365,-0.0083,-0.1096,-0.0324,car,315,109.1752,-47.7317,0.1137,-0.0759,-0.1365,-0.0083,149.762,0.13670588868077335,0.4921411992507841,0.0,0.0,0.0,0.0,0.0,0.0,1,07_315_318_12269_ego_315,1,12269,12269,12269,vehicle_vehicle,0.2933907283478527,2.8467108791260154,0.8132500789188812,14.870822391851764,15.0,3.0,3.5,0.8,0.12860956418556124,0.46299443106802046
7,318,12272,270,122.0977,-53.7423,160.3229,2.2707,6.3697,-4.6116,1.8227,1.1217,-0.3293,4.956,0.1635,-1.1671,0.0677,van,315,109.1752,-47.7317,0.1137,-0.0759,-0.1365,-0.0083,149.762,0.13670588868077335,0.4921411992507841,12.9225,-6.010600000000004,-4.7253,1.8986,5.092459332189114,14.251958413144491,0,07_315_318_12269_ego_315,1,12269,12269,12269,vehicle_vehicle,0.2933907283478527,2.8467108791260154,0.8132500789188812,14.870822391851764,15.0,3.0,3.5,0.8,0.12860956418556124,0.46299443106802046
7,309,12273,503,109.4906,-60.5729,0.5071,2.0174,4.3163,8.2161,-0.2644,1.4377,-3.2065,8.2134,0.3371,1.4093,3.2191,car,315,109.1793,-47.7351,0.1153,-0.0777,-0.1387,-0.0091,149.7496,0.13903733311596567,0.5005343992174764,0.3113000000000028,-12.837799999999994,8.100800000000001,-0.18670000000000003,8.102951161768162,12.841573755969314,0,07_315_318_12269_ego_315,0,12269,12269,12269,vehicle_vehicle,0.2933907283478527,2.8467108791260154,0.8132500789188812,14.870822391851764,15.0,3.0,3.5,0.8,0.12860956418556124,0.46299443106802046
7,311,12273,478,98.9887,-47.7867,85.2205,2.0722,5.0047,0.2069,6.9087,-2.061,0.9562,6.902,-0.3695,0.7811,-2.1335,car,315,109.1793,-47.7351,0.1153,-0.0777,-0.1387,-0.0091,149.7496,0.13903733311596567,0.5005343992174764,-10.190600000000003,-0.051600000000000534,0.0916,6.9864,6.987000466580777,10.190730637201636,0,07_315_318_12269_ego_315,0,12269,12269,12269,vehicle_vehicle,0.2933907283478527,2.8467108791260154,0.8132500789188812,14.870822391851764,15.0,3.0,3.5,0.8,0.12860956418556124,0.46299443106802046
7,315,12273,384,109.1793,-47.7351,149.7496,1.925,4.0346,0.1153,-0.0777,0.0752,-0.0789,-0.1387,-0.0091,-0.1047,-0.0303,car,315,109.1793,-47.7351,0.1153,-0.0777,-0.1387,-0.0091,149.7496,0.13903733311596567,0.5005343992174764,0.0,0.0,0.0,0.0,0.0,0.0,1,07_315_318_12269_ego_315,1,12269,12269,12269,vehicle_vehicle,0.2933907283478527,2.8467108791260154,0.8132500789188812,14.870822391851764,15.0,3.0,3.5,0.8,0.12860956418556124,0.46299443106802046
7,318,12273,271,121.9138,-53.6699,160.3071,2.2707,6.3697,-4.5653,1.8091,1.1679,-0.3454,4.9079,0.1649,-1.2159,0.0684,van,315,109.1793,-47.7351,0.1153,-0.0777,-0.1387,-0.0091,149.7496,0.13903733311596567,0.5005343992174764,12.734499999999997,-5.934799999999996,-4.6806,1.8868,5.0465860341422895,14.049531710701247,0,07_315_318_12269_ego_315,1,12269,12269,12269,vehicle_vehicle,0.2933907283478527,2.8467108791260154,0.8132500789188812,14.870822391851764,15.0,3.0,3.5,0.8,0.12860956418556124,0.46299443106802046
7,309,12274,504,109.8208,-60.5857,359.5501,2.0174,4.3163,8.2714,-0.3983,1.4511,-3.167,8.2743,0.3333,1.4759,3.1555,car,315,109.1829,-47.7379,0.1171,-0.0795,-0.1412,-0.0097,149.7444,0.14153677967228165,0.509532406820214,0.6379000000000019,-12.8478,8.1543,-0.3188,8.160529512844125,12.86362628693791,0,07_315_318_12269_ego_315,0,12269,12269,12269,vehicle_vehicle,0.2933907283478527,2.8467108791260154,0.8132500789188812,14.870822391851764,15.0,3.0,3.5,0.8,0.12860956418556124,0.46299443106802046
7,311,12274,479,98.9938,-47.5104,85.9927,2.0722,5.0047,0.1236,6.9464,-2.0031,0.9631,6.9381,-0.3622,0.8208,-2.0655,car,315,109.1829,-47.7379,0.1171,-0.0795,-0.1412,-0.0097,149.7444,0.14153677967228165,0.509532406820214,-10.18910000000001,0.22750000000000625,0.006500000000000006,7.0259,7.025903006731591,10.191639468701796,0,07_315_318_12269_ego_315,0,12269,12269,12269,vehicle_vehicle,0.2933907283478527,2.8467108791260154,0.8132500789188812,14.870822391851764,15.0,3.0,3.5,0.8,0.12860956418556124,0.46299443106802046
7,315,12274,385,109.1829,-47.7379,149.7444,1.925,4.0346,0.1171,-0.0795,0.0734,-0.0761,-0.1412,-0.0097,-0.1017,-0.0287,car,315,109.1829,-47.7379,0.1171,-0.0795,-0.1412,-0.0097,149.7444,0.14153677967228165,0.509532406820214,0.0,0.0,0.0,0.0,0.0,0.0,1,07_315_318_12269_ego_315,1,12269,12269,12269,vehicle_vehicle,0.2933907283478527,2.8467108791260154,0.8132500789188812,14.870822391851764,15.0,3.0,3.5,0.8,0.12860956418556124,0.46299443106802046
7,318,12274,272,121.7311,-53.5974,160.2826,2.2707,6.3697,-4.5168,1.7947,1.2124,-0.3609,4.8574,0.1656,-1.2631,0.0693,van,315,109.1829,-47.7379,0.1171,-0.0795,-0.1412,-0.0097,149.7444,0.14153677967228165,0.509532406820214,12.548199999999994,-5.859499999999997,-4.6339,1.8741999999999999,4.99856527915761,13.84886506144095,0,07_315_318_12269_ego_315,1,12269,12269,12269,vehicle_vehicle,0.2933907283478527,2.8467108791260154,0.8132500789188812,14.870822391851764,15.0,3.0,3.5,0.8,0.12860956418556124,0.46299443106802046
7,309,12275,505,110.1531,-60.6039,358.6226,2.0174,4.3163,8.3271,-0.5307,1.4666,-3.1219,8.3375,0.3304,1.5412,3.0857,car,315,109.1868,-47.7405,0.1192,-0.0814,-0.144,-0.0103,149.7336,0.14434195509275882,0.5196310383339318,0.9662999999999897,-12.863400000000006,8.2079,-0.4492999999999999,8.220188130450545,12.899643221810443,0,07_315_318_12269_ego_315,0,12269,12269,12269,vehicle_vehicle,0.2933907283478527,2.8467108791260154,0.8132500789188812,14.870822391851764,15.0,3.0,3.5,0.8,0.12860956418556124,0.46299443106802046
7,311,12275,480,98.9955,-47.2326,86.7311,2.0722,5.0047,0.0432,6.9848,-1.9447,0.9704,6.9759,-0.3551,0.8579,-1.9969,car,315,109.1868,-47.7405,0.1192,-0.0814,-0.144,-0.0103,149.7336,0.14434195509275882,0.5196310383339318,-10.191299999999998,0.5078999999999994,-0.076,7.0662,7.0666086944162965,10.203948162353628,0,07_315_318_12269_ego_315,0,12269,12269,12269,vehicle_vehicle,0.2933907283478527,2.8467108791260154,0.8132500789188812,14.870822391851764,15.0,3.0,3.5,0.8,0.12860956418556124,0.46299443106802046
7,315,12275,386,109.1868,-47.7405,149.7336,1.925,4.0346,0.1192,-0.0814,0.0726,-0.0745,-0.144,-0.0103,-0.1002,-0.0277,car,315,109.1868,-47.7405,0.1192,-0.0814,-0.144,-0.0103,149.7336,0.14434195509275882,0.5196310383339318,0.0,0.0,0.0,0.0,0.0,0.0,1,07_315_318_12269_ego_315,1,12269,12269,12269,vehicle_vehicle,0.2933907283478527,2.8467108791260154,0.8132500789188812,14.870822391851764,15.0,3.0,3.5,0.8,0.12860956418556124,0.46299443106802046
7,318,12275,273,121.5501,-53.5261,160.2557,2.2707,6.3697,-4.466,1.7797,1.2549,-0.3759,4.8046,0.1663,-1.3081,0.0702,van,315,109.1868,-47.7405,0.1192,-0.0814,-0.144,-0.0103,149.7336,0.14434195509275882,0.5196310383339318,12.363299999999995,-5.785600000000002,-4.5852,1.8611,4.948510104061626,13.650067921076433,0,07_315_318_12269_ego_315,1,12269,12269,12269,vehicle_vehicle,0.2933907283478527,2.8467108791260154,0.8132500789188812,14.870822391851764,15.0,3.0,3.5,0.8,0.12860956418556124,0.46299443106802046
7,309,12276,506,110.4875,-60.6277,357.7069,2.0174,4.3163,8.3834,-0.6613,1.4845,-3.071,8.4032,0.3254,1.6062,3.0092,car,315,109.1915,-47.7433,0.1213,-0.0835,-0.1468,-0.0109,149.7161,0.14726146814425015,0.5301412853193005,1.2959999999999923,-12.8844,8.2621,-0.5778,8.28227923038097,12.949416178345647,0,07_315_318_12269_ego_315,0,12269,12269,12269,vehicle_vehicle,0.2933907283478527,2.8467108791260154,0.8132500789188812,14.870822391851764,15.0,3.0,3.5,0.8,0.12860956418556124,0.46299443106802046
7,311,12276,481,98.9954,-46.9533,87.4381,2.0722,5.0047,-0.0347,7.0237,-1.8861,0.9777,7.0151,-0.3486,0.8924,-1.9279,car,315,109.1915,-47.7433,0.1213,-0.0835,-0.1468,-0.0109,149.7161,0.14726146814425015,0.5301412853193005,-10.196100000000001,0.7899999999999991,-0.156,7.1072,7.1089118604748505,10.226659044380037,0,07_315_318_12269_ego_315,0,12269,12269,12269,vehicle_vehicle,0.2933907283478527,2.8467108791260154,0.8132500789188812,14.870822391851764,15.0,3.0,3.5,0.8,0.12860956418556124,0.46299443106802046
7,315,12276,387,109.1915,-47.7433,149.7161,1.925,4.0346,0.1213,-0.0835,0.0726,-0.0739,-0.1468,-0.0109,-0.1,-0.0272,car,315,109.1915,-47.7433,0.1213,-0.0835,-0.1468,-0.0109,149.7161,0.14726146814425015,0.5301412853193005,0.0,0.0,0.0,0.0,0.0,0.0,1,07_315_318_12269_ego_315,1,12269,12269,12269,vehicle_vehicle,0.2933907283478527,2.8467108791260154,0.8132500789188812,14.870822391851764,15.0,3.0,3.5,0.8,0.12860956418556124,0.46299443106802046
7,318,12276,274,121.3725,-53.4557,160.2201,2.2707,6.3697,-4.4135,1.7643,1.2951,-0.3904,4.7502,0.1666,-1.3508,0.0709,van,315,109.1915,-47.7433,0.1213,-0.0835,-0.1468,-0.0109,149.7161,0.14726146814425015,0.5301412853193005,12.180999999999997,-5.712400000000002,-4.5348,1.8477999999999999,4.896812828769341,13.45393157259245,0,07_315_318_12269_ego_315,1,12269,12269,12269,vehicle_vehicle,0.2933907283478527,2.8467108791260154,0.8132500789188812,14.870822391851764,15.0,3.0,3.5,0.8,0.12860956418556124,0.46299443106802046
7,309,12277,507,110.8242,-60.6567,356.8168,2.0174,4.3163,8.4404,-0.7899,1.5048,-3.0144,8.4712,0.32,1.6699,2.9262,car,315,109.1961,-47.7461,0.1235,-0.0858,-0.1499,-0.0118,149.7084,0.15037915414045924,0.5413649549056533,1.6281000000000034,-12.910600000000002,8.3169,-0.7041000000000001,8.346650970299406,13.012851415811989,0,07_315_318_12269_ego_315,0,12269,12269,12269,vehicle_vehicle,0.2933907283478527,2.8467108791260154,0.8132500789188812,14.870822391851764,15.0,3.0,3.5,0.8,0.12860956418556124,0.46299443106802046
7,311,12277,482,98.992,-46.6716,88.1283,2.0722,5.0047,-0.11,7.0629,-1.8275,0.9849,7.0556,-0.3406,0.9247,-1.8587,car,315,109.1961,-47.7461,0.1235,-0.0858,-0.1499,-0.0118,149.7084,0.15037915414045924,0.5413649549056533,-10.204099999999997,1.0745000000000005,-0.23349999999999999,7.1487,7.1525124215201465,10.260516900234604,0,07_315_318_12269_ego_315,0,12269,12269,12269,vehicle_vehicle,0.2933907283478527,2.8467108791260154,0.8132500789188812,14.870822391851764,15.0,3.0,3.5,0.8,0.12860956418556124,0.46299443106802046
7,315,12277,388,109.1961,-47.7461,149.7084,1.925,4.0346,0.1235,-0.0858,0.0734,-0.0741,-0.1499,-0.0118,-0.1008,-0.027,car,315,109.1961,-47.7461,0.1235,-0.0858,-0.1499,-0.0118,149.7084,0.15037915414045924,0.5413649549056533,0.0,0.0,0.0,0.0,0.0,0.0,1,07_315_318_12269_ego_315,1,12269,12269,12269,vehicle_vehicle,0.2933907283478527,2.8467108791260154,0.8132500789188812,14.870822391851764,15.0,3.0,3.5,0.8,0.12860956418556124,0.46299443106802046
7,318,12277,275,121.1971,-53.3855,160.1794,2.2707,6.3697,-4.3595,1.7484,1.333,-0.4046,4.694,0.1666,-1.3912,0.0714,van,315,109.1961,-47.7461,0.1235,-0.0858,-0.1499,-0.0118,149.7084,0.15037915414045924,0.5413649549056533,12.001000000000005,-5.639400000000002,-4.483,1.8342,4.843715375618183,13.259971091974528,0,07_315_318_12269_ego_315,1,12269,12269,12269,vehicle_vehicle,0.2933907283478527,2.8467108791260154,0.8132500789188812,14.870822391851764,15.0,3.0,3.5,0.8,0.12860956418556124,0.46299443106802046
7,309,12278,508,111.1631,-60.6913,355.9501,2.0174,4.3163,8.4981,-0.9159,1.5275,-2.9523,8.5416,0.3134,1.7322,2.837,car,315,109.2005,-47.7489,0.126,-0.0883,-0.1533,-0.0127,149.7047,0.1538599688028046,0.5538958876900966,1.9625999999999948,-12.9424,8.372100000000001,-0.8276,8.41290557239293,13.090359678786522,0,07_315_318_12269_ego_315,0,12269,12269,12269,vehicle_vehicle,0.2933907283478527,2.8467108791260154,0.8132500789188812,14.870822391851764,15.0,3.0,3.5,0.8,0.12860956418556124,0.46299443106802046
7,311,12278,483,98.9856,-46.3882,88.7956,2.0722,5.0047,-0.1828,7.1024,-1.7692,0.992,7.097,-0.332,0.9546,-1.7896,car,315,109.2005,-47.7489,0.126,-0.0883,-0.1533,-0.0127,149.7047,0.1538599688028046,0.5538958876900966,-10.2149,1.3607000000000014,-0.30879999999999996,7.1907000000000005,7.19732755472474,10.30512913553246,0,07_315_318_12269_ego_315,0,12269,12269,12269,vehicle_vehicle,0.2933907283478527,2.8467108791260154,0.8132500789188812,14.870822391851764,15.0,3.0,3.5,0.8,0.12860956418556124,0.46299443106802046
7,315,12278,389,109.2005,-47.7489,149.7047,1.925,4.0346,0.126,-0.0883,0.0748,-0.0749,-0.1533,-0.0127,-0.1023,-0.0269,car,315,109.2005,-47.7489,0.126,-0.0883,-0.1533,-0.0127,149.7047,0.1538599688028046,0.5538958876900966,0.0,0.0,0.0,0.0,0.0,0.0,1,07_315_318_12269_ego_315,1,12269,12269,12269,vehicle_vehicle,0.2933907283478527,2.8467108791260154,0.8132500789188812,14.870822391851764,15.0,3.0,3.5,0.8,0.12860956418556124,0.46299443106802046
7,318,12278,276,121.0231,-53.3154,160.1355,2.2707,6.3697,-4.3036,1.7317,1.3685,-0.4183,4.636,0.1663,-1.4293,0.0716,van,315,109.2005,-47.7489,0.126,-0.0883,-0.1533,-0.0127,149.7047,0.1538599688028046,0.5538958876900966,11.822599999999994,-5.566499999999998,-4.429600000000001,1.82,4.788920145502534,13.067509059112982,0,07_315_318_12269_ego_315,1,12269,12269,12269,vehicle_vehicle,0.2933907283478527,2.8467108791260154,0.8132500789188812,14.870822391851764,15.0,3.0,3.5,0.8,0.12860956418556124,0.46299443106802046
7,309,12279,509,111.5042,-60.7317,355.1147,2.0174,4.3163,8.5568,-1.0389,1.5527,-2.8849,8.6142,0.3064,1.7928,2.7422,car,315,109.205,-47.7517,0.1288,-0.0912,-0.1572,-0.0139,149.7135,0.1578191369891497,0.568148893160939,2.299199999999999,-12.979999999999997,8.428,-0.9477,8.481115450811881,13.182060561232447,0,07_315_318_12269_ego_315,0,12269,12269,12269,vehicle_vehicle,0.2933907283478527,2.8467108791260154,0.8132500789188812,14.870822391851764,15.0,3.0,3.5,0.8,0.12860956418556124,0.46299443106802046
7,311,12279,484,98.9765,-46.1035,89.4429,2.0722,5.0047,-0.2531,7.1423,-1.7112,0.9989,7.1395,-0.3225,0.9823,-1.7208,car,315,109.205,-47.7517,0.1288,-0.0912,-0.1572,-0.0139,149.7135,0.1578191369891497,0.568148893160939,-10.228499999999997,1.6482000000000028,-0.3819,7.233499999999999,7.243574384238764,10.360442823065043,0,07_315_318_12269_ego_315,0,12269,12269,12269,vehicle_vehicle,0.2933907283478527,2.8467108791260154,0.8132500789188812,14.870822391851764,15.0,3.0,3.5,0.8,0.12860956418556124,0.46299443106802046
7,315,12279,390,109.205,-47.7517,149.7135,1.925,4.0346,0.1288,-0.0912,0.0764,-0.0758,-0.1572,-0.0139,-0.1043,-0.0269,car,315,109.205,-47.7517,0.1288,-0.0912,-0.1572,-0.0139,149.7135,0.1578191369891497,0.568148893160939,0.0,0.0,0.0,0.0,0.0,0.0,1,07_315_318_12269_ego_315,1,12269,12269,12269,vehicle_vehicle,0.2933907283478527,2.8467108791260154,0.8132500789188812,14.870822391851764,15.0,3.0,3.5,0.8,0.12860956418556124,0.46299443106802046
7,318,12279,277,120.8508,-53.2467,160.0891,2.2707,6.3697,-4.2459,1.7145,1.4013,-0.4316,4.5759,0.166,-1.4645,0.0714,van,315,109.205,-47.7517,0.1288,-0.0912,-0.1572,-0.0139,149.7135,0.1578191369891497,0.568148893160939,11.645800000000008,-5.494999999999997,-4.3747,1.8056999999999999,4.732710912363019,12.877099154700959,0,07_315_318_12269_ego_315,1,12269,12269,12269,vehicle_vehicle,0.2933907283478527,2.8467108791260154,0.8132500789188812,14.870822391851764,15.0,3.0,3.5,0.8,0.12860956418556124,0.46299443106802046
7,309,12280,510,111.8472,-60.7765,354.3144,2.0174,4.3163,8.6167,-1.1588,1.5802,-2.8129,8.6891,0.2994,1.8511,2.6425,car,315,109.2096,-47.7548,0.1319,-0.0945,-0.1615,-0.0151,149.7278,0.16225862072629607,0.5841310346146659,2.637600000000006,-13.021699999999996,8.4848,-1.0643,8.551290284512625,13.286143332434733,0,07_315_318_12269_ego_315,0,12269,12269,12269,vehicle_vehicle,0.2933907283478527,2.8467108791260154,0.8132500789188812,14.870822391851764,15.0,3.0,3.5,0.8,0.12860956418556124,0.46299443106802046
7,311,12280,485,98.9649,-45.817,90.0648,2.0722,5.0047,-0.321,7.1825,-1.6538,1.0057,7.1828,-0.3129,1.0076,-1.6526,car,315,109.2096,-47.7548,0.1319,-0.0945,-0.1615,-0.0151,149.7278,0.16225862072629607,0.5841310346146659,-10.244699999999995,1.9378000000000029,-0.45289999999999997,7.277,7.291079989274565,10.426358277461977,0,07_315_318_12269_ego_315,0,12269,12269,12269,vehicle_vehicle,0.2933907283478527,2.8467108791260154,0.8132500789188812,14.870822391851764,15.0,3.0,3.5,0.8,0.12860956418556124,0.46299443106802046
7,315,12280,391,109.2096,-47.7548,149.7278,1.925,4.0346,0.1319,-0.0945,0.0782,-0.0768,-0.1615,-0.0151,-0.1062,-0.0269,car,315,109.2096,-47.7548,0.1319,-0.0945,-0.1615,-0.0151,149.7278,0.16225862072629607,0.5841310346146659,0.0,0.0,0.0,0.0,0.0,0.0,1,07_315_318_12269_ego_315,1,12269,12269,12269,vehicle_vehicle,0.2933907283478527,2.8467108791260154,0.8132500789188812,14.870822391851764,15.0,3.0,3.5,0.8,0.12860956418556124,0.46299443106802046
7,318,12280,278,120.6811,-53.1785,160.0454,2.2707,6.3697,-4.1864,1.6968,1.4309,-0.4445,4.5141,0.1662,-1.4967,0.0705,van,315,109.2096,-47.7548,0.1319,-0.0945,-0.1615,-0.0151,149.7278,0.16225862072629607,0.5841310346146659,11.471500000000006,-5.423699999999997,-4.3183,1.7913000000000001,4.675090435488922,12.689043854443884,0,07_315_318_12269_ego_315,1,12269,12269,12269,vehicle_vehicle,0.2933907283478527,2.8467108791260154,0.8132500789188812,14.870822391851764,15.0,3.0,3.5,0.8,0.12860956418556124,0.46299443106802046
7,309,12281,511,112.1926,-60.8264,353.55,2.0174,4.3163,8.6779,-1.2753,1.6099,-2.7366,8.7662,0.2924,1.9071,2.5384,car,315,109.2147,-47.7582,0.1351,-0.0979,-0.166,-0.0165,149.7466,0.16684250058063743,0.6006330020902948,2.9779000000000053,-13.068199999999997,8.5428,-1.1774,8.623555102160593,13.403198858854552,0,07_315_318_12269_ego_315,0,12269,12269,12269,vehicle_vehicle,0.2933907283478527,2.8467108791260154,0.8132500789188812,14.870822391851764,15.0,3.0,3.5,0.8,0.12860956418556124,0.46299443106802046
7,311,12281,486,98.9514,-45.5289,90.6639,2.0722,5.0047,-0.3869,7.2229,-1.5967,1.0122,7.2269,-0.3032,1.0307,-1.5848,car,315,109.2147,-47.7582,0.1351,-0.0979,-0.166,-0.0165,149.7466,0.16684250058063743,0.6006330020902948,-10.263299999999987,2.229300000000002,-0.522,7.3208,7.339386666472888,10.502623737904722,0,07_315_318_12269_ego_315,0,12269,12269,12269,vehicle_vehicle,0.2933907283478527,2.8467108791260154,0.8132500789188812,14.870822391851764,15.0,3.0,3.5,0.8,0.12860956418556124,0.46299443106802046
7,315,12281,392,109.2147,-47.7582,149.7466,1.925,4.0346,0.1351,-0.0979,0.0799,-0.0775,-0.166,-0.0165,-0.108,-0.0267,car,315,109.2147,-47.7582,0.1351,-0.0979,-0.166,-0.0165,149.7466,0.16684250058063743,0.6006330020902948,0.0,0.0,0.0,0.0,0.0,0.0,1,07_315_318_12269_ego_315,1,12269,12269,12269,vehicle_vehicle,0.2933907283478527,2.8467108791260154,0.8132500789188812,14.870822391851764,15.0,3.0,3.5,0.8,0.12860956418556124,0.46299443106802046
7,318,12281,279,120.5147,-53.1113,160.0023,2.2707,6.3697,-4.1257,1.6788,1.457,-0.457,4.451,0.1666,-1.5254,0.0688,van,315,109.2147,-47.7582,0.1351,-0.0979,-0.166,-0.0165,149.7466,0.16684250058063743,0.6006330020902948,11.300000000000011,-5.353099999999998,-4.2608,1.7767000000000002,4.616392480064926,12.50382659868571,0,07_315_318_12269_ego_315,1,12269,12269,12269,vehicle_vehicle,0.2933907283478527,2.8467108791260154,0.8132500789188812,14.870822391851764,15.0,3.0,3.5,0.8,0.12860956418556124,0.46299443106802046
7,309,12282,512,112.5412,-60.8813,352.8248,2.0174,4.3163,8.7402,-1.3881,1.6415,-2.6567,8.8451,0.2855,1.9605,2.4308,car,315,109.2202,-47.762,0.1384,-0.1014,-0.1706,-0.0179,149.7822,0.17157074342672762,0.6176546763362195,3.320999999999998,-13.119300000000003,8.601799999999999,-1.2867,8.697503097441242,13.533110266675582,0,07_315_318_12269_ego_315,0,12269,12269,12269,vehicle_vehicle,0.2933907283478527,2.8467108791260154,0.8132500789188812,14.870822391851764,15.0,3.0,3.5,0.8,0.12860956418556124,0.46299443106802046
7,311,12282,487,98.936,-45.2394,91.2495,2.0722,5.0047,-0.4511,7.2636,-1.5395,1.0186,7.2717,-0.2926,1.0519,-1.517,car,315,109.2202,-47.762,0.1384,-0.1014,-0.1706,-0.0179,149.7822,0.17157074342672762,0.6176546763362195,-10.284199999999998,2.522599999999997,-0.5895,7.365,7.3885543410060945,10.589064189058444,0,07_315_318_12269_ego_315,0,12269,12269,12269,vehicle_vehicle,0.2933907283478527,2.8467108791260154,0.8132500789188812,14.870822391851764,15.0,3.0,3.5,0.8,0.12860956418556124,0.46299443106802046
7,315,12282,393,109.2202,-47.762,149.7822,1.925,4.0346,0.1384,-0.1014,0.0814,-0.0778,-0.1706,-0.0179,-0.1095,-0.0262,car,315,109.2202,-47.762,0.1384,-0.1014,-0.1706,-0.0179,149.7822,0.17157074342672762,0.6176546763362195,0.0,0.0,0.0,0.0,0.0,0.0,1,07_315_318_12269_ego_315,1,12269,12269,12269,vehicle_vehicle,0.2933907283478527,2.8467108791260154,0.8132500789188812,14.870822391851764,15.0,3.0,3.5,0.8,0.12860956418556124,0.46299443106802046
7,318,12282,280,120.3519,-53.0451,159.9498,2.2707,6.3697,-4.0644,1.6604,1.4799,-0.4693,4.3873,0.1663,-1.5511,0.0665,van,315,109.2202,-47.762,0.1384,-0.1014,-0.1706,-0.0179,149.7822,0.17157074342672762,0.6176546763362195,11.131699999999995,-5.2830999999999975,-4.2028,1.7618,4.557133647370899,12.32176491010926,0,07_315_318_12269_ego_315,1,12269,12269,12269,vehicle_vehicle,0.2933907283478527,2.8467108791260154,0.8132500789188812,14.870822391851764,15.0,3.0,3.5,0.8,0.12860956418556124,0.46299443106802046
7,309,12283,513,112.8919,-60.9401,352.1448,2.0174,4.3163,8.8038,-1.4972,1.6753,-2.5736,8.9258,0.2799,2.0113,2.3205,car,315,109.2259,-47.7662,0.1417,-0.1049,-0.1752,-0.0194,149.8255,0.17630343161719797,0.6346923538219127,3.666000000000011,-13.173900000000003,8.6621,-1.3923,8.773281922975006,13.67447246551033,0,07_315_318_12269_ego_315,0,12269,12269,12269,vehicle_vehicle,0.2933907283478527,2.8467108791260154,0.8132500789188812,14.870822391851764,15.0,3.0,3.5,0.8,0.12860956418556124,0.46299443106802046
7,311,12283,488,98.9185,-44.9481,91.83,2.0722,5.0047,-0.5137,7.3047,-1.4818,1.0246,7.3174,-0.2801,1.0714,-1.4483,car,315,109.2259,-47.7662,0.1417,-0.1049,-0.1752,-0.0194,149.8255,0.17630343161719797,0.6346923538219127,-10.307400000000001,2.818100000000001,-0.6554,7.4096,7.438529513284195,10.685699900802007,0,07_315_318_12269_ego_315,0,12269,12269,12269,vehicle_vehicle,0.2933907283478527,2.8467108791260154,0.8132500789188812,14.870822391851764,15.0,3.0,3.5,0.8,0.12860956418556124,0.46299443106802046
7,315,12283,394,109.2259,-47.7662,149.8255,1.925,4.0346,0.1417,-0.1049,0.0829,-0.0777,-0.1752,-0.0194,-0.1107,-0.0255,car,315,109.2259,-47.7662,0.1417,-0.1049,-0.1752,-0.0194,149.8255,0.17630343161719797,0.6346923538219127,0.0,0.0,0.0,0.0,0.0,0.0,1,07_315_318_12269_ego_315,1,12269,12269,12269,vehicle_vehicle,0.2933907283478527,2.8467108791260154,0.8132500789188812,14.870822391851764,15.0,3.0,3.5,0.8,0.12860956418556124,0.46299443106802046
7,318,12283,281,120.192,-52.9797,159.8979,2.2707,6.3697,-4.0028,1.6419,1.5,-0.4818,4.3232,0.1661,-1.5742,0.0631,van,315,109.2259,-47.7662,0.1417,-0.1049,-0.1752,-0.0194,149.8255,0.17630343161719797,0.6346923538219127,10.966099999999997,-5.213500000000003,-4.1445,1.7468,4.497576068283893,12.142319854953582,0,07_315_318_12269_ego_315,1,12269,12269,12269,vehicle_vehicle,0.2933907283478527,2.8467108791260154,0.8132500789188812,14.870822391851764,15.0,3.0,3.5,0.8,0.12860956418556124,0.46299443106802046
7,309,12284,514,113.2443,-61.0036,351.4967,2.0174,4.3163,8.8693,-1.6024,1.7108,-2.4881,9.0087,0.2733,2.0599,2.2078,car,315,109.2315,-47.7704,0.1452,-0.1084,-0.18,-0.0208,149.8587,0.18120044150056588,0.6523215894020372,4.012799999999999,-13.233199999999997,8.7241,-1.494,8.851099186541749,13.828237273058338,0,07_315_318_12269_ego_315,0,12269,12269,12269,vehicle_vehicle,0.2933907283478527,2.8467108791260154,0.8132500789188812,14.870822391851764,15.0,3.0,3.5,0.8,0.12860956418556124,0.46299443106802046
7,311,12284,489,98.8981,-44.6547,92.3921,2.0722,5.0047,-0.5745,7.3458,-1.4227,1.0304,7.3634,-0.2674,1.0889,-1.3785,car,315,109.2315,-47.7704,0.1452,-0.1084,-0.18,-0.0208,149.8587,0.18120044150056588,0.6523215894020372,-10.333399999999997,3.115700000000004,-0.7197,7.454199999999999,7.48886277948795,10.792902392313199,0,07_315_318_12269_ego_315,0,12269,12269,12269,vehicle_vehicle,0.2933907283478527,2.8467108791260154,0.8132500789188812,14.870822391851764,15.0,3.0,3.5,0.8,0.12860956418556124,0.46299443106802046
7,315,12284,395,109.2315,-47.7704,149.8587,1.925,4.0346,0.1452,-0.1084,0.0843,-0.0772,-0.18,-0.0208,-0.1117,-0.0245,car,315,109.2315,-47.7704,0.1452,-0.1084,-0.18,-0.0208,149.8587,0.18120044150056588,0.6523215894020372,0.0,0.0,0.0,0.0,0.0,0.0,1,07_315_318_12269_ego_315,1,12269,12269,12269,vehicle_vehicle,0.2933907283478527,2.8467108791260154,0.8132500789188812,14.870822391851764,15.0,3.0,3.5,0.8,0.12860956418556124,0.46299443106802046
7,318,12284,282,120.0341,-52.9141,159.8397,2.2707,6.3697,-3.9407,1.6227,1.5179,-0.4943,4.2585,0.1651,-1.5953,0.0591,van,315,109.2315,-47.7704,0.1452,-0.1084,-0.18,-0.0208,149.8587,0.18120044150056588,0.6523215894020372,10.802599999999998,-5.1436999999999955,-4.0859000000000005,1.7311,4.437486452937068,11.964690403432924,0,07_315_318_12269_ego_315,1,12269,12269,12269,vehicle_vehicle,0.2933907283478527,2.8467108791260154,0.8132500789188812,14.870822391851764,15.0,3.0,3.5,0.8,0.12860956418556124,0.46299443106802046
7,309,12285,515,113.5996,-61.0716,350.8845,2.0174,4.3163,8.9365,-1.7034,1.7478,-2.4007,9.0935,0.2661,2.106,2.0934,car,315,109.2374,-47.7748,0.1487,-0.1119,-0.1847,-0.0222,149.8812,0.18610024180532383,0.6699608704991659,4.362200000000001,-13.296799999999998,8.7878,-1.5915,8.930750309464486,13.994058706465395,0,07_315_318_12269_ego_315,0,12269,12269,12269,vehicle_vehicle,0.2933907283478527,2.8467108791260154,0.8132500789188812,14.870822391851764,15.0,3.0,3.5,0.8,0.12860956418556124,0.46299443106802046
7,311,12285,490,98.8755,-44.36,92.938,2.0722,5.0047,-0.6335,7.3872,-1.3618,1.036,7.41,-0.2541,1.1045,-1.307,car,315,109.2374,-47.7748,0.1487,-0.1119,-0.1847,-0.0222,149.8812,0.18610024180532383,0.6699608704991659,-10.361899999999991,3.4147999999999996,-0.7822,7.4991,7.539783660689476,10.91007931456045,0,07_315_318_12269_ego_315,0,12269,12269,12269,vehicle_vehicle,0.2933907283478527,2.8467108791260154,0.8132500789188812,14.870822391851764,15.0,3.0,3.5,0.8,0.12860956418556124,0.46299443106802046
7,315,12285,396,109.2374,-47.7748,149.8812,1.925,4.0346,0.1487,-0.1119,0.0855,-0.0763,-0.1847,-0.0222,-0.1123,-0.0231,car,315,109.2374,-47.7748,0.1487,-0.1119,-0.1847,-0.0222,149.8812,0.18610024180532383,0.6699608704991659,0.0,0.0,0.0,0.0,0.0,0.0,1,07_315_318_12269_ego_315,1,12269,12269,12269,vehicle_vehicle,0.2933907283478527,2.8467108791260154,0.8132500789188812,14.870822391851764,15.0,3.0,3.5,0.8,0.12860956418556124,0.46299443106802046
7,318,12285,283,119.8788,-52.8498,159.7777,2.2707,6.3697,-3.8784,1.6031,1.534,-0.507,4.1935,0.1636,-1.6147,0.0545,van,315,109.2374,-47.7748,0.1487,-0.1119,-0.1847,-0.0222,149.8812,0.18610024180532383,0.6699608704991659,10.641400000000004,-5.075000000000003,-4.0271,1.7149999999999999,4.37707201334408,11.789614877509788,0,07_315_318_12269_ego_315,1,12269,12269,12269,vehicle_vehicle,0.2933907283478527,2.8467108791260154,0.8132500789188812,14.870822391851764,15.0,3.0,3.5,0.8,0.12860956418556124,0.46299443106802046
7,309,12286,516,113.9577,-61.1435,350.3006,2.0174,4.3163,9.0054,-1.8001,1.7858,-2.3121,9.18,0.2572,2.1498,1.9782,car,315,109.2433,-47.7795,0.1523,-0.1153,-0.1895,-0.0234,149.8938,0.19102193591313013,0.6876789692872685,4.714399999999998,-13.364000000000004,8.8531,-1.6848,9.011988162997108,14.171170147874173,0,07_315_318_12269_ego_315,0,12269,12269,12269,vehicle_vehicle,0.2933907283478527,2.8467108791260154,0.8132500789188812,14.870822391851764,15.0,3.0,3.5,0.8,0.12860956418556124,0.46299443106802046
7,311,12286,491,98.8505,-44.0637,93.4677,2.0722,5.0047,-0.6907,7.4288,-1.2985,1.0415,7.457,-0.2401,1.1182,-1.2331,car,315,109.2433,-47.7795,0.1523,-0.1153,-0.1895,-0.0234,149.8938,0.19102193591313013,0.6876789692872685,-10.392800000000008,3.7158000000000015,-0.843,7.5441,7.591053537553269,11.03709479346808,0,07_315_318_12269_ego_315,0,12269,12269,12269,vehicle_vehicle,0.2933907283478527,2.8467108791260154,0.8132500789188812,14.870822391851764,15.0,3.0,3.5,0.8,0.12860956418556124,0.46299443106802046
7,315,12286,397,109.2433,-47.7795,149.8938,1.925,4.0346,0.1523,-0.1153,0.0866,-0.075,-0.1895,-0.0234,-0.1126,-0.0215,car,315,109.2433,-47.7795,0.1523,-0.1153,-0.1895,-0.0234,149.8938,0.19102193591313013,0.6876789692872685,0.0,0.0,0.0,0.0,0.0,0.0,1,07_315_318_12269_ego_315,1,12269,12269,12269,vehicle_vehicle,0.2933907283478527,2.8467108791260154,0.8132500789188812,14.870822391851764,15.0,3.0,3.5,0.8,0.12860956418556124,0.46299443106802046
7,318,12286,284,119.7256,-52.7863,159.7187,2.2707,6.3697,-3.8158,1.583,1.5487,-0.52,4.1279,0.1622,-1.6329,0.0491,van,315,109.2433,-47.7795,0.1523,-0.1153,-0.1895,-0.0234,149.8938,0.19102193591313013,0.6876789692872685,10.482299999999995,-5.006799999999998,-3.9680999999999997,1.6983,4.316253062553214,11.616654403484674,0,07_315_318_12269_ego_315,1,12269,12269,12269,vehicle_vehicle,0.2933907283478527,2.8467108791260154,0.8132500789188812,14.870822391851764,15.0,3.0,3.5,0.8,0.12860956418556124,0.46299443106802046
7,309,12287,517,114.319,-61.2183,349.7567,2.0174,4.3163,9.0761,-1.893,1.8247,-2.223,9.268,0.2488,2.1909,1.8631,car,315,109.2496,-47.7846,0.1558,-0.1185,-0.1942,-0.0243,149.8956,0.1957444507514836,0.704680022705341,5.069400000000002,-13.433700000000002,8.920300000000001,-1.7745,9.095086714265017,14.35838124755016,0,07_315_318_12269_ego_315,0,12269,12269,12269,vehicle_vehicle,0.2933907283478527,2.8467108791260154,0.8132500789188812,14.870822391851764,15.0,3.0,3.5,0.8,0.12860956418556124,0.46299443106802046
7,311,12287,492,98.8236,-43.7659,93.9861,2.0722,5.0047,-0.7461,7.4706,-1.2321,1.0469,7.5044,-0.225,1.13,-1.1563,car,315,109.2496,-47.7846,0.1558,-0.1185,-0.1942,-0.0243,149.8956,0.1957444507514836,0.704680022705341,-10.426000000000002,4.0186999999999955,-0.9018999999999999,7.5891,7.642503674843735,11.173693466799598,0,07_315_318_12269_ego_315,0,12269,12269,12269,vehicle_vehicle,0.2933907283478527,2.8467108791260154,0.8132500789188812,14.870822391851764,15.0,3.0,3.5,0.8,0.12860956418556124,0.46299443106802046
7,315,12287,398,109.2496,-47.7846,149.8956,1.925,4.0346,0.1558,-0.1185,0.0876,-0.0735,-0.1942,-0.0243,-0.1126,-0.0196,car,315,109.2496,-47.7846,0.1558,-0.1185,-0.1942,-0.0243,149.8956,0.1957444507514836,0.704680022705341,0.0,0.0,0.0,0.0,0.0,0.0,1,07_315_318_12269_ego_315,1,12269,12269,12269,vehicle_vehicle,0.2933907283478527,2.8467108791260154,0.8132500789188812,14.870822391851764,15.0,3.0,3.5,0.8,0.12860956418556124,0.46299443106802046
7,318,12287,285,119.575,-52.7234,159.672,2.2707,6.3697,-3.7529,1.5625,1.5622,-0.5331,4.0619,0.1615,-1.6502,0.0428,van,315,109.2496,-47.7846,0.1558,-0.1185,-0.1942,-0.0243,149.8956,0.1957444507514836,0.704680022705341,10.325400000000002,-4.9388000000000005,-3.9087,1.681,4.254843909005358,11.445769113519635,0,07_315_318_12269_ego_315,1,12269,12269,12269,vehicle_vehicle,0.2933907283478527,2.8467108791260154,0.8132500789188812,14.870822391851764,15.0,3.0,3.5,0.8,0.12860956418556124,0.46299443106802046
7,309,12288,518,114.6827,-61.297,349.2402,2.0174,4.3163,9.1486,-1.9818,1.8642,-2.1338,9.3577,0.239,2.2298,1.7483,car,315,109.2558,-47.7893,0.1595,-0.1216,-0.199,-0.0252,149.8853,0.200566223477434,0.7220384045187624,5.426900000000003,-13.5077,8.9891,-1.8602,9.179556789409824,14.557101459425226,0,07_315_318_12269_ego_315,0,12269,12269,12269,vehicle_vehicle,0.2933907283478527,2.8467108791260154,0.8132500789188812,14.870822391851764,15.0,3.0,3.5,0.8,0.12860956418556124,0.46299443106802046
7,311,12288,493,98.7944,-43.4659,94.489,2.0722,5.0047,-0.7995,7.5126,-1.1619,1.0521,7.5521,-0.209,1.1398,-1.076,car,315,109.2558,-47.7893,0.1595,-0.1216,-0.199,-0.0252,149.8853,0.200566223477434,0.7220384045187624,-10.461399999999998,4.3233999999999995,-0.959,7.6342,7.694198505367535,11.319570553691511,0,07_315_318_12269_ego_315,0,12269,12269,12269,vehicle_vehicle,0.2933907283478527,2.8467108791260154,0.8132500789188812,14.870822391851764,15.0,3.0,3.5,0.8,0.12860956418556124,0.46299443106802046
7,315,12288,399,109.2558,-47.7893,149.8853,1.925,4.0346,0.1595,-0.1216,0.0884,-0.0718,-0.199,-0.0252,-0.1125,-0.0177,car,315,109.2558,-47.7893,0.1595,-0.1216,-0.199,-0.0252,149.8853,0.200566223477434,0.7220384045187624,0.0,0.0,0.0,0.0,0.0,0.0,1,07_315_318_12269_ego_315,1,12269,12269,12269,vehicle_vehicle,0.2933907283478527,2.8467108791260154,0.8132500789188812,14.870822391851764,15.0,3.0,3.5,0.8,0.12860956418556124,0.46299443106802046
7,318,12288,286,119.4268,-52.6608,159.6244,2.2707,6.3697,-3.6896,1.5412,1.5749,-0.5465,3.9954,0.1602,-1.6667,0.0361,van,315,109.2558,-47.7893,0.1595,-0.1216,-0.199,-0.0252,149.8853,0.200566223477434,0.7220384045187624,10.171000000000006,-4.871500000000005,-3.8491,1.6627999999999998,4.192907660562059,11.277444446770739,0,07_315_318_12269_ego_315,1,12269,12269,12269,vehicle_vehicle,0.2933907283478527,2.8467108791260154,0.8132500789188812,14.870822391851764,15.0,3.0,3.5,0.8,0.12860956418556124,0.46299443106802046
7,309,12289,519,115.0484,-61.3794,348.7558,2.0174,4.3163,9.2234,-2.0664,1.9038,-2.0451,9.4493,0.2283,2.266,1.6346,car,315,109.2623,-47.7941,0.1631,-0.1247,-0.2037,-0.026,149.8644,0.20530879182343847,0.7391116505643786,5.786100000000005,-13.585299999999997,9.0603,-1.9416999999999998,9.26602584606799,14.766154858323814,0,07_315_318_12269_ego_315,0,12269,12269,12269,vehicle_vehicle,0.2933907283478527,2.8467108791260154,0.8132500789188812,14.870822391851764,15.0,3.0,3.5,0.8,0.12860956418556124,0.46299443106802046
7,311,12289,494,98.7626,-43.1646,94.9692,2.0722,5.0047,-0.8505,7.5547,-1.0875,1.0572,7.6,-0.1929,1.1475,-0.9918,car,315,109.2623,-47.7941,0.1631,-0.1247,-0.2037,-0.026,149.8644,0.20530879182343847,0.7391116505643786,-10.49969999999999,4.6295,-1.0136,7.6794,7.7460034417756365,11.475015047484678,0,07_315_318_12269_ego_315,0,12269,12269,12269,vehicle_vehicle,0.2933907283478527,2.8467108791260154,0.8132500789188812,14.870822391851764,15.0,3.0,3.5,0.8,0.12860956418556124,0.46299443106802046
7,315,12289,400,109.2623,-47.7941,149.8644,1.925,4.0346,0.1631,-0.1247,0.0891,-0.0698,-0.2037,-0.026,-0.1122,-0.0156,car,315,109.2623,-47.7941,0.1631,-0.1247,-0.2037,-0.026,149.8644,0.20530879182343847,0.7391116505643786,0.0,0.0,0.0,0.0,0.0,0.0,1,07_315_318_12269_ego_315,1,12269,12269,12269,vehicle_vehicle,0.2933907283478527,2.8467108791260154,0.8132500789188812,14.870822391851764,15.0,3.0,3.5,0.8,0.12860956418556124,0.46299443106802046
7,318,12289,287,119.281,-52.5994,159.5774,2.2707,6.3697,-3.6261,1.5193,1.587,-0.5598,3.9284,0.1585,-1.6826,0.0292,van,315,109.2623,-47.7941,0.1631,-0.1247,-0.2037,-0.026,149.8644,0.20530879182343847,0.7391116505643786,10.01870000000001,-4.805300000000003,-3.7892,1.6440000000000001,4.130468816006242,11.111492149122018,0,07_315_318_12269_ego_315,1,12269,12269,12269,vehicle_vehicle,0.2933907283478527,2.8467108791260154,0.8132500789188812,14.870822391851764,15.0,3.0,3.5,0.8,0.12860956418556124,0.46299443106802046
7,309,12290,520,115.4171,-61.4638,348.296,2.0174,4.3163,9.3005,-2.1475,1.9429,-1.957,9.5427,0.2162,2.2995,1.5222,car,315,109.2687,-47.7988,0.1669,-0.1279,-0.2086,-0.0267,149.8413,0.21027130094237778,0.7569766833925601,6.148400000000009,-13.665,9.1336,-2.0196,9.354220070107395,14.984493570354658,0,07_315_318_12269_ego_315,0,12269,12269,12269,vehicle_vehicle,0.2933907283478527,2.8467108791260154,0.8132500789188812,14.870822391851764,15.0,3.0,3.5,0.8,0.12860956418556124,0.46299443106802046
7,311,12290,495,98.7277,-42.8617,95.4275,2.0722,5.0047,-0.8985,7.5972,-1.0085,1.0623,7.6481,-0.1759,1.1529,-0.9035,car,315,109.2687,-47.7988,0.1669,-0.1279,-0.2086,-0.0267,149.8413,0.21027130094237778,0.7569766833925601,-10.540999999999997,4.937100000000001,-1.0654,7.7251,7.798220769508902,11.639915696000548,0,07_315_318_12269_ego_315,0,12269,12269,12269,vehicle_vehicle,0.2933907283478527,2.8467108791260154,0.8132500789188812,14.870822391851764,15.0,3.0,3.5,0.8,0.12860956418556124,0.46299443106802046
7,315,12290,401,109.2687,-47.7988,149.8413,1.925,4.0346,0.1669,-0.1279,0.0897,-0.0676,-0.2086,-0.0267,-0.1115,-0.0134,car,315,109.2687,-47.7988,0.1669,-0.1279,-0.2086,-0.0267,149.8413,0.21027130094237778,0.7569766833925601,0.0,0.0,0.0,0.0,0.0,0.0,1,07_315_318_12269_ego_315,1,12269,12269,12269,vehicle_vehicle,0.2933907283478527,2.8467108791260154,0.8132500789188812,14.870822391851764,15.0,3.0,3.5,0.8,0.12860956418556124,0.46299443106802046
7,318,12290,288,119.1371,-52.5387,159.5287,2.2707,6.3697,-3.5621,1.4968,1.5986,-0.573,3.8606,0.1565,-1.698,0.0222,van,315,109.2687,-47.7988,0.1669,-0.1279,-0.2086,-0.0267,149.8413,0.21027130094237778,0.7569766833925601,9.868400000000008,-4.739899999999999,-3.729,1.6246999999999998,4.067565745012612,10.947692476956053,0,07_315_318_12269_ego_315,1,12269,12269,12269,vehicle_vehicle,0.2933907283478527,2.8467108791260154,0.8132500789188812,14.870822391851764,15.0,3.0,3.5,0.8,0.12860956418556124,0.46299443106802046
7,309,12291,521,115.7893,-61.5521,347.8824,2.0174,4.3163,9.3797,-2.2247,1.9808,-1.8698,9.6377,0.2061,2.3291,1.4124,car,315,109.2752,-47.8035,0.1708,-0.1312,-0.2136,-0.0276,149.8368,0.21537427887284966,0.7753474039422588,6.514099999999999,-13.748600000000003,9.2089,-2.0934999999999997,9.443864752314065,15.213727379245366,0,07_315_318_12269_ego_315,0,12269,12269,12269,vehicle_vehicle,0.2933907283478527,2.8467108791260154,0.8132500789188812,14.870822391851764,15.0,3.0,3.5,0.8,0.12860956418556124,0.46299443106802046
7,311,12291,496,98.6906,-42.557,95.8627,2.0722,5.0047,-0.9432,7.6398,-0.9251,1.0671,7.6962,-0.1579,1.156,-0.8113,car,315,109.2752,-47.8035,0.1708,-0.1312,-0.2136,-0.0276,149.8368,0.21537427887284966,0.7753474039422588,-10.584599999999995,5.2464999999999975,-1.114,7.771,7.850441834699497,11.813531199857216,0,07_315_318_12269_ego_315,0,12269,12269,12269,vehicle_vehicle,0.2933907283478527,2.8467108791260154,0.8132500789188812,14.870822391851764,15.0,3.0,3.5,0.8,0.12860956418556124,0.46299443106802046
7,315,12291,402,109.2752,-47.8035,149.8368,1.925,4.0346,0.1708,-0.1312,0.0899,-0.0648,-0.2136,-0.0276,-0.1103,-0.0108,car,315,109.2752,-47.8035,0.1708,-0.1312,-0.2136,-0.0276,149.8368,0.21537427887284966,0.7753474039422588,0.0,0.0,0.0,0.0,0.0,0.0,1,07_315_318_12269_ego_315,1,12269,12269,12269,vehicle_vehicle,0.2933907283478527,2.8467108791260154,0.8132500789188812,14.870822391851764,15.0,3.0,3.5,0.8,0.12860956418556124,0.46299443106802046
7,318,12291,289,118.9961,-52.4788,159.4761,2.2707,6.3697,-3.4977,1.4735,1.6096,-0.586,3.7922,0.1537,-1.7128,0.0155,van,315,109.2752,-47.8035,0.1708,-0.1312,-0.2136,-0.0276,149.8368,0.21537427887284966,0.7753474039422588,9.7209,-4.6753,-3.6685,1.6047,4.004117173610183,10.786766285592732,0,07_315_318_12269_ego_315,1,12269,12269,12269,vehicle_vehicle,0.2933907283478527,2.8467108791260154,0.8132500789188812,14.870822391851764,15.0,3.0,3.5,0.8,0.12860956418556124,0.46299443106802046
7,309,12292,522,116.1651,-61.6436,347.5067,2.0174,4.3163,9.4607,-2.298,2.017,-1.784,9.7338,0.197,2.3551,1.3054,car,315,109.2819,-47.8086,0.1748,-0.1344,-0.2187,-0.0284,149.8498,0.22049580494875634,0.7937848978155229,6.883200000000002,-13.835,9.2859,-2.1636,9.534626566887662,15.452691262042352,0,07_315_318_12269_ego_315,0,12269,12269,12269,vehicle_vehicle,0.2933907283478527,2.8467108791260154,0.8132500789188812,14.870822391851764,15.0,3.0,3.5,0.8,0.12860956418556124,0.46299443106802046
7,311,12292,497,98.6513,-42.2509,96.2681,2.0722,5.0047,-0.9842,7.6828,-0.8375,1.0717,7.7444,-0.1395,1.1568,-0.7155,car,315,109.2819,-47.8086,0.1748,-0.1344,-0.2187,-0.0284,149.8498,0.22049580494875634,0.7937848978155229,-10.630599999999987,5.557699999999997,-1.159,7.817200000000001,7.902651253851457,11.995736144564022,0,07_315_318_12269_ego_315,0,12269,12269,12269,vehicle_vehicle,0.2933907283478527,2.8467108791260154,0.8132500789188812,14.870822391851764,15.0,3.0,3.5,0.8,0.12860956418556124,0.46299443106802046
7,315,12292,403,109.2819,-47.8086,149.8498,1.925,4.0346,0.1748,-0.1344,0.0898,-0.0614,-0.2187,-0.0284,-0.1085,-0.008,car,315,109.2819,-47.8086,0.1748,-0.1344,-0.2187,-0.0284,149.8498,0.22049580494875634,0.7937848978155229,0.0,0.0,0.0,0.0,0.0,0.0,1,07_315_318_12269_ego_315,1,12269,12269,12269,vehicle_vehicle,0.2933907283478527,2.8467108791260154,0.8132500789188812,14.870822391851764,15.0,3.0,3.5,0.8,0.12860956418556124,0.46299443106802046
7,318,12292,290,118.8577,-52.4203,159.4182,2.2707,6.3697,-3.4329,1.4496,1.6201,-0.5985,3.7234,0.1503,-1.7271,0.0092,van,315,109.2819,-47.8086,0.1748,-0.1344,-0.2187,-0.0284,149.8498,0.22049580494875634,0.7937848978155229,9.575800000000001,-4.611699999999999,-3.6077,1.584,3.940121227830433,10.62843932710725,0,07_315_318_12269_ego_315,1,12269,12269,12269,vehicle_vehicle,0.2933907283478527,2.8467108791260154,0.8132500789188812,14.870822391851764,15.0,3.0,3.5,0.8,0.12860956418556124,0.46299443106802046
7,309,12293,523,116.5442,-61.7375,347.1711,2.0174,4.3163,9.5437,-2.3676,2.0511,-1.6997,9.8311,0.1895,2.3773,1.2019,car,315,109.2893,-47.8142,0.1787,-0.1375,-0.2235,-0.0293,149.8839,0.2254771385307167,0.8117176987105801,7.254900000000006,-13.923299999999998,9.365,-2.2300999999999997,9.6268671440921,15.700059136831301,0,07_315_318_12269_ego_315,0,12269,12269,12269,vehicle_vehicle,0.2933907283478527,2.8467108791260154,0.8132500789188812,14.870822391851764,15.0,3.0,3.5,0.8,0.12860956418556124,0.46299443106802046
7,311,12293,498,98.611,-41.9433,96.642,2.0722,5.0047,-1.0216,7.7262,-0.7459,1.076,7.7925,-0.1211,1.155,-0.6165,car,315,109.2893,-47.8142,0.1787,-0.1375,-0.2235,-0.0293,149.8839,0.2254771385307167,0.8117176987105801,-10.678299999999993,5.870899999999999,-1.2003000000000001,7.863700000000001,7.9547782986077,12.18579327331626,0,07_315_318_12269_ego_315,0,12269,12269,12269,vehicle_vehicle,0.2933907283478527,2.8467108791260154,0.8132500789188812,14.870822391851764,15.0,3.0,3.5,0.8,0.12860956418556124,0.46299443106802046
7,315,12293,404,109.2893,-47.8142,149.8839,1.925,4.0346,0.1787,-0.1375,0.0894,-0.0574,-0.2235,-0.0293,-0.1062,-0.0048,car,315,109.2893,-47.8142,0.1787,-0.1375,-0.2235,-0.0293,149.8839,0.2254771385307167,0.8117176987105801,0.0,0.0,0.0,0.0,0.0,0.0,1,07_315_318_12269_ego_315,1,12269,12269,12269,vehicle_vehicle,0.2933907283478527,2.8467108791260154,0.8132500789188812,14.870822391851764,15.0,3.0,3.5,0.8,0.12860956418556124,0.46299443106802046
7,318,12293,291,118.7223,-52.3628,159.3702,2.2707,6.3697,-3.3679,1.4253,1.6304,-0.6107,3.6541,0.1473,-1.741,0.0029,van,315,109.2893,-47.8142,0.1787,-0.1375,-0.2235,-0.0293,149.8839,0.2254771385307167,0.8117176987105801,9.433000000000007,-4.5486,-3.5466,1.5628,3.8756567701487707,10.472404258812784,0,07_315_318_12269_ego_315,1,12269,12269,12269,vehicle_vehicle,0.2933907283478527,2.8467108791260154,0.8132500789188812,14.870822391851764,15.0,3.0,3.5,0.8,0.12860956418556124,0.46299443106802046
7,309,12294,524,116.9271,-61.8345,346.8653,2.0174,4.3163,9.6281,-2.4336,2.0829,-1.6173,9.9293,0.182,2.396,1.1017,car,315,109.2969,-47.8198,0.1824,-0.1403,-0.2282,-0.03,149.9116,0.23011703544066442,0.828421327586392,7.630200000000002,-14.014699999999998,9.4457,-2.2933000000000003,9.720106654764649,15.957185470188657,0,07_315_318_12269_ego_315,0,12269,12269,12269,vehicle_vehicle,0.2933907283478527,2.8467108791260154,0.8132500789188812,14.870822391851764,15.0,3.0,3.5,0.8,0.12860956418556124,0.46299443106802046
7,311,12294,499,98.5691,-41.634,96.9806,2.0722,5.0047,-1.0552,7.77,-0.6505,1.0795,7.8407,-0.1031,1.1506,-0.5145,car,315,109.2969,-47.8198,0.1824,-0.1403,-0.2282,-0.03,149.9116,0.23011703544066442,0.828421327586392,-10.727799999999988,6.1858,-1.2376,7.910299999999999,8.006528576730368,12.383449215787971,0,07_315_318_12269_ego_315,0,12269,12269,12269,vehicle_vehicle,0.2933907283478527,2.8467108791260154,0.8132500789188812,14.870822391851764,15.0,3.0,3.5,0.8,0.12860956418556124,0.46299443106802046
7,315,12294,405,109.2969,-47.8198,149.9116,1.925,4.0346,0.1824,-0.1403,0.0888,-0.0529,-0.2282,-0.03,-0.1033,-0.0012,car,315,109.2969,-47.8198,0.1824,-0.1403,-0.2282,-0.03,149.9116,0.23011703544066442,0.828421327586392,0.0,0.0,0.0,0.0,0.0,0.0,1,07_315_318_12269_ego_315,1,12269,12269,12269,vehicle_vehicle,0.2933907283478527,2.8467108791260154,0.8132500789188812,14.870822391851764,15.0,3.0,3.5,0.8,0.12860956418556124,0.46299443106802046
7,318,12294,292,118.5893,-52.3059,159.3242,2.2707,6.3697,-3.3027,1.4003,1.6406,-0.6224,3.5844,0.144,-1.7547,-0.003,van,315,109.2969,-47.8198,0.1824,-0.1403,-0.2282,-0.03,149.9116,0.23011703544066442,0.828421327586392,9.2924,-4.4861,-3.4851,1.5406000000000002,3.810429158244515,10.318613810488307,0,07_315_318_12269_ego_315,1,12269,12269,12269,vehicle_vehicle,0.2933907283478527,2.8467108791260154,0.8132500789188812,14.870822391851764,15.0,3.0,3.5,0.8,0.12860956418556124,0.46299443106802046
7,309,12295,525,117.3127,-61.9346,346.5838,2.0174,4.3163,9.7144,-2.4956,2.1121,-1.5373,10.0283,0.1735,2.4111,1.0053,car,315,109.3042,-47.8256,0.1861,-0.143,-0.2327,-0.0305,149.933,0.23469599485291603,0.8449055814704978,8.008500000000012,-14.109000000000002,9.5283,-2.3526000000000002,9.814439752222233,16.223438391722027,0,07_315_318_12269_ego_315,0,12269,12269,12269,vehicle_vehicle,0.2933907283478527,2.8467108791260154,0.8132500789188812,14.870822391851764,15.0,3.0,3.5,0.8,0.12860956418556124,0.46299443106802046
7,311,12295,500,98.5257,-41.3228,97.2848,2.0722,5.0047,-1.0847,7.8142,-0.5514,1.0822,7.8886,-0.0851,1.1434,-0.4098,car,315,109.3042,-47.8256,0.1861,-0.143,-0.2327,-0.0305,149.933,0.23469599485291603,0.8449055814704978,-10.778499999999994,6.502800000000001,-1.2708,7.957199999999999,8.058037259779827,12.58818772063715,0,07_315_318_12269_ego_315,0,12269,12269,12269,vehicle_vehicle,0.2933907283478527,2.8467108791260154,0.8132500789188812,14.870822391851764,15.0,3.0,3.5,0.8,0.12860956418556124,0.46299443106802046
7,315,12295,406,109.3042,-47.8256,149.933,1.925,4.0346,0.1861,-0.143,0.0881,-0.0478,-0.2327,-0.0305,-0.1001,0.0028,car,315,109.3042,-47.8256,0.1861,-0.143,-0.2327,-0.0305,149.933,0.23469599485291603,0.8449055814704978,0.0,0.0,0.0,0.0,0.0,0.0,1,07_315_318_12269_ego_315,1,12269,12269,12269,vehicle_vehicle,0.2933907283478527,2.8467108791260154,0.8132500789188812,14.870822391851764,15.0,3.0,3.5,0.8,0.12860956418556124,0.46299443106802046
7,318,12295,293,118.4587,-52.2501,159.2785,2.2707,6.3697,-3.2372,1.3748,1.6509,-0.6335,3.5142,0.1404,-1.7682,-0.0084,van,315,109.3042,-47.8256,0.1861,-0.143,-0.2327,-0.0305,149.933,0.23469599485291603,0.8449055814704978,9.154499999999999,-4.424500000000002,-3.4233000000000002,1.5178,3.7446895371979774,10.16764822857282,0,07_315_318_12269_ego_315,1,12269,12269,12269,vehicle_vehicle,0.2933907283478527,2.8467108791260154,0.8132500789188812,14.870822391851764,15.0,3.0,3.5,0.8,0.12860956418556124,0.46299443106802046
7,309,12296,526,117.7022,-62.037,346.3247,2.0174,4.3163,9.8021,-2.5539,2.1381,-1.4603,10.128,0.1641,2.4228,0.9134,car,315,109.3113,-47.8318,0.1899,-0.1452,-0.2371,-0.0306,149.9479,0.23905030851266434,0.8605811106455916,8.390900000000002,-14.205199999999998,9.6122,-2.4087,9.909400815891948,16.49833051705535,0,07_315_318_12269_ego_315,0,12269,12269,12269,vehicle_vehicle,0.2933907283478527,2.8467108791260154,0.8132500789188812,14.870822391851764,15.0,3.0,3.5,0.8,0.12860956418556124,0.46299443106802046
7,311,12296,501,98.481,-41.0095,97.5586,2.0722,5.0047,-1.1099,7.8585,-0.4491,1.084,7.9362,-0.0666,1.1336,-0.3026,car,315,109.3113,-47.8318,0.1899,-0.1452,-0.2371,-0.0306,149.9479,0.23905030851266434,0.8605811106455916,-10.830300000000008,6.8222999999999985,-1.2998,8.0037,8.108556821654517,12.799967788240725,0,07_315_318_12269_ego_315,0,12269,12269,12269,vehicle_vehicle,0.2933907283478527,2.8467108791260154,0.8132500789188812,14.870822391851764,15.0,3.0,3.5,0.8,0.12860956418556124,0.46299443106802046
7,315,12296,407,109.3113,-47.8318,149.9479,1.925,4.0346,0.1899,-0.1452,0.0871,-0.0423,-0.2371,-0.0306,-0.0966,0.007,car,315,109.3113,-47.8318,0.1899,-0.1452,-0.2371,-0.0306,149.9479,0.23905030851266434,0.8605811106455916,0.0,0.0,0.0,0.0,0.0,0.0,1,07_315_318_12269_ego_315,1,12269,12269,12269,vehicle_vehicle,0.2933907283478527,2.8467108791260154,0.8132500789188812,14.870822391851764,15.0,3.0,3.5,0.8,0.12860956418556124,0.46299443106802046
7,318,12296,294,118.3305,-52.1961,159.2336,2.2707,6.3697,-3.1712,1.349,1.6612,-0.644,3.4435,0.1369,-1.7816,-0.0131,van,315,109.3113,-47.8318,0.1899,-0.1452,-0.2371,-0.0306,149.9479,0.23905030851266434,0.8605811106455916,9.019199999999998,-4.3643,-3.3611,1.4942,3.67826410824454,10.019634880074221,0,07_315_318_12269_ego_315,1,12269,12269,12269,vehicle_vehicle,0.2933907283478527,2.8467108791260154,0.8132500789188812,14.870822391851764,15.0,3.0,3.5,0.8,0.12860956418556124,0.46299443106802046
7,309,12297,527,118.0957,-62.1416,346.0977,2.0174,4.3163,9.8909,-2.6086,2.1609,-1.3866,10.2279,0.1557,2.4308,0.8268,car,315,109.3183,-47.8383,0.1939,-0.1469,-0.2414,-0.0301,149.9578,0.24326286194156313,0.8757463029896273,8.7774,-14.3033,9.697000000000001,-2.4617,10.004587742131108,16.781750255858295,0,07_315_318_12269_ego_315,0,12269,12269,12269,vehicle_vehicle,0.2933907283478527,2.8467108791260154,0.8132500789188812,14.870822391851764,15.0,3.0,3.5,0.8,0.12860956418556124,0.46299443106802046
7,311,12297,502,98.4349,-40.6947,97.8002,2.0722,5.0047,-1.1305,7.903,-0.3439,1.0846,7.9833,-0.0475,1.1213,-0.1935,car,315,109.3183,-47.8383,0.1939,-0.1469,-0.2414,-0.0301,149.9578,0.24326286194156313,0.8757463029896273,-10.883399999999995,7.143599999999999,-1.3244,8.0499,8.158120210563215,13.018426038504035,0,07_315_318_12269_ego_315,0,12269,12269,12269,vehicle_vehicle,0.2933907283478527,2.8467108791260154,0.8132500789188812,14.870822391851764,15.0,3.0,3.5,0.8,0.12860956418556124,0.46299443106802046
7,315,12297,408,109.3183,-47.8383,149.9578,1.925,4.0346,0.1939,-0.1469,0.0857,-0.0366,-0.2414,-0.0301,-0.0925,0.0113,car,315,109.3183,-47.8383,0.1939,-0.1469,-0.2414,-0.0301,149.9578,0.24326286194156313,0.8757463029896273,0.0,0.0,0.0,0.0,0.0,0.0,1,07_315_318_12269_ego_315,1,12269,12269,12269,vehicle_vehicle,0.2933907283478527,2.8467108791260154,0.8132500789188812,14.870822391851764,15.0,3.0,3.5,0.8,0.12860956418556124,0.46299443106802046
7,318,12297,295,118.205,-52.1434,159.1903,2.2707,6.3697,-3.1049,1.323,1.6717,-0.6542,3.3724,0.1337,-1.795,-0.0176,van,315,109.3183,-47.8383,0.1939,-0.1469,-0.2414,-0.0301,149.9578,0.24326286194156313,0.8757463029896273,8.886700000000005,-4.305100000000003,-3.2988000000000004,1.4699,3.611466108106236,9.874579631559012,0,07_315_318_12269_ego_315,1,12269,12269,12269,vehicle_vehicle,0.2933907283478527,2.8467108791260154,0.8132500789188812,14.870822391851764,15.0,3.0,3.5,0.8,0.12860956418556124,0.46299443106802046
7,309,12298,528,118.4931,-62.2483,345.8937,2.0174,4.3163,9.9807,-2.6598,2.1804,-1.317,10.328,0.1471,2.4356,0.7459,car,315,109.3255,-47.8444,0.1982,-0.1484,-0.2458,-0.0293,149.9767,0.24760008077543108,0.8913602907915519,9.167599999999993,-14.4039,9.7825,-2.5114,10.099724561095714,17.073875511142745,0,07_315_318_12269_ego_315,0,12269,12269,12269,vehicle_vehicle,0.2933907283478527,2.8467108791260154,0.8132500789188812,14.870822391851764,15.0,3.0,3.5,0.8,0.12860956418556124,0.46299443106802046
7,311,12298,503,98.3883,-40.3779,98.0038,2.0722,5.0047,-1.1464,7.9476,-0.2363,1.0841,8.0298,-0.0286,1.1064,-0.083,car,315,109.3255,-47.8444,0.1982,-0.1484,-0.2458,-0.0293,149.9767,0.24760008077543108,0.8913602907915519,-10.937200000000004,7.4665000000000035,-1.3446,8.096,8.206897413761183,13.242770332902408,0,07_315_318_12269_ego_315,0,12269,12269,12269,vehicle_vehicle,0.2933907283478527,2.8467108791260154,0.8132500789188812,14.870822391851764,15.0,3.0,3.5,0.8,0.12860956418556124,0.46299443106802046
7,315,12298,409,109.3255,-47.8444,149.9767,1.925,4.0346,0.1982,-0.1484,0.0837,-0.0308,-0.2458,-0.0293,-0.0879,0.0152,car,315,109.3255,-47.8444,0.1982,-0.1484,-0.2458,-0.0293,149.9767,0.24760008077543108,0.8913602907915519,0.0,0.0,0.0,0.0,0.0,0.0,1,07_315_318_12269_ego_315,1,12269,12269,12269,vehicle_vehicle,0.2933907283478527,2.8467108791260154,0.8132500789188812,14.870822391851764,15.0,3.0,3.5,0.8,0.12860956418556124,0.46299443106802046
7,318,12298,296,118.0817,-52.0908,159.1488,2.2707,6.3697,-3.0379,1.2966,1.6821,-0.6642,3.3005,0.1304,-1.8084,-0.022,van,315,109.3255,-47.8444,0.1982,-0.1484,-0.2458,-0.0293,149.9767,0.24760008077543108,0.8913602907915519,8.756199999999993,-4.246400000000001,-3.2361,1.445,3.5440609771842246,9.731544142632242,0,07_315_318_12269_ego_315,1,12269,12269,12269,vehicle_vehicle,0.2933907283478527,2.8467108791260154,0.8132500789188812,14.870822391851764,15.0,3.0,3.5,0.8,0.12860956418556124,0.46299443106802046
7,309,12299,529,118.8933,-62.3568,345.7198,2.0174,4.3163,10.0715,-2.7079,2.1964,-1.2518,10.4283,0.1399,2.4373,0.6713,car,315,109.3324,-47.8503,0.2028,-0.1496,-0.2504,-0.0282,150.0011,0.252007936382964,0.9072285709786704,9.56089999999999,-14.506500000000003,9.8687,-2.5583,10.194907482660154,17.373812220120254,0,07_315_318_12269_ego_315,0,12269,12269,12269,vehicle_vehicle,0.2933907283478527,2.8467108791260154,0.8132500789188812,14.870822391851764,15.0,3.0,3.5,0.8,0.12860956418556124,0.46299443106802046
7,311,12299,504,98.3409,-40.0587,98.1687,2.0722,5.0047,-1.1575,7.992,-0.1268,1.0823,8.0754,-0.0102,1.0894,0.0283,car,315,109.3324,-47.8503,0.2028,-0.1496,-0.2504,-0.0282,150.0011,0.252007936382964,0.9072285709786704,-10.991500000000002,7.791599999999995,-1.3603,8.1416,8.254457380712557,13.473013872552793,0,07_315_318_12269_ego_315,0,12269,12269,12269,vehicle_vehicle,0.2933907283478527,2.8467108791260154,0.8132500789188812,14.870822391851764,15.0,3.0,3.5,0.8,0.12860956418556124,0.46299443106802046
7,315,12299,410,109.3324,-47.8503,150.0011,1.925,4.0346,0.2028,-0.1496,0.0806,-0.0251,-0.2504,-0.0282,-0.0823,0.0185,car,315,109.3324,-47.8503,0.2028,-0.1496,-0.2504,-0.0282,150.0011,0.252007936382964,0.9072285709786704,0.0,0.0,0.0,0.0,0.0,0.0,1,07_315_318_12269_ego_315,1,12269,12269,12269,vehicle_vehicle,0.2933907283478527,2.8467108791260154,0.8132500789188812,14.870822391851764,15.0,3.0,3.5,0.8,0.12860956418556124,0.46299443106802046
7,318,12299,297,117.9603,-52.0386,159.1067,2.2707,6.3697,-2.9701,1.2695,1.6923,-0.6738,3.2275,0.1268,-1.8213,-0.026,van,315,109.3324,-47.8503,0.2028,-0.1496,-0.2504,-0.0282,150.0011,0.252007936382964,0.9072285709786704,8.627899999999997,-4.188300000000005,-3.1729,1.4191,3.4757933223941837,9.5907515503218,0,07_315_318_12269_ego_315,1,12269,12269,12269,vehicle_vehicle,0.2933907283478527,2.8467108791260154,0.8132500789188812,14.870822391851764,15.0,3.0,3.5,0.8,0.12860956418556124,0.46299443106802046
7,309,12300,530,119.2972,-62.4664,345.5639,2.0174,4.3163,10.1633,-2.7532,2.2086,-1.1913,10.5288,0.1325,2.4359,0.603,car,315,109.3398,-47.856,0.2076,-0.1508,-0.2551,-0.0269,150.0313,0.2565899452433786,0.923723802876163,9.957400000000007,-14.610399999999998,9.9557,-2.6024000000000003,10.290211283059255,17.680882413499617,0,07_315_318_12269_ego_315,0,12269,12269,12269,vehicle_vehicle,0.2933907283478527,2.8467108791260154,0.8132500789188812,14.870822391851764,15.0,3.0,3.5,0.8,0.12860956418556124,0.46299443106802046
7,311,12300,505,98.2927,-39.7378,98.2993,2.0722,5.0047,-1.1635,8.0363,-0.016,1.0796,8.12,0.0087,1.0706,0.14,car,315,109.3398,-47.856,0.2076,-0.1508,-0.2551,-0.0269,150.0313,0.2565899452433786,0.923723802876163,-11.0471,8.118200000000002,-1.3711,8.187100000000001,8.301115685255809,13.709251972664301,0,07_315_318_12269_ego_315,0,12269,12269,12269,vehicle_vehicle,0.2933907283478527,2.8467108791260154,0.8132500789188812,14.870822391851764,15.0,3.0,3.5,0.8,0.12860956418556124,0.46299443106802046
7,315,12300,411,109.3398,-47.856,150.0313,1.925,4.0346,0.2076,-0.1508,0.0761,-0.0193,-0.2551,-0.0269,-0.0755,0.0213,car,315,109.3398,-47.856,0.2076,-0.1508,-0.2551,-0.0269,150.0313,0.2565899452433786,0.923723802876163,0.0,0.0,0.0,0.0,0.0,0.0,1,07_315_318_12269_ego_315,1,12269,12269,12269,vehicle_vehicle,0.2933907283478527,2.8467108791260154,0.8132500789188812,14.870822391851764,15.0,3.0,3.5,0.8,0.12860956418556124,0.46299443106802046
7,318,12300,298,117.8419,-51.9878,159.0622,2.2707,6.3697,-2.9014,1.2417,1.7016,-0.6827,3.1536,0.1229,-1.8332,-0.0295,van,315,109.3398,-47.856,0.2076,-0.1508,-0.2551,-0.0269,150.0313,0.2565899452433786,0.923723802876163,8.502099999999999,-4.131799999999998,-3.109,1.3925,3.406602009334228,9.452908317020745,0,07_315_318_12269_ego_315,1,12269,12269,12269,vehicle_vehicle,0.2933907283478527,2.8467108791260154,0.8132500789188812,14.870822391851764,15.0,3.0,3.5,0.8,0.12860956418556124,0.46299443106802046
7,309,12301,531,119.7052,-62.5771,345.4403,2.0174,4.3163,10.2557,-2.7962,2.2169,-1.1354,10.6293,0.1283,2.4311,0.5417,car,315,109.3481,-47.8621,0.2122,-0.1517,-0.2596,-0.0256,150.079,0.26084809755871324,0.9390531512113677,10.357100000000003,-14.715000000000003,10.0435,-2.6445,10.385820742724189,17.994464299055977,0,07_315_318_12269_ego_315,0,12269,12269,12269,vehicle_vehicle,0.2933907283478527,2.8467108791260154,0.8132500789188812,14.870822391851764,15.0,3.0,3.5,0.8,0.12860956418556124,0.46299443106802046
7,311,12301,506,98.2447,-39.4158,98.4027,2.0722,5.0047,-1.1644,8.0805,0.0954,1.0759,8.1639,0.0289,1.0504,0.2516,car,315,109.3481,-47.8621,0.2122,-0.1517,-0.2596,-0.0256,150.079,0.26084809755871324,0.9390531512113677,-11.103400000000008,8.4463,-1.3766,8.2322,8.346504921223016,13.950823461358839,0,07_315_318_12269_ego_315,0,12269,12269,12269,vehicle_vehicle,0.2933907283478527,2.8467108791260154,0.8132500789188812,14.870822391851764,15.0,3.0,3.5,0.8,0.12860956418556124,0.46299443106802046
7,315,12301,412,109.3481,-47.8621,150.079,1.925,4.0346,0.2122,-0.1517,0.07,-0.0134,-0.2596,-0.0256,-0.0673,0.0233,car,315,109.3481,-47.8621,0.2122,-0.1517,-0.2596,-0.0256,150.079,0.26084809755871324,0.9390531512113677,0.0,0.0,0.0,0.0,0.0,0.0,1,07_315_318_12269_ego_315,1,12269,12269,12269,vehicle_vehicle,0.2933907283478527,2.8467108791260154,0.8132500789188812,14.870822391851764,15.0,3.0,3.5,0.8,0.12860956418556124,0.46299443106802046
7,318,12301,299,117.7271,-51.9384,159.0212,2.2707,6.3697,-2.8324,1.2135,1.71,-0.6907,3.0791,0.119,-1.844,-0.0327,van,315,109.3481,-47.8621,0.2122,-0.1517,-0.2596,-0.0256,150.079,0.26084809755871324,0.9390531512113677,8.37899999999999,-4.076300000000003,-3.0446,1.3652,3.3366690276381923,9.317932318384797,0,07_315_318_12269_ego_315,1,12269,12269,12269,vehicle_vehicle,0.2933907283478527,2.8467108791260154,0.8132500789188812,14.870822391851764,15.0,3.0,3.5,0.8,0.12860956418556124,0.46299443106802046
7,309,12302,532,120.1175,-62.6893,345.3372,2.0174,4.3163,10.3483,-2.8372,2.2211,-1.0841,10.7294,0.1254,2.4232,0.4865,car,315,109.3577,-47.8683,0.2162,-0.1523,-0.2633,-0.0243,150.113,0.26445742568511854,0.9520467324664268,10.759800000000013,-14.821000000000005,10.1321,-2.6849000000000003,10.48180034249842,18.314893858278307,0,07_315_318_12269_ego_315,0,12269,12269,12269,vehicle_vehicle,0.2933907283478527,2.8467108791260154,0.8132500789188812,14.870822391851764,15.0,3.0,3.5,0.8,0.12860956418556124,0.46299443106802046
7,311,12302,507,98.1975,-39.0918,98.4777,2.0722,5.0047,-1.1607,8.1246,0.207,1.0712,8.207,0.0498,1.0289,0.3627,car,315,109.3577,-47.8683,0.2162,-0.1523,-0.2633,-0.0243,150.113,0.26445742568511854,0.9520467324664268,-11.160199999999989,8.776499999999999,-1.3769,8.2769,8.390645220720513,14.197782090523848,0,07_315_318_12269_ego_315,0,12269,12269,12269,vehicle_vehicle,0.2933907283478527,2.8467108791260154,0.8132500789188812,14.870822391851764,15.0,3.0,3.5,0.8,0.12860956418556124,0.46299443106802046
7,315,12302,413,109.3577,-47.8683,150.113,1.925,4.0346,0.2162,-0.1523,0.0625,-0.0074,-0.2633,-0.0243,-0.0579,0.0248,car,315,109.3577,-47.8683,0.2162,-0.1523,-0.2633,-0.0243,150.113,0.26445742568511854,0.9520467324664268,0.0,0.0,0.0,0.0,0.0,0.0,1,07_315_318_12269_ego_315,1,12269,12269,12269,vehicle_vehicle,0.2933907283478527,2.8467108791260154,0.8132500789188812,14.870822391851764,15.0,3.0,3.5,0.8,0.12860956418556124,0.46299443106802046
7,318,12302,300,117.6162,-51.8903,158.9753,2.2707,6.3697,-2.7634,1.1849,1.7177,-0.6978,3.0045,0.1146,-1.8537,-0.0351,van,315,109.3577,-47.8683,0.2162,-0.1523,-0.2633,-0.0243,150.113,0.26445742568511854,0.9520467324664268,8.258500000000012,-4.022000000000006,-2.9796,1.3372000000000002,3.2659026317390416,9.185820935006312,0,07_315_318_12269_ego_315,1,12269,12269,12269,vehicle_vehicle,0.2933907283478527,2.8467108791260154,0.8132500789188812,14.870822391851764,15.0,3.0,3.5,0.8,0.12860956418556124,0.46299443106802046
7,309,12303,533,120.5329,-62.8037,345.2468,2.0174,4.3163,10.4412,-2.8762,2.2214,-1.0371,10.8294,0.1225,2.4123,0.4372,car,315,109.3667,-47.8744,0.2197,-0.1526,-0.2665,-0.023,150.1407,0.2674973831647704,0.9629905793931735,11.166200000000003,-14.929299999999998,10.2215,-2.7236,10.578140631037195,18.643176256475183,0,07_315_318_12269_ego_315,0,12269,12269,12269,vehicle_vehicle,0.2933907283478527,2.8467108791260154,0.8132500789188812,14.870822391851764,15.0,3.0,3.5,0.8,0.12860956418556124,0.46299443106802046
7,311,12303,508,98.1498,-38.7658,98.5094,2.0722,5.0047,-1.1519,8.1685,0.3184,1.0653,8.249,0.0695,1.0065,0.4725,car,315,109.3667,-47.8744,0.2197,-0.1526,-0.2665,-0.023,150.1407,0.2674973831647704,0.9629905793931735,-11.216899999999995,9.108600000000003,-1.3716,8.3211,8.433385546149305,14.449409661643617,0,07_315_318_12269_ego_315,0,12269,12269,12269,vehicle_vehicle,0.2933907283478527,2.8467108791260154,0.8132500789188812,14.870822391851764,15.0,3.0,3.5,0.8,0.12860956418556124,0.46299443106802046
7,315,12303,414,109.3667,-47.8744,150.1407,1.925,4.0346,0.2197,-0.1526,0.0539,-0.0013,-0.2665,-0.023,-0.0474,0.0257,car,315,109.3667,-47.8744,0.2197,-0.1526,-0.2665,-0.023,150.1407,0.2674973831647704,0.9629905793931735,0.0,0.0,0.0,0.0,0.0,0.0,1,07_315_318_12269_ego_315,1,12269,12269,12269,vehicle_vehicle,0.2933907283478527,2.8467108791260154,0.8132500789188812,14.870822391851764,15.0,3.0,3.5,0.8,0.12860956418556124,0.46299443106802046
7,318,12303,301,117.5074,-51.8429,158.9316,2.2707,6.3697,-2.6943,1.1558,1.7248,-0.7038,2.9296,0.11,-1.8625,-0.0367,van,315,109.3667,-47.8744,0.2197,-0.1526,-0.2665,-0.023,150.1407,0.2674973831647704,0.9629905793931735,8.14070000000001,-3.968499999999999,-2.914,1.3084,3.1942615046360876,9.05648876441638,0,07_315_318_12269_ego_315,1,12269,12269,12269,vehicle_vehicle,0.2933907283478527,2.8467108791260154,0.8132500789188812,14.870822391851764,15.0,3.0,3.5,0.8,0.12860956418556124,0.46299443106802046
7,309,12304,534,120.9515,-62.9196,345.1623,2.0174,4.3163,10.5344,-2.9133,2.2175,-0.9946,10.9292,0.1185,2.3983,0.3936,car,315,109.3761,-47.8811,0.2227,-0.1525,-0.269,-0.0215,150.1743,0.2699102443405956,0.9716768796261441,11.575400000000002,-15.038499999999999,10.3117,-2.7608,10.674885176431642,18.97752268896022,0,07_315_318_12269_ego_315,0,12269,12269,12269,vehicle_vehicle,0.2933907283478527,2.8467108791260154,0.8132500789188812,14.870822391851764,15.0,3.0,3.5,0.8,0.12860956418556124,0.46299443106802046
7,311,12304,509,98.1024,-38.438,98.5028,2.0722,5.0047,-1.138,8.2121,0.4289,1.0585,8.2901,0.0887,0.9834,0.5807,car,315,109.3761,-47.8811,0.2227,-0.1525,-0.269,-0.0215,150.1743,0.2699102443405956,0.9716768796261441,-11.273699999999991,9.443100000000001,-1.3607,8.3646,8.474552356909477,14.70606845149307,0,07_315_318_12269_ego_315,0,12269,12269,12269,vehicle_vehicle,0.2933907283478527,2.8467108791260154,0.8132500789188812,14.870822391851764,15.0,3.0,3.5,0.8,0.12860956418556124,0.46299443106802046
7,315,12304,415,109.3761,-47.8811,150.1743,1.925,4.0346,0.2227,-0.1525,0.0445,0.0047,-0.269,-0.0215,-0.0362,0.0262,car,315,109.3761,-47.8811,0.2227,-0.1525,-0.269,-0.0215,150.1743,0.2699102443405956,0.9716768796261441,0.0,0.0,0.0,0.0,0.0,0.0,1,07_315_318_12269_ego_315,1,12269,12269,12269,vehicle_vehicle,0.2933907283478527,2.8467108791260154,0.8132500789188812,14.870822391851764,15.0,3.0,3.5,0.8,0.12860956418556124,0.46299443106802046
7,318,12304,302,117.4021,-51.7979,158.8901,2.2707,6.3697,-2.6253,1.1267,1.7317,-0.7087,2.8549,0.1056,-1.8707,-0.0375,van,315,109.3761,-47.8811,0.2227,-0.1525,-0.269,-0.0215,150.1743,0.2699102443405956,0.9716768796261441,8.02600000000001,-3.916799999999995,-2.8480000000000003,1.2792000000000001,3.122091709095042,8.930733353986117,0,07_315_318_12269_ego_315,1,12269,12269,12269,vehicle_vehicle,0.2933907283478527,2.8467108791260154,0.8132500789188812,14.870822391851764,15.0,3.0,3.5,0.8,0.12860956418556124,0.46299443106802046
7,309,12305,535,121.3736,-63.0358,345.1007,2.0174,4.3163,10.6279,-2.9491,2.209,-0.9562,11.0288,0.1173,2.3806,0.3561,car,315,109.3854,-47.8874,0.2251,-0.152,-0.2709,-0.02,150.1891,0.2716137146758241,0.9778093728329669,11.988199999999992,-15.148400000000002,10.402800000000001,-2.7971,10.772279993111951,19.318151096831183,0,07_315_318_12269_ego_315,0,12269,12269,12269,vehicle_vehicle,0.2933907283478527,2.8467108791260154,0.8132500789188812,14.870822391851764,15.0,3.0,3.5,0.8,0.12860956418556124,0.46299443106802046
7,311,12305,510,98.0554,-38.1088,98.4358,2.0722,5.0047,-1.1189,8.2554,0.5379,1.0506,8.3303,0.1042,0.9603,0.6862,car,315,109.3854,-47.8874,0.2251,-0.152,-0.2709,-0.02,150.1891,0.2716137146758241,0.9778093728329669,-11.329999999999998,9.778599999999997,-1.344,8.407399999999999,8.514147682534054,14.96629272598929,0,07_315_318_12269_ego_315,0,12269,12269,12269,vehicle_vehicle,0.2933907283478527,2.8467108791260154,0.8132500789188812,14.870822391851764,15.0,3.0,3.5,0.8,0.12860956418556124,0.46299443106802046
7,315,12305,416,109.3854,-47.8874,150.1891,1.925,4.0346,0.2251,-0.152,0.0342,0.0105,-0.2709,-0.02,-0.0245,0.0261,car,315,109.3854,-47.8874,0.2251,-0.152,-0.2709,-0.02,150.1891,0.2716137146758241,0.9778093728329669,0.0,0.0,0.0,0.0,0.0,0.0,1,07_315_318_12269_ego_315,1,12269,12269,12269,vehicle_vehicle,0.2933907283478527,2.8467108791260154,0.8132500789188812,14.870822391851764,15.0,3.0,3.5,0.8,0.12860956418556124,0.46299443106802046
7,318,12305,303,117.299,-51.754,158.8501,2.2707,6.3697,-2.5562,1.0977,1.7386,-0.7128,2.78,0.1014,-1.8787,-0.0375,van,315,109.3854,-47.8874,0.2251,-0.152,-0.2709,-0.02,150.1891,0.2716137146758241,0.9778093728329669,7.913600000000002,-3.8665999999999983,-2.7813,1.2496999999999998,3.0491605041388032,8.80770461130481,0,07_315_318_12269_ego_315,1,12269,12269,12269,vehicle_vehicle,0.2933907283478527,2.8467108791260154,0.8132500789188812,14.870822391851764,15.0,3.0,3.5,0.8,0.12860956418556124,0.46299443106802046
7,309,12306,536,121.7991,-63.1539,345.058,2.0174,4.3163,10.7216,-2.9836,2.1955,-0.9217,11.1284,0.1183,2.3589,0.3245,car,315,109.3947,-47.8935,0.227,-0.1514,-0.2722,-0.0185,150.1956,0.2728570321615333,0.9822853157815199,12.404399999999995,-15.260399999999997,10.4946,-2.8322,10.870049953887056,19.665933680351912,0,07_315_318_12269_ego_315,0,12269,12269,12269,vehicle_vehicle,0.2933907283478527,2.8467108791260154,0.8132500789188812,14.870822391851764,15.0,3.0,3.5,0.8,0.12860956418556124,0.46299443106802046
7,311,12306,511,98.0093,-37.7778,98.3309,2.0722,5.0047,-1.0948,8.2985,0.6447,1.0418,8.3695,0.1191,0.9374,0.7888,car,315,109.3947,-47.8935,0.227,-0.1514,-0.2722,-0.0185,150.1956,0.2728570321615333,0.9822853157815199,-11.385400000000004,10.115700000000004,-1.3218,8.449900000000001,8.552658373277866,15.230059738884815,0,07_315_318_12269_ego_315,0,12269,12269,12269,vehicle_vehicle,0.2933907283478527,2.8467108791260154,0.8132500789188812,14.870822391851764,15.0,3.0,3.5,0.8,0.12860956418556124,0.46299443106802046
7,315,12306,417,109.3947,-47.8935,150.1956,1.925,4.0346,0.227,-0.1514,0.0234,0.0161,-0.2722,-0.0185,-0.0123,0.0256,car,315,109.3947,-47.8935,0.227,-0.1514,-0.2722,-0.0185,150.1956,0.2728570321615333,0.9822853157815199,0.0,0.0,0.0,0.0,0.0,0.0,1,07_315_318_12269_ego_315,1,12269,12269,12269,vehicle_vehicle,0.2933907283478527,2.8467108791260154,0.8132500789188812,14.870822391851764,15.0,3.0,3.5,0.8,0.12860956418556124,0.46299443106802046
7,318,12306,304,117.1981,-51.7114,158.8114,2.2707,6.3697,-2.4868,1.0687,1.7458,-0.7164,2.705,0.0977,-1.8867,-0.037,van,315,109.3947,-47.8935,0.227,-0.1514,-0.2722,-0.0185,150.1956,0.2728570321615333,0.9822853157815199,7.803399999999996,-3.8178999999999945,-2.7138,1.2201,2.9754586957307945,8.687313276842266,0,07_315_318_12269_ego_315,1,12269,12269,12269,vehicle_vehicle,0.2933907283478527,2.8467108791260154,0.8132500789188812,14.870822391851764,15.0,3.0,3.5,0.8,0.12860956418556124,0.46299443106802046
7,309,12307,537,122.2285,-63.2738,345.0162,2.0174,4.3163,10.8152,-3.0169,2.1763,-0.8909,11.2275,0.1181,2.3326,0.2979,car,315,109.4038,-47.8994,0.2285,-0.1505,-0.2731,-0.0171,150.2122,0.273610124081694,0.9849964466940984,12.824699999999993,-15.374400000000001,10.5867,-2.8664,10.967883380579865,20.02111648859773,0,07_315_318_12269_ego_315,0,12269,12269,12269,vehicle_vehicle,0.2933907283478527,2.8467108791260154,0.8132500789188812,14.870822391851764,15.0,3.0,3.5,0.8,0.12860956418556124,0.46299443106802046
7,311,12307,512,97.964,-37.4446,98.1826,2.0722,5.0047,-1.0656,8.341,0.7484,1.032,8.4077,0.1324,0.915,0.8877,car,315,109.4038,-47.8994,0.2285,-0.1505,-0.2731,-0.0171,150.2122,0.273610124081694,0.9849964466940984,-11.439800000000005,10.454799999999999,-1.2941,8.491499999999998,8.58954405425573,15.497479378273104,0,07_315_318_12269_ego_315,0,12269,12269,12269,vehicle_vehicle,0.2933907283478527,2.8467108791260154,0.8132500789188812,14.870822391851764,15.0,3.0,3.5,0.8,0.12860956418556124,0.46299443106802046
7,315,12307,418,109.4038,-47.8994,150.2122,1.925,4.0346,0.2285,-0.1505,0.012,0.0214,-0.2731,-0.0171,0.0002,0.0245,car,315,109.4038,-47.8994,0.2285,-0.1505,-0.2731,-0.0171,150.2122,0.273610124081694,0.9849964466940984,0.0,0.0,0.0,0.0,0.0,0.0,1,07_315_318_12269_ego_315,1,12269,12269,12269,vehicle_vehicle,0.2933907283478527,2.8467108791260154,0.8132500789188812,14.870822391851764,15.0,3.0,3.5,0.8,0.12860956418556124,0.46299443106802046
7,318,12307,305,117.0993,-51.6694,158.776,2.2707,6.3697,-2.4169,1.0398,1.753,-0.7196,2.6294,0.0943,-1.8946,-0.0362,van,315,109.4038,-47.8994,0.2285,-0.1505,-0.2731,-0.0171,150.2122,0.273610124081694,0.9849964466940984,7.695499999999996,-3.770000000000003,-2.6454,1.1903000000000001,2.900854227637094,8.569341879631128,0,07_315_318_12269_ego_315,1,12269,12269,12269,vehicle_vehicle,0.2933907283478527,2.8467108791260154,0.8132500789188812,14.870822391851764,15.0,3.0,3.5,0.8,0.12860956418556124,0.46299443106802046
7,309,12308,538,122.6629,-63.3943,344.9873,2.0174,4.3163,10.9081,-3.0493,2.1514,-0.8635,11.3256,0.1196,2.3016,0.2767,car,315,109.413,-47.9054,0.2296,-0.1494,-0.2735,-0.0157,150.23,0.27392794673052256,0.9861406082298813,13.249899999999997,-15.488900000000001,10.6785,-2.8999,11.065251115993709,20.38297998870626,0,07_315_318_12269_ego_315,0,12269,12269,12269,vehicle_vehicle,0.2933907283478527,2.8467108791260154,0.8132500789188812,14.870822391851764,15.0,3.0,3.5,0.8,0.12860956418556124,0.46299443106802046
7,311,12308,513,97.9199,-37.1101,97.9936,2.0722,5.0047,-1.0314,8.3831,0.8483,1.0214,8.4451,0.1444,0.8935,0.9821,car,315,109.413,-47.9054,0.2296,-0.1494,-0.2735,-0.0157,150.23,0.27392794673052256,0.9861406082298813,-11.493099999999998,10.795299999999997,-1.2610000000000001,8.5325,8.62517694021404,15.76800081494163,0,07_315_318_12269_ego_315,0,12269,12269,12269,vehicle_vehicle,0.2933907283478527,2.8467108791260154,0.8132500789188812,14.870822391851764,15.0,3.0,3.5,0.8,0.12860956418556124,0.46299443106802046
7,315,12308,419,109.413,-47.9054,150.23,1.925,4.0346,0.2296,-0.1494,0.0,0.0265,-0.2735,-0.0157,0.0131,0.023,car,315,109.413,-47.9054,0.2296,-0.1494,-0.2735,-0.0157,150.23,0.27392794673052256,0.9861406082298813,0.0,0.0,0.0,0.0,0.0,0.0,1,07_315_318_12269_ego_315,1,12269,12269,12269,vehicle_vehicle,0.2933907283478527,2.8467108791260154,0.8132500789188812,14.870822391851764,15.0,3.0,3.5,0.8,0.12860956418556124,0.46299443106802046
7,318,12308,306,117.0032,-51.629,158.741,2.2707,6.3697,-2.3464,1.0109,1.76,-0.7226,2.5532,0.0914,-1.9022,-0.0353,van,315,109.413,-47.9054,0.2296,-0.1494,-0.2735,-0.0157,150.23,0.27392794673052256,0.9861406082298813,7.59020000000001,-3.7235999999999976,-2.576,1.1602999999999999,2.825256110514585,8.45436768776945,0,07_315_318_12269_ego_315,1,12269,12269,12269,vehicle_vehicle,0.2933907283478527,2.8467108791260154,0.8132500789188812,14.870822391851764,15.0,3.0,3.5,0.8,0.12860956418556124,0.46299443106802046
7,309,12309,539,123.1013,-63.5159,344.9612,2.0174,4.3163,10.9998,-3.081,2.1207,-0.8391,11.4225,0.1213,2.2658,0.2601,car,315,109.4226,-47.9114,0.2299,-0.1481,-0.2731,-0.0145,150.2355,0.27347325280546175,0.9845037100996623,13.678699999999992,-15.604500000000002,10.7699,-2.9329,11.162107705088676,20.751078380170988,0,07_315_318_12269_ego_315,0,12269,12269,12269,vehicle_vehicle,0.2933907283478527,2.8467108791260154,0.8132500789188812,14.870822391851764,15.0,3.0,3.5,0.8,0.12860956418556124,0.46299443106802046
7,311,12309,514,97.878,-36.7736,97.7768,2.0722,5.0047,-0.9928,8.4246,0.9437,1.01,8.4815,0.1564,0.873,1.0717,car,315,109.4226,-47.9114,0.2299,-0.1481,-0.2731,-0.0145,150.2355,0.27347325280546175,0.9845037100996623,-11.544600000000003,11.137799999999999,-1.2227000000000001,8.5727,8.659456136501875,16.04145810080867,0,07_315_318_12269_ego_315,0,12269,12269,12269,vehicle_vehicle,0.2933907283478527,2.8467108791260154,0.8132500789188812,14.870822391851764,15.0,3.0,3.5,0.8,0.12860956418556124,0.46299443106802046
7,315,12309,420,109.4226,-47.9114,150.2355,1.925,4.0346,0.2299,-0.1481,-0.0124,0.0314,-0.2731,-0.0145,0.0263,0.0211,car,315,109.4226,-47.9114,0.2299,-0.1481,-0.2731,-0.0145,150.2355,0.27347325280546175,0.9845037100996623,0.0,0.0,0.0,0.0,0.0,0.0,1,07_315_318_12269_ego_315,1,12269,12269,12269,vehicle_vehicle,0.2933907283478527,2.8467108791260154,0.8132500789188812,14.870822391851764,15.0,3.0,3.5,0.8,0.12860956418556124,0.46299443106802046
7,318,12309,307,116.9103,-51.5895,158.7045,2.2707,6.3697,-2.2754,0.9821,1.7664,-0.7256,2.4767,0.0886,-1.9094,-0.0346,van,315,109.4226,-47.9114,0.2299,-0.1481,-0.2731,-0.0145,150.2355,0.27347325280546175,0.9845037100996623,7.487700000000004,-3.6781000000000006,-2.5053,1.1301999999999999,2.748432304059898,8.34230609004489,0,07_315_318_12269_ego_315,1,12269,12269,12269,vehicle_vehicle,0.2933907283478527,2.8467108791260154,0.8132500789188812,14.870822391851764,15.0,3.0,3.5,0.8,0.12860956418556124,0.46299443106802046
7,309,12310,540,123.543,-63.6388,344.9413,2.0174,4.3163,11.0903,-3.1121,2.0843,-0.8173,11.518,0.1239,2.2251,0.2477,car,315,109.432,-47.917,0.2298,-0.1468,-0.2723,-0.0134,150.2384,0.2726871467451299,0.9816737282824677,14.111000000000004,-15.721800000000002,10.860499999999998,-2.9653,11.258039986605127,21.12570273955402,0,07_315_318_12269_ego_315,0,12269,12269,12269,vehicle_vehicle,0.2933907283478527,2.8467108791260154,0.8132500789188812,14.870822391851764,15.0,3.0,3.5,0.8,0.12860956418556124,0.46299443106802046
7,311,12310,515,97.8387,-36.4353,97.5196,2.0722,5.0047,-0.9501,8.4655,1.0343,0.9981,8.5171,0.1659,0.8541,1.156,car,315,109.432,-47.917,0.2298,-0.1468,-0.2723,-0.0134,150.2384,0.2726871467451299,0.9816737282824677,-11.5933,11.481700000000004,-1.1799,8.612300000000001,8.69274843188275,16.31667980258239,0,07_315_318_12269_ego_315,0,12269,12269,12269,vehicle_vehicle,0.2933907283478527,2.8467108791260154,0.8132500789188812,14.870822391851764,15.0,3.0,3.5,0.8,0.12860956418556124,0.46299443106802046
7,315,12310,421,109.432,-47.917,150.2384,1.925,4.0346,0.2298,-0.1468,-0.0252,0.0361,-0.2723,-0.0134,0.0398,0.0188,car,315,109.432,-47.917,0.2298,-0.1468,-0.2723,-0.0134,150.2384,0.2726871467451299,0.9816737282824677,0.0,0.0,0.0,0.0,0.0,0.0,1,07_315_318_12269_ego_315,1,12269,12269,12269,vehicle_vehicle,0.2933907283478527,2.8467108791260154,0.8132500789188812,14.870822391851764,15.0,3.0,3.5,0.8,0.12860956418556124,0.46299443106802046
7,318,12310,308,116.8199,-51.5503,158.6757,2.2707,6.3697,-2.2038,0.9529,1.7721,-0.7286,2.3994,0.0863,-1.9158,-0.0343,van,315,109.432,-47.917,0.2298,-0.1468,-0.2723,-0.0134,150.2384,0.2726871467451299,0.9816737282824677,7.387900000000002,-3.6332999999999984,-2.4336,1.0997,2.670533476667162,8.232978519345233,0,07_315_318_12269_ego_315,1,12269,12269,12269,vehicle_vehicle,0.2933907283478527,2.8467108791260154,0.8132500789188812,14.870822391851764,15.0,3.0,3.5,0.8,0.12860956418556124,0.46299443106802046
7,309,12311,541,123.9885,-63.7632,344.9054,2.0174,4.3163,11.1793,-3.1426,2.0423,-0.7979,11.6119,0.123,2.1797,0.2385,car,315,109.4411,-47.9226,0.229,-0.1453,-0.271,-0.0125,150.2375,0.271206729267546,0.9763442253631657,14.547399999999996,-15.840599999999995,10.9503,-2.9972999999999996,11.353099901788939,21.507009441575082,0,07_315_318_12269_ego_315,0,12269,12269,12269,vehicle_vehicle,0.2933907283478527,2.8467108791260154,0.8132500789188812,14.870822391851764,15.0,3.0,3.5,0.8,0.12860956418556124,0.46299443106802046
7,311,12311,516,97.8015,-36.0951,97.231,2.0722,5.0047,-0.9038,8.5056,1.12,0.9858,8.5517,0.174,0.837,1.2352,car,315,109.4411,-47.9226,0.229,-0.1453,-0.271,-0.0125,150.2375,0.271206729267546,0.9763442253631657,-11.639600000000002,11.8275,-1.1328,8.6509,8.724752526576328,16.594277459714842,0,07_315_318_12269_ego_315,0,12269,12269,12269,vehicle_vehicle,0.2933907283478527,2.8467108791260154,0.8132500789188812,14.870822391851764,15.0,3.0,3.5,0.8,0.12860956418556124,0.46299443106802046
7,315,12311,422,109.4411,-47.9226,150.2375,1.925,4.0346,0.229,-0.1453,-0.0382,0.0407,-0.271,-0.0125,0.0534,0.0163,car,315,109.4411,-47.9226,0.229,-0.1453,-0.271,-0.0125,150.2375,0.271206729267546,0.9763442253631657,0.0,0.0,0.0,0.0,0.0,0.0,1,07_315_318_12269_ego_315,1,12269,12269,12269,vehicle_vehicle,0.2933907283478527,2.8467108791260154,0.8132500789188812,14.870822391851764,15.0,3.0,3.5,0.8,0.12860956418556124,0.46299443106802046
7,318,12311,309,116.7322,-51.5122,158.6483,2.2707,6.3697,-2.1316,0.9234,1.7767,-0.7313,2.3215,0.0839,-1.921,-0.0343,van,315,109.4411,-47.9226,0.229,-0.1453,-0.271,-0.0125,150.2375,0.271206729267546,0.9763442253631657,7.2911,-3.5895999999999972,-2.3606000000000003,1.0687,2.5912452701355773,8.126830093585074,0,07_315_318_12269_ego_315,1,12269,12269,12269,vehicle_vehicle,0.2933907283478527,2.8467108791260154,0.8132500789188812,14.870822391851764,15.0,3.0,3.5,0.8,0.12860956418556124,0.46299443106802046
7,309,12312,542,124.4378,-63.8879,344.8689,2.0174,4.3163,11.2663,-3.1731,1.9949,-0.7803,11.704,0.1222,2.1294,0.2325,car,315,109.4506,-47.9285,0.2277,-0.1437,-0.269,-0.0117,150.2381,0.2692526322991105,0.9693094762767979,14.987200000000001,-15.959400000000002,11.038599999999999,-3.0294,11.446744267257829,21.893346299732258,0,07_315_318_12269_ego_315,0,12269,12269,12269,vehicle_vehicle,0.2933907283478527,2.8467108791260154,0.8132500789188812,14.870822391851764,15.0,3.0,3.5,0.8,0.12860956418556124,0.46299443106802046
7,311,12312,517,97.7668,-35.7538,96.9105,2.0722,5.0047,-0.8543,8.5451,1.2009,0.9734,8.5858,0.18,0.8218,1.3093,car,315,109.4506,-47.9285,0.2277,-0.1437,-0.269,-0.0117,150.2381,0.2692526322991105,0.9693094762767979,-11.68379999999999,12.174700000000001,-1.0819999999999999,8.6888,8.755910543170254,16.87407782754364,0,07_315_318_12269_ego_315,0,12269,12269,12269,vehicle_vehicle,0.2933907283478527,2.8467108791260154,0.8132500789188812,14.870822391851764,15.0,3.0,3.5,0.8,0.12860956418556124,0.46299443106802046
7,315,12312,423,109.4506,-47.9285,150.2381,1.925,4.0346,0.2277,-0.1437,-0.0516,0.0453,-0.269,-0.0117,0.0672,0.0137,car,315,109.4506,-47.9285,0.2277,-0.1437,-0.269,-0.0117,150.2381,0.2692526322991105,0.9693094762767979,0.0,0.0,0.0,0.0,0.0,0.0,1,07_315_318_12269_ego_315,1,12269,12269,12269,vehicle_vehicle,0.2933907283478527,2.8467108791260154,0.8132500789188812,14.870822391851764,15.0,3.0,3.5,0.8,0.12860956418556124,0.46299443106802046
7,318,12312,310,116.6481,-51.476,158.617,2.2707,6.3697,-2.0591,0.8938,1.7799,-0.7337,2.2432,0.0816,-1.9249,-0.0343,van,315,109.4506,-47.9285,0.2277,-0.1437,-0.269,-0.0117,150.2381,0.2692526322991105,0.9693094762767979,7.197500000000005,-3.5474999999999994,-2.2868,1.0375,2.511147245782294,8.024260869388536,0,07_315_318_12269_ego_315,1,12269,12269,12269,vehicle_vehicle,0.2933907283478527,2.8467108791260154,0.8132500789188812,14.870822391851764,15.0,3.0,3.5,0.8,0.12860956418556124,0.46299443106802046
7,309,12313,543,124.8907,-64.0139,344.834,2.0174,4.3163,11.3512,-3.2034,1.9422,-0.7638,11.794,0.1222,2.0744,0.2291,car,315,109.4603,-47.9337,0.2255,-0.142,-0.2663,-0.0113,150.23,0.26648499019644617,0.9593459647072062,15.430399999999992,-16.080200000000005,11.1257,-3.0614,11.539210131113828,22.286096028690174,0,07_315_318_12269_ego_315,0,12269,12269,12269,vehicle_vehicle,0.2933907283478527,2.8467108791260154,0.8132500789188812,14.870822391851764,15.0,3.0,3.5,0.8,0.12860956418556124,0.46299443106802046
7,311,12313,518,97.7344,-35.4113,96.5638,2.0722,5.0047,-0.8019,8.5842,1.2772,0.9609,8.6196,0.1846,0.8086,1.3787,car,315,109.4603,-47.9337,0.2255,-0.142,-0.2663,-0.0113,150.23,0.26648499019644617,0.9593459647072062,-11.72590000000001,12.522400000000005,-1.0273999999999999,8.726199999999999,8.786473536066673,17.155384943801185,0,07_315_318_12269_ego_315,0,12269,12269,12269,vehicle_vehicle,0.2933907283478527,2.8467108791260154,0.8132500789188812,14.870822391851764,15.0,3.0,3.5,0.8,0.12860956418556124,0.46299443106802046
7,315,12313,424,109.4603,-47.9337,150.23,1.925,4.0346,0.2255,-0.142,-0.0649,0.05,-0.2663,-0.0113,0.0812,0.0111,car,315,109.4603,-47.9337,0.2255,-0.142,-0.2663,-0.0113,150.23,0.26648499019644617,0.9593459647072062,0.0,0.0,0.0,0.0,0.0,0.0,1,07_315_318_12269_ego_315,1,12269,12269,12269,vehicle_vehicle,0.2933907283478527,2.8467108791260154,0.8132500789188812,14.870822391851764,15.0,3.0,3.5,0.8,0.12860956418556124,0.46299443106802046
7,318,12313,311,116.5666,-51.4408,158.5811,2.2707,6.3697,-1.9863,0.8642,1.7816,-0.7358,2.1647,0.0791,-1.9273,-0.0344,van,315,109.4603,-47.9337,0.2255,-0.142,-0.2663,-0.0113,150.23,0.26648499019644617,0.9593459647072062,7.10629999999999,-3.507100000000001,-2.2117999999999998,1.0062,2.429917216696898,7.92459778790065,0,07_315_318_12269_ego_315,1,12269,12269,12269,vehicle_vehicle,0.2933907283478527,2.8467108791260154,0.8132500789188812,14.870822391851764,15.0,3.0,3.5,0.8,0.12860956418556124,0.46299443106802046
7,309,12314,544,125.3464,-64.1417,344.7877,2.0174,4.3163,11.434,-3.2334,1.8843,-0.7481,11.8818,0.1199,2.0146,0.2275,car,315,109.4697,-47.9387,0.2227,-0.1404,-0.2631,-0.0113,150.217,0.2632630813463977,0.9477470928470317,15.8767,-16.203000000000003,11.2113,-3.093,11.630128833766202,22.68494681258918,0,07_315_318_12269_ego_315,0,12269,12269,12269,vehicle_vehicle,0.2933907283478527,2.8467108791260154,0.8132500789188812,14.870822391851764,15.0,3.0,3.5,0.8,0.12860956418556124,0.46299443106802046
7,311,12314,519,97.7036,-35.0666,96.2024,2.0722,5.0047,-0.7466,8.6225,1.3493,0.9484,8.6527,0.1894,0.7971,1.4439,car,315,109.4697,-47.9387,0.2227,-0.1404,-0.2631,-0.0113,150.217,0.2632630813463977,0.9477470928470317,-11.766100000000009,12.872099999999996,-0.9693,8.7629,8.816346119566767,17.439382661665523,0,07_315_318_12269_ego_315,0,12269,12269,12269,vehicle_vehicle,0.2933907283478527,2.8467108791260154,0.8132500789188812,14.870822391851764,15.0,3.0,3.5,0.8,0.12860956418556124,0.46299443106802046
7,315,12314,425,109.4697,-47.9387,150.217,1.925,4.0346,0.2227,-0.1404,-0.0781,0.0549,-0.2631,-0.0113,0.0951,0.0089,car,315,109.4697,-47.9387,0.2227,-0.1404,-0.2631,-0.0113,150.217,0.2632630813463977,0.9477470928470317,0.0,0.0,0.0,0.0,0.0,0.0,1,07_315_318_12269_ego_315,1,12269,12269,12269,vehicle_vehicle,0.2933907283478527,2.8467108791260154,0.8132500789188812,14.870822391851764,15.0,3.0,3.5,0.8,0.12860956418556124,0.46299443106802046
7,318,12314,312,116.4882,-51.4065,158.5425,2.2707,6.3697,-1.9132,0.8343,1.7816,-0.7375,2.0858,0.0766,-1.9279,-0.0347,van,315,109.4697,-47.9387,0.2227,-0.1404,-0.2631,-0.0113,150.217,0.2632630813463977,0.9477470928470317,7.018500000000003,-3.467800000000004,-2.1359,0.9747,2.347788086689256,7.82847233437023,0,07_315_318_12269_ego_315,1,12269,12269,12269,vehicle_vehicle,0.2933907283478527,2.8467108791260154,0.8132500789188812,14.870822391851764,15.0,3.0,3.5,0.8,0.12860956418556124,0.46299443106802046
7,309,12315,545,125.8052,-64.2708,344.7516,2.0174,4.3163,11.5145,-3.2632,1.8214,-0.7327,11.9673,0.12,1.95,0.2279,car,315,109.4785,-47.9443,0.2194,-0.1386,-0.2593,-0.0113,150.1972,0.2595116953048552,0.9342421030974787,16.326700000000002,-16.326499999999996,11.2951,-3.1246,11.719317777498825,23.089299147873675,0,07_315_318_12269_ego_315,0,12269,12269,12269,vehicle_vehicle,0.2933907283478527,2.8467108791260154,0.8132500789188812,14.870822391851764,15.0,3.0,3.5,0.8,0.12860956418556124,0.46299443106802046
7,311,12315,520,97.6748,-34.7205,95.8207,2.0722,5.0047,-0.6884,8.6601,1.4171,0.9362,8.6853,0.1935,0.7876,1.5047,car,315,109.4785,-47.9443,0.2194,-0.1386,-0.2593,-0.0113,150.1972,0.2595116953048552,0.9342421030974787,-11.803699999999992,13.223799999999997,-0.9078,8.7987,8.845406860625463,17.72558095324381,0,07_315_318_12269_ego_315,0,12269,12269,12269,vehicle_vehicle,0.2933907283478527,2.8467108791260154,0.8132500789188812,14.870822391851764,15.0,3.0,3.5,0.8,0.12860956418556124,0.46299443106802046
7,315,12315,426,109.4785,-47.9443,150.1972,1.925,4.0346,0.2194,-0.1386,-0.0911,0.0603,-0.2593,-0.0113,0.109,0.007,car,315,109.4785,-47.9443,0.2194,-0.1386,-0.2593,-0.0113,150.1972,0.2595116953048552,0.9342421030974787,0.0,0.0,0.0,0.0,0.0,0.0,1,07_315_318_12269_ego_315,1,12269,12269,12269,vehicle_vehicle,0.2933907283478527,2.8467108791260154,0.8132500789188812,14.870822391851764,15.0,3.0,3.5,0.8,0.12860956418556124,0.46299443106802046
7,318,12315,313,116.4123,-51.3733,158.5106,2.2707,6.3697,-1.8399,0.8042,1.7796,-0.7387,2.0066,0.0743,-1.9265,-0.0355,van,315,109.4785,-47.9443,0.2194,-0.1386,-0.2593,-0.0113,150.1972,0.2595116953048552,0.9342421030974787,6.933800000000005,-3.429000000000002,-2.0593,0.9428000000000001,2.2648594503853876,7.735348953990381,0,07_315_318_12269_ego_315,1,12269,12269,12269,vehicle_vehicle,0.2933907283478527,2.8467108791260154,0.8132500789188812,14.870822391851764,15.0,3.0,3.5,0.8,0.12860956418556124,0.46299443106802046
7,309,12316,546,126.2676,-64.4009,344.7196,2.0174,4.3163,11.5923,-3.2928,1.7535,-0.7173,12.0503,0.1213,1.8806,0.2298,car,315,109.4872,-47.9503,0.2155,-0.1364,-0.2548,-0.0113,150.2057,0.2550396243723708,0.918142647740535,16.7804,-16.450599999999994,11.3768,-3.1564,11.806542220311584,23.499022629037142,0,07_315_318_12269_ego_315,0,12269,12269,12269,vehicle_vehicle,0.2933907283478527,2.8467108791260154,0.8132500789188812,14.870822391851764,15.0,3.0,3.5,0.8,0.12860956418556124,0.46299443106802046
7,311,12316,521,97.6486,-34.373,95.4208,2.0722,5.0047,-0.6275,8.6971,1.4806,0.9243,8.7175,0.197,0.7803,1.5613,car,315,109.4872,-47.9503,0.2155,-0.1364,-0.2548,-0.0113,150.2057,0.2550396243723708,0.918142647740535,-11.8386,13.577300000000001,-0.843,8.8335,8.873633486345941,18.013759331411087,0,07_315_318_12269_ego_315,0,12269,12269,12269,vehicle_vehicle,0.2933907283478527,2.8467108791260154,0.8132500789188812,14.870822391851764,15.0,3.0,3.5,0.8,0.12860956418556124,0.46299443106802046
7,315,12316,427,109.4872,-47.9503,150.2057,1.925,4.0346,0.2155,-0.1364,-0.1039,0.0659,-0.2548,-0.0113,0.1229,0.0056,car,315,109.4872,-47.9503,0.2155,-0.1364,-0.2548,-0.0113,150.2057,0.2550396243723708,0.918142647740535,0.0,0.0,0.0,0.0,0.0,0.0,1,07_315_318_12269_ego_315,1,12269,12269,12269,vehicle_vehicle,0.2933907283478527,2.8467108791260154,0.8132500789188812,14.870822391851764,15.0,3.0,3.5,0.8,0.12860956418556124,0.46299443106802046
7,318,12316,314,116.3396,-51.3412,158.4743,2.2707,6.3697,-1.7664,0.7738,1.7754,-0.7392,1.9271,0.0718,-1.9228,-0.0362,van,315,109.4872,-47.9503,0.2155,-0.1364,-0.2548,-0.0113,150.2057,0.2550396243723708,0.918142647740535,6.852400000000003,-3.390900000000002,-1.9819,0.9102,2.1809153238949923,7.645494658293867,0,07_315_318_12269_ego_315,1,12269,12269,12269,vehicle_vehicle,0.2933907283478527,2.8467108791260154,0.8132500789188812,14.870822391851764,15.0,3.0,3.5,0.8,0.12860956418556124,0.46299443106802046
7,309,12317,547,126.7333,-64.5329,344.6856,2.0174,4.3163,11.6671,-3.3218,1.6808,-0.7015,12.1302,0.1224,1.8064,0.2327,car,315,109.4963,-47.9562,0.2109,-0.1338,-0.2495,-0.0114,150.2339,0.24976238708020068,0.8991445934887224,17.236999999999995,-16.576699999999995,11.456199999999999,-3.188,11.89150379220391,23.914454873360583,0,07_315_318_12269_ego_315,0,12269,12269,12269,vehicle_vehicle,0.2933907283478527,2.8467108791260154,0.8132500789188812,14.870822391851764,15.0,3.0,3.5,0.8,0.12860956418556124,0.46299443106802046
7,311,12317,522,97.6255,-34.0243,94.9991,2.0722,5.0047,-0.5644,8.7336,1.5401,0.9128,8.7496,0.1988,0.7752,1.6138,car,315,109.4963,-47.9562,0.2109,-0.1338,-0.2495,-0.0114,150.2339,0.24976238708020068,0.8991445934887224,-11.870800000000003,13.931900000000006,-0.7753,8.8674,8.901228726979214,18.303380295726804,0,07_315_318_12269_ego_315,0,12269,12269,12269,vehicle_vehicle,0.2933907283478527,2.8467108791260154,0.8132500789188812,14.870822391851764,15.0,3.0,3.5,0.8,0.12860956418556124,0.46299443106802046
7,315,12317,428,109.4963,-47.9562,150.2339,1.925,4.0346,0.2109,-0.1338,-0.1163,0.0717,-0.2495,-0.0114,0.1365,0.0045,car,315,109.4963,-47.9562,0.2109,-0.1338,-0.2495,-0.0114,150.2339,0.24976238708020068,0.8991445934887224,0.0,0.0,0.0,0.0,0.0,0.0,1,07_315_318_12269_ego_315,1,12269,12269,12269,vehicle_vehicle,0.2933907283478527,2.8467108791260154,0.8132500789188812,14.870822391851764,15.0,3.0,3.5,0.8,0.12860956418556124,0.46299443106802046
7,318,12317,315,116.2705,-51.3101,158.4354,2.2707,6.3697,-1.6931,0.7432,1.7689,-0.7387,1.8477,0.0688,-1.9166,-0.0369,van,315,109.4963,-47.9562,0.2109,-0.1338,-0.2495,-0.0114,150.2339,0.24976238708020068,0.8991445934887224,6.774199999999993,-3.353899999999996,-1.9040000000000001,0.877,2.0962693052182013,7.558996682761534,0,07_315_318_12269_ego_315,1,12269,12269,12269,vehicle_vehicle,0.2933907283478527,2.8467108791260154,0.8132500789188812,14.870822391851764,15.0,3.0,3.5,0.8,0.12860956418556124,0.46299443106802046
7,309,12318,548,127.2014,-64.6664,344.6489,2.0174,4.3163,11.7391,-3.3502,1.6033,-0.6854,12.2071,0.123,1.7275,0.2365,car,315,109.5051,-47.9617,0.2056,-0.1308,-0.2434,-0.0115,150.255,0.24368011818775862,0.8772484254759311,17.696300000000008,-16.704699999999995,11.5335,-3.2194000000000003,11.974395960130932,24.33528376206039,0,07_315_318_12269_ego_315,0,12269,12269,12269,vehicle_vehicle,0.2933907283478527,2.8467108791260154,0.8132500789188812,14.870822391851764,15.0,3.0,3.5,0.8,0.12860956418556124,0.46299443106802046
7,311,12318,523,97.6049,-33.6741,94.5648,2.0722,5.0047,-0.4992,8.7696,1.5959,0.9019,8.7815,0.2003,0.772,1.6627,car,315,109.5051,-47.9617,0.2056,-0.1308,-0.2434,-0.0115,150.255,0.24368011818775862,0.8772484254759311,-11.900199999999998,14.287599999999998,-0.7048,8.900400000000001,8.928262048125605,18.594361344235512,0,07_315_318_12269_ego_315,0,12269,12269,12269,vehicle_vehicle,0.2933907283478527,2.8467108791260154,0.8132500789188812,14.870822391851764,15.0,3.0,3.5,0.8,0.12860956418556124,0.46299443106802046
7,315,12318,429,109.5051,-47.9617,150.255,1.925,4.0346,0.2056,-0.1308,-0.1282,0.0774,-0.2434,-0.0115,0.1497,0.0036,car,315,109.5051,-47.9617,0.2056,-0.1308,-0.2434,-0.0115,150.255,0.24368011818775862,0.8772484254759311,0.0,0.0,0.0,0.0,0.0,0.0,1,07_315_318_12269_ego_315,1,12269,12269,12269,vehicle_vehicle,0.2933907283478527,2.8467108791260154,0.8132500789188812,14.870822391851764,15.0,3.0,3.5,0.8,0.12860956418556124,0.46299443106802046
7,318,12318,316,116.2039,-51.2806,158.3934,2.2707,6.3697,-1.6199,0.7123,1.7601,-0.7371,1.7684,0.0658,-1.9079,-0.0372,van,315,109.5051,-47.9617,0.2056,-0.1308,-0.2434,-0.0115,150.255,0.24368011818775862,0.8772484254759311,6.698800000000006,-3.3188999999999993,-1.8255,0.8431000000000001,2.01078787046272,7.4758958426398685,0,07_315_318_12269_ego_315,1,12269,12269,12269,vehicle_vehicle,0.2933907283478527,2.8467108791260154,0.8132500789188812,14.870822391851764,15.0,3.0,3.5,0.8,0.12860956418556124,0.46299443106802046
7,309,12319,549,127.6729,-64.8014,344.6156,2.0174,4.3163,11.8076,-3.3778,1.5213,-0.6691,12.2806,0.1242,1.6443,0.2415,car,315,109.5133,-47.9668,0.1998,-0.1276,-0.2368,-0.0118,150.2782,0.23706918821306155,0.8534490775670216,18.159599999999998,-16.834600000000002,11.607800000000001,-3.2502,12.054244931973136,24.76236719944198,0,07_315_318_12269_ego_315,0,12269,12269,12269,vehicle_vehicle,0.2933907283478527,2.8467108791260154,0.8132500789188812,14.870822391851764,15.0,3.0,3.5,0.8,0.12860956418556124,0.46299443106802046
7,311,12319,524,97.5874,-33.3222,94.1116,2.0722,5.0047,-0.4323,8.805,1.6484,0.8916,8.8133,0.2001,0.7711,1.7081,car,315,109.5133,-47.9668,0.1998,-0.1276,-0.2368,-0.0118,150.2782,0.23706918821306155,0.8534490775670216,-11.925899999999999,14.644599999999997,-0.6321,8.932599999999999,8.95493680435546,18.886275439323654,0,07_315_318_12269_ego_315,0,12269,12269,12269,vehicle_vehicle,0.2933907283478527,2.8467108791260154,0.8132500789188812,14.870822391851764,15.0,3.0,3.5,0.8,0.12860956418556124,0.46299443106802046
7,315,12319,430,109.5133,-47.9668,150.2782,1.925,4.0346,0.1998,-0.1276,-0.1394,0.083,-0.2368,-0.0118,0.1622,0.003,car,315,109.5133,-47.9668,0.1998,-0.1276,-0.2368,-0.0118,150.2782,0.23706918821306155,0.8534490775670216,0.0,0.0,0.0,0.0,0.0,0.0,1,07_315_318_12269_ego_315,1,12269,12269,12269,vehicle_vehicle,0.2933907283478527,2.8467108791260154,0.8132500789188812,14.870822391851764,15.0,3.0,3.5,0.8,0.12860956418556124,0.46299443106802046
7,318,12319,317,116.1394,-51.2523,158.3532,2.2707,6.3697,-1.5467,0.6814,1.7487,-0.7341,1.689,0.0628,-1.8962,-0.0372,van,315,109.5133,-47.9668,0.1998,-0.1276,-0.2368,-0.0118,150.2782,0.23706918821306155,0.8534490775670216,6.626099999999994,-3.285499999999999,-1.7465,0.8089999999999999,1.9247709604002239,7.395925328179017,0,07_315_318_12269_ego_315,1,12269,12269,12269,vehicle_vehicle,0.2933907283478527,2.8467108791260154,0.8132500789188812,14.870822391851764,15.0,3.0,3.5,0.8,0.12860956418556124,0.46299443106802046
7,309,12320,550,128.1482,-64.9368,344.5878,2.0174,4.3163,11.8722,-3.4048,1.4352,-0.6525,12.3501,0.1272,1.557,0.2477,car,315,109.5214,-47.972,0.1935,-0.1242,-0.2296,-0.012,150.2905,0.22993018505624702,0.8277486662024893,18.626800000000003,-16.964800000000004,11.6787,-3.2805999999999997,12.130720096103115,25.194485850677726,0,07_315_318_12269_ego_315,0,12269,12269,12269,vehicle_vehicle,0.2933907283478527,2.8467108791260154,0.8132500789188812,14.870822391851764,15.0,3.0,3.5,0.8,0.12860956418556124,0.46299443106802046
7,311,12320,525,97.5723,-32.9696,93.6674,2.0722,5.0047,-0.3636,8.8401,1.698,0.8819,8.8452,0.2026,0.7715,1.7509,car,315,109.5214,-47.972,0.1935,-0.1242,-0.2296,-0.012,150.2905,0.22993018505624702,0.8277486662024893,-11.949100000000001,15.002400000000002,-0.5570999999999999,8.9643,8.981594229311408,19.17949416877307,0,07_315_318_12269_ego_315,0,12269,12269,12269,vehicle_vehicle,0.2933907283478527,2.8467108791260154,0.8132500789188812,14.870822391851764,15.0,3.0,3.5,0.8,0.12860956418556124,0.46299443106802046
7,315,12320,431,109.5214,-47.972,150.2905,1.925,4.0346,0.1935,-0.1242,-0.1499,0.0885,-0.2296,-0.012,0.1741,0.0026,car,315,109.5214,-47.972,0.1935,-0.1242,-0.2296,-0.012,150.2905,0.22993018505624702,0.8277486662024893,0.0,0.0,0.0,0.0,0.0,0.0,1,07_315_318_12269_ego_315,1,12269,12269,12269,vehicle_vehicle,0.2933907283478527,2.8467108791260154,0.8132500789188812,14.870822391851764,15.0,3.0,3.5,0.8,0.12860956418556124,0.46299443106802046
7,318,12320,318,116.0784,-51.2256,158.3226,2.2707,6.3697,-1.4737,0.6506,1.7343,-0.7296,1.6098,0.0603,-1.8812,-0.0374,van,315,109.5214,-47.972,0.1935,-0.1242,-0.2296,-0.012,150.2905,0.22993018505624702,0.8277486662024893,6.557000000000002,-3.2535999999999987,-1.6672,0.7747999999999999,1.8384425147390386,7.319847126818976,0,07_315_318_12269_ego_315,1,12269,12269,12269,vehicle_vehicle,0.2933907283478527,2.8467108791260154,0.8132500789188812,14.870822391851764,15.0,3.0,3.5,0.8,0.12860956418556124,0.46299443106802046
7,309,12321,551,128.6259,-65.073,344.5598,2.0174,4.3163,11.9326,-3.4314,1.3457,-0.6356,12.4155,0.1307,1.4664,0.2544,car,315,109.5294,-47.9766,0.1866,-0.1207,-0.2218,-0.0124,150.3013,0.22223422328705358,0.8000432038333929,19.096500000000006,-17.096399999999996,11.746,-3.3107,12.203657258789269,25.631293475164302,0,07_315_318_12269_ego_315,0,12269,12269,12269,vehicle_vehicle,0.2933907283478527,2.8467108791260154,0.8132500789188812,14.870822391851764,15.0,3.0,3.5,0.8,0.12860956418556124,0.46299443106802046
7,311,12321,526,97.5602,-32.6157,93.2093,2.0722,5.0047,-0.2934,8.875,1.745,0.8727,8.8775,0.2039,0.7736,1.7911,car,315,109.5294,-47.9766,0.1866,-0.1207,-0.2218,-0.0124,150.3013,0.22223422328705358,0.8000432038333929,-11.9692,15.3609,-0.48,8.9957,9.008497016150917,19.473546093354443,0,07_315_318_12269_ego_315,0,12269,12269,12269,vehicle_vehicle,0.2933907283478527,2.8467108791260154,0.8132500789188812,14.870822391851764,15.0,3.0,3.5,0.8,0.12860956418556124,0.46299443106802046
7,315,12321,432,109.5294,-47.9766,150.3013,1.925,4.0346,0.1866,-0.1207,-0.1596,0.094,-0.2218,-0.0124,0.1852,0.0026,car,315,109.5294,-47.9766,0.1866,-0.1207,-0.2218,-0.0124,150.3013,0.22223422328705358,0.8000432038333929,0.0,0.0,0.0,0.0,0.0,0.0,1,07_315_318_12269_ego_315,1,12269,12269,12269,vehicle_vehicle,0.2933907283478527,2.8467108791260154,0.8132500789188812,14.870822391851764,15.0,3.0,3.5,0.8,0.12860956418556124,0.46299443106802046
7,318,12321,319,116.0207,-51.1998,158.302,2.2707,6.3697,-1.4012,0.6199,1.7169,-0.7237,1.5311,0.0579,-1.8628,-0.0376,van,315,109.5294,-47.9766,0.1866,-0.1207,-0.2218,-0.0124,150.3013,0.22223422328705358,0.8000432038333929,6.49130000000001,-3.2232000000000056,-1.5878,0.7406,1.7520265979716176,7.247481902702494,0,07_315_318_12269_ego_315,1,12269,12269,12269,vehicle_vehicle,0.2933907283478527,2.8467108791260154,0.8132500789188812,14.870822391851764,15.0,3.0,3.5,0.8,0.12860956418556124,0.46299443106802046
7,309,12322,552,129.1066,-65.2101,344.5256,2.0174,4.3163,11.9886,-3.4575,1.2536,-0.6182,12.4765,0.1335,1.3731,0.2613,car,315,109.5367,-47.9806,0.1793,-0.1172,-0.2138,-0.0131,150.3159,0.21420627908630502,0.7711426047106981,19.56989999999999,-17.229499999999994,11.8093,-3.3403,12.272618733587384,26.0736774594609,0,07_315_318_12269_ego_315,0,12269,12269,12269,vehicle_vehicle,0.2933907283478527,2.8467108791260154,0.8132500789188812,14.870822391851764,15.0,3.0,3.5,0.8,0.12860956418556124,0.46299443106802046
7,311,12322,527,97.5508,-32.2606,92.7459,2.0722,5.0047,-0.2217,8.9097,1.7899,0.8637,8.9101,0.2054,0.777,1.8293,car,315,109.5367,-47.9806,0.1793,-0.1172,-0.2138,-0.0131,150.3159,0.21420627908630502,0.7711426047106981,-11.9859,15.720000000000006,-0.401,9.026900000000001,9.035802377763694,19.76816123998386,0,07_315_318_12269_ego_315,0,12269,12269,12269,vehicle_vehicle,0.2933907283478527,2.8467108791260154,0.8132500789188812,14.870822391851764,15.0,3.0,3.5,0.8,0.12860956418556124,0.46299443106802046
7,315,12322,433,109.5367,-47.9806,150.3159,1.925,4.0346,0.1793,-0.1172,-0.1684,0.0997,-0.2138,-0.0131,0.1956,0.0032,car,315,109.5367,-47.9806,0.1793,-0.1172,-0.2138,-0.0131,150.3159,0.21420627908630502,0.7711426047106981,0.0,0.0,0.0,0.0,0.0,0.0,1,07_315_318_12269_ego_315,1,12269,12269,12269,vehicle_vehicle,0.2933907283478527,2.8467108791260154,0.8132500789188812,14.870822391851764,15.0,3.0,3.5,0.8,0.12860956418556124,0.46299443106802046
7,318,12322,320,115.9654,-51.175,158.2831,2.2707,6.3697,-1.3292,0.5891,1.6962,-0.716,1.4528,0.0555,-1.8408,-0.0376,van,315,109.5367,-47.9806,0.1793,-0.1172,-0.2138,-0.0131,150.3159,0.21420627908630502,0.7711426047106981,6.428700000000006,-3.1943999999999946,-1.5085,0.7062999999999999,1.665662612896141,7.178605369429361,0,07_315_318_12269_ego_315,1,12269,12269,12269,vehicle_vehicle,0.2933907283478527,2.8467108791260154,0.8132500789188812,14.870822391851764,15.0,3.0,3.5,0.8,0.12860956418556124,0.46299443106802046
7,309,12323,553,129.5897,-65.3498,344.4732,2.0174,4.3163,12.0398,-3.4826,1.1599,-0.6001,12.5327,0.1325,1.2783,0.2677,car,315,109.543,-47.9852,0.1719,-0.1135,-0.2056,-0.0136,150.3328,0.20598995121121808,0.741563824360385,20.046699999999987,-17.364600000000003,11.867899999999999,-3.3691,12.336850701050086,26.521680075930323,0,07_315_318_12269_ego_315,0,12269,12269,12269,vehicle_vehicle,0.2933907283478527,2.8467108791260154,0.8132500789188812,14.870822391851764,15.0,3.0,3.5,0.8,0.12860956418556124,0.46299443106802046
7,311,12323,528,97.5443,-31.9035,92.2689,2.0722,5.0047,-0.1485,8.9441,1.8331,0.8549,8.943,0.2057,0.7817,1.8655,car,315,109.543,-47.9852,0.1719,-0.1135,-0.2056,-0.0136,150.3328,0.20598995121121808,0.741563824360385,-11.9987,16.081699999999998,-0.3204,9.0576,9.063265080532512,20.064642448346792,0,07_315_318_12269_ego_315,0,12269,12269,12269,vehicle_vehicle,0.2933907283478527,2.8467108791260154,0.8132500789188812,14.870822391851764,15.0,3.0,3.5,0.8,0.12860956418556124,0.46299443106802046
7,315,12323,434,109.543,-47.9852,150.3328,1.925,4.0346,0.1719,-0.1135,-0.1763,0.1056,-0.2056,-0.0136,0.2055,0.0045,car,315,109.543,-47.9852,0.1719,-0.1135,-0.2056,-0.0136,150.3328,0.20598995121121808,0.741563824360385,0.0,0.0,0.0,0.0,0.0,0.0,1,07_315_318_12269_ego_315,1,12269,12269,12269,vehicle_vehicle,0.2933907283478527,2.8467108791260154,0.8132500789188812,14.870822391851764,15.0,3.0,3.5,0.8,0.12860956418556124,0.46299443106802046
7,318,12323,321,115.9126,-51.1522,158.2658,2.2707,6.3697,-1.2576,0.5588,1.672,-0.7066,1.3751,0.0534,-1.8148,-0.0373,van,315,109.543,-47.9852,0.1719,-0.1135,-0.2056,-0.0136,150.3328,0.20598995121121808,0.741563824360385,6.369599999999991,-3.1670000000000016,-1.4295,0.6723,1.5797017250101362,7.113486709061871,0,07_315_318_12269_ego_315,1,12269,12269,12269,vehicle_vehicle,0.2933907283478527,2.8467108791260154,0.8132500789188812,14.870822391851764,15.0,3.0,3.5,0.8,0.12860956418556124,0.46299443106802046
7,309,12324,554,130.0756,-65.4903,344.4099,2.0174,4.3163,12.086,-3.5067,1.0658,-0.5819,12.5838,0.1295,1.183,0.274,car,315,109.5495,-47.9896,0.1643,-0.1096,-0.1971,-0.014,150.3536,0.19750101265563172,0.7110036455602742,20.526100000000014,-17.500700000000002,11.9217,-3.3971,12.396258278206371,26.973974154729234,0,07_315_318_12269_ego_315,0,12269,12269,12269,vehicle_vehicle,0.2933907283478527,2.8467108791260154,0.8132500789188812,14.870822391851764,15.0,3.0,3.5,0.8,0.12860956418556124,0.46299443106802046
7,311,12324,529,97.5412,-31.545,91.7842,2.0722,5.0047,-0.0742,8.9781,1.875,0.8463,8.9761,0.2054,0.7875,1.9005,car,315,109.5495,-47.9896,0.1643,-0.1096,-0.1971,-0.014,150.3536,0.19750101265563172,0.7110036455602742,-12.008299999999991,16.4446,-0.2385,9.0877,9.090829089802535,20.36232152899074,0,07_315_318_12269_ego_315,0,12269,12269,12269,vehicle_vehicle,0.2933907283478527,2.8467108791260154,0.8132500789188812,14.870822391851764,15.0,3.0,3.5,0.8,0.12860956418556124,0.46299443106802046
7,315,12324,435,109.5495,-47.9896,150.3536,1.925,4.0346,0.1643,-0.1096,-0.1838,0.1119,-0.1971,-0.014,0.215,0.0063,car,315,109.5495,-47.9896,0.1643,-0.1096,-0.1971,-0.014,150.3536,0.19750101265563172,0.7110036455602742,0.0,0.0,0.0,0.0,0.0,0.0,1,07_315_318_12269_ego_315,1,12269,12269,12269,vehicle_vehicle,0.2933907283478527,2.8467108791260154,0.8132500789188812,14.870822391851764,15.0,3.0,3.5,0.8,0.12860956418556124,0.46299443106802046
7,318,12324,322,115.8631,-51.1308,158.2487,2.2707,6.3697,-1.1867,0.5289,1.6439,-0.6956,1.2982,0.0515,-1.7846,-0.0369,van,315,109.5495,-47.9896,0.1643,-0.1096,-0.1971,-0.014,150.3536,0.19750101265563172,0.7110036455602742,6.313600000000008,-3.1411999999999978,-1.351,0.6385000000000001,1.4942835239672556,7.051856663319249,0,07_315_318_12269_ego_315,1,12269,12269,12269,vehicle_vehicle,0.2933907283478527,2.8467108791260154,0.8132500789188812,14.870822391851764,15.0,3.0,3.5,0.8,0.12860956418556124,0.46299443106802046
7,309,12325,555,130.5627,-65.6316,344.3502,2.0174,4.3163,12.1272,-3.5298,0.9726,-0.5636,12.6299,0.1276,1.0885,0.2804,car,315,109.5561,-47.9938,0.1564,-0.1055,-0.1881,-0.0144,150.383,0.18865632774969412,0.6791627798988988,21.006600000000006,-17.637800000000006,11.9708,-3.4242999999999997,12.450939046112145,27.429349835532022,0,07_315_318_12269_ego_315,0,12269,12269,12269,vehicle_vehicle,0.2933907283478527,2.8467108791260154,0.8132500789188812,14.870822391851764,15.0,3.0,3.5,0.8,0.12860956418556124,0.46299443106802046
7,311,12325,530,97.5406,-31.1856,91.3069,2.0722,5.0047,0.0015,9.0119,1.9161,0.8378,9.0095,0.207,0.7939,1.9347,car,315,109.5561,-47.9938,0.1564,-0.1055,-0.1881,-0.0144,150.383,0.18865632774969412,0.6791627798988988,-12.015500000000003,16.8082,-0.1549,9.1174,9.118715741265323,20.66126393737808,0,07_315_318_12269_ego_315,0,12269,12269,12269,vehicle_vehicle,0.2933907283478527,2.8467108791260154,0.8132500789188812,14.870822391851764,15.0,3.0,3.5,0.8,0.12860956418556124,0.46299443106802046
7,315,12325,436,109.5561,-47.9938,150.383,1.925,4.0346,0.1564,-0.1055,-0.1906,0.1185,-0.1881,-0.0144,0.2243,0.0088,car,315,109.5561,-47.9938,0.1564,-0.1055,-0.1881,-0.0144,150.383,0.18865632774969412,0.6791627798988988,0.0,0.0,0.0,0.0,0.0,0.0,1,07_315_318_12269_ego_315,1,12269,12269,12269,vehicle_vehicle,0.2933907283478527,2.8467108791260154,0.8132500789188812,14.870822391851764,15.0,3.0,3.5,0.8,0.12860956418556124,0.46299443106802046
7,318,12325,323,115.8171,-51.1108,158.2287,2.2707,6.3697,-1.117,0.4998,1.6118,-0.6831,1.2227,0.0498,-1.7502,-0.0366,van,315,109.5561,-47.9938,0.1564,-0.1055,-0.1881,-0.0144,150.383,0.18865632774969412,0.6791627798988988,6.260999999999996,-3.1169999999999973,-1.2734,0.6053000000000001,1.4099417186536471,6.993983843275585,0,07_315_318_12269_ego_315,1,12269,12269,12269,vehicle_vehicle,0.2933907283478527,2.8467108791260154,0.8132500789188812,14.870822391851764,15.0,3.0,3.5,0.8,0.12860956418556124,0.46299443106802046
7,309,12326,556,131.0509,-65.7744,344.2925,2.0174,4.3163,12.1638,-3.5517,0.8811,-0.5458,12.6711,0.126,0.996,0.2869,car,315,109.5622,-47.9981,0.1482,-0.1011,-0.1788,-0.0147,150.4017,0.17940025083594505,0.6458409030094022,21.48870000000001,-17.7763,12.015600000000001,-3.4505999999999997,12.501251286171318,27.88836799420146,0,07_315_318_12269_ego_315,0,12269,12269,12269,vehicle_vehicle,0.2933907283478527,2.8467108791260154,0.8132500789188812,14.870822391851764,15.0,3.0,3.5,0.8,0.12860956418556124,0.46299443106802046
7,311,12326,531,97.5433,-30.8246,90.8109,2.0722,5.0047,0.0783,9.0455,1.9567,0.8293,9.0434,0.2063,0.8016,1.9683,car,315,109.5622,-47.9981,0.1482,-0.1011,-0.1788,-0.0147,150.4017,0.17940025083594505,0.6458409030094022,-12.018900000000002,17.1735,-0.0699,9.146600000000001,9.146867090430472,20.961466061800163,0,07_315_318_12269_ego_315,0,12269,12269,12269,vehicle_vehicle,0.2933907283478527,2.8467108791260154,0.8132500789188812,14.870822391851764,15.0,3.0,3.5,0.8,0.12860956418556124,0.46299443106802046
7,315,12326,437,109.5622,-47.9981,150.4017,1.925,4.0346,0.1482,-0.1011,-0.1969,0.1254,-0.1788,-0.0147,0.2331,0.0118,car,315,109.5622,-47.9981,0.1482,-0.1011,-0.1788,-0.0147,150.4017,0.17940025083594505,0.6458409030094022,0.0,0.0,0.0,0.0,0.0,0.0,1,07_315_318_12269_ego_315,1,12269,12269,12269,vehicle_vehicle,0.2933907283478527,2.8467108791260154,0.8132500789188812,14.870822391851764,15.0,3.0,3.5,0.8,0.12860956418556124,0.46299443106802046
7,318,12326,324,115.7738,-51.0916,158.2072,2.2707,6.3697,-1.0487,0.4712,1.5759,-0.6693,1.1487,0.0482,-1.7118,-0.0364,van,315,109.5622,-47.9981,0.1482,-0.1011,-0.1788,-0.0147,150.4017,0.17940025083594505,0.6458409030094022,6.21159999999999,-3.093499999999999,-1.1968999999999999,0.5723,1.3266864362011093,6.939287918079193,0,07_315_318_12269_ego_315,1,12269,12269,12269,vehicle_vehicle,0.2933907283478527,2.8467108791260154,0.8132500789188812,14.870822391851764,15.0,3.0,3.5,0.8,0.12860956418556124,0.46299443106802046
7,309,12327,557,131.5412,-65.9186,344.2287,2.0174,4.3163,12.1955,-3.5723,0.7926,-0.5289,12.7074,0.1231,0.9065,0.2936,car,315,109.5679,-48.0026,0.1398,-0.0961,-0.169,-0.0146,150.4243,0.1696444811952337,0.6107201323028414,21.97330000000001,-17.915999999999997,12.0557,-3.4762,12.546866896958779,28.35152498349957,0,07_315_318_12269_ego_315,0,12269,12269,12269,vehicle_vehicle,0.2933907283478527,2.8467108791260154,0.8132500789188812,14.870822391851764,15.0,3.0,3.5,0.8,0.12860956418556124,0.46299443106802046
7,311,12327,532,97.5479,-30.4617,90.2953,2.0722,5.0047,0.1568,9.0785,1.9972,0.8209,9.0776,0.2036,0.8106,2.0014,car,315,109.5679,-48.0026,0.1398,-0.0961,-0.169,-0.0146,150.4243,0.1696444811952337,0.6107201323028414,-12.019999999999996,17.5409,0.016999999999999987,9.1746,9.174615749991931,21.2641381863926,0,07_315_318_12269_ego_315,0,12269,12269,12269,vehicle_vehicle,0.2933907283478527,2.8467108791260154,0.8132500789188812,14.870822391851764,15.0,3.0,3.5,0.8,0.12860956418556124,0.46299443106802046
7,315,12327,438,109.5679,-48.0026,150.4243,1.925,4.0346,0.1398,-0.0961,-0.2026,0.1325,-0.169,-0.0146,0.2416,0.0152,car,315,109.5679,-48.0026,0.1398,-0.0961,-0.169,-0.0146,150.4243,0.1696444811952337,0.6107201323028414,0.0,0.0,0.0,0.0,0.0,0.0,1,07_315_318_12269_ego_315,1,12269,12269,12269,vehicle_vehicle,0.2933907283478527,2.8467108791260154,0.8132500789188812,14.870822391851764,15.0,3.0,3.5,0.8,0.12860956418556124,0.46299443106802046
7,318,12327,325,115.7335,-51.0734,158.1821,2.2707,6.3697,-0.982,0.4433,1.5362,-0.6543,1.0764,0.0465,-1.6694,-0.0365,van,315,109.5679,-48.0026,0.1398,-0.0961,-0.169,-0.0146,150.4243,0.1696444811952337,0.6107201323028414,6.165600000000012,-3.0707999999999984,-1.1218,0.5394,1.244743989742469,6.887992160274294,0,07_315_318_12269_ego_315,1,12269,12269,12269,vehicle_vehicle,0.2933907283478527,2.8467108791260154,0.8132500789188812,14.870822391851764,15.0,3.0,3.5,0.8,0.12860956418556124,0.46299443106802046
7,309,12328,558,132.0327,-66.0625,344.1622,2.0174,4.3163,12.2225,-3.5919,0.7083,-0.5134,12.7388,0.1199,0.8215,0.3006,car,315,109.5731,-48.0066,0.1312,-0.0908,-0.1589,-0.0143,150.4649,0.1595558836270227,0.5744011810572817,22.45960000000001,-18.0559,12.0913,-3.5010999999999997,12.587979857784966,28.81751476047163,0,07_315_318_12269_ego_315,0,12269,12269,12269,vehicle_vehicle,0.2933907283478527,2.8467108791260154,0.8132500789188812,14.870822391851764,15.0,3.0,3.5,0.8,0.12860956418556124,0.46299443106802046
7,311,12328,533,97.5556,-30.0977,89.7692,2.0722,5.0047,0.2371,9.1111,2.0373,0.8126,9.112,0.2003,0.8208,2.034,car,315,109.5731,-48.0066,0.1312,-0.0908,-0.1589,-0.0143,150.4649,0.1595558836270227,0.5744011810572817,-12.017499999999998,17.9089,0.1059,9.2019,9.202509354518472,21.567313357486135,0,07_315_318_12269_ego_315,0,12269,12269,12269,vehicle_vehicle,0.2933907283478527,2.8467108791260154,0.8132500789188812,14.870822391851764,15.0,3.0,3.5,0.8,0.12860956418556124,0.46299443106802046
7,315,12328,439,109.5731,-48.0066,150.4649,1.925,4.0346,0.1312,-0.0908,-0.2078,0.1396,-0.1589,-0.0143,0.2496,0.019,car,315,109.5731,-48.0066,0.1312,-0.0908,-0.1589,-0.0143,150.4649,0.1595558836270227,0.5744011810572817,0.0,0.0,0.0,0.0,0.0,0.0,1,07_315_318_12269_ego_315,1,12269,12269,12269,vehicle_vehicle,0.2933907283478527,2.8467108791260154,0.8132500789188812,14.870822391851764,15.0,3.0,3.5,0.8,0.12860956418556124,0.46299443106802046
7,318,12328,326,115.6961,-51.0567,158.1561,2.2707,6.3697,-0.9171,0.4161,1.493,-0.6383,1.006,0.045,-1.6232,-0.0369,van,315,109.5731,-48.0066,0.1312,-0.0908,-0.1589,-0.0143,150.4649,0.1595558836270227,0.5744011810572817,6.123000000000005,-3.0501000000000005,-1.0483,0.5069,1.1644228183954486,6.840631477429556,0,07_315_318_12269_ego_315,1,12269,12269,12269,vehicle_vehicle,0.2933907283478527,2.8467108791260154,0.8132500789188812,14.870822391851764,15.0,3.0,3.5,0.8,0.12860956418556124,0.46299443106802046
7,309,12329,559,132.5242,-66.206,344.0941,2.0174,4.3163,12.2453,-3.6112,0.6291,-0.4993,12.7661,0.117,0.7418,0.3078,car,315,109.5784,-48.0105,0.1224,-0.085,-0.1484,-0.0137,150.5004,0.14901932760551564,0.5364695793798563,22.945800000000006,-18.195500000000003,12.1229,-3.5262000000000002,12.625323395858025,29.28456859661758,0,07_315_318_12269_ego_315,0,12269,12269,12269,vehicle_vehicle,0.2933907283478527,2.8467108791260154,0.8132500789188812,14.870822391851764,15.0,3.0,3.5,0.8,0.12860956418556124,0.46299443106802046
7,311,12329,534,97.5667,-29.7326,89.2412,2.0722,5.0047,0.3189,9.1434,2.0771,0.8046,9.1468,0.1977,0.8321,2.0663,car,315,109.5784,-48.0105,0.1224,-0.085,-0.1484,-0.0137,150.5004,0.14901932760551564,0.5364695793798563,-12.011700000000005,18.2779,0.1965,9.2284,9.230491796757095,21.871501212765438,0,07_315_318_12269_ego_315,0,12269,12269,12269,vehicle_vehicle,0.2933907283478527,2.8467108791260154,0.8132500789188812,14.870822391851764,15.0,3.0,3.5,0.8,0.12860956418556124,0.46299443106802046
7,315,12329,440,109.5784,-48.0105,150.5004,1.925,4.0346,0.1224,-0.085,-0.2126,0.1466,-0.1484,-0.0137,0.2572,0.0229,car,315,109.5784,-48.0105,0.1224,-0.085,-0.1484,-0.0137,150.5004,0.14901932760551564,0.5364695793798563,0.0,0.0,0.0,0.0,0.0,0.0,1,07_315_318_12269_ego_315,1,12269,12269,12269,vehicle_vehicle,0.2933907283478527,2.8467108791260154,0.8132500789188812,14.870822391851764,15.0,3.0,3.5,0.8,0.12860956418556124,0.46299443106802046
7,318,12329,327,115.662,-51.041,158.1281,2.2707,6.3697,-0.8545,0.3897,1.4465,-0.6213,0.9382,0.0433,-1.5738,-0.0377,van,315,109.5784,-48.0105,0.1224,-0.085,-0.1484,-0.0137,150.5004,0.14901932760551564,0.5364695793798563,6.083600000000004,-3.0304999999999964,-0.9769,0.4747,1.0861278469867164,6.796625575239527,0,07_315_318_12269_ego_315,1,12269,12269,12269,vehicle_vehicle,0.2933907283478527,2.8467108791260154,0.8132500789188812,14.870822391851764,15.0,3.0,3.5,0.8,0.12860956418556124,0.46299443106802046
7,309,12330,560,133.0149,-66.3504,344.0272,2.0174,4.3163,12.2647,-3.63,0.5555,-0.4864,12.7901,0.1149,0.6679,0.3148,car,315,109.5832,-48.0135,0.1133,-0.0791,-0.1375,-0.0131,150.5264,0.13817995513098127,0.4974478384715326,23.431700000000006,-18.336899999999993,12.151399999999999,-3.5509,12.65959765434905,29.753763904756653,0,07_315_318_12269_ego_315,0,12269,12269,12269,vehicle_vehicle,0.2933907283478527,2.8467108791260154,0.8132500789188812,14.870822391851764,15.0,3.0,3.5,0.8,0.12860956418556124,0.46299443106802046
7,311,12330,535,97.5817,-29.3667,88.7036,2.0722,5.0047,0.402,9.1755,2.1168,0.7967,9.1823,0.1943,0.8444,2.0982,car,315,109.5832,-48.0135,0.1133,-0.0791,-0.1375,-0.0131,150.5264,0.13817995513098127,0.4974478384715326,-12.001500000000007,18.6468,0.2887,9.2546,9.25910194619327,22.17519227628027,0,07_315_318_12269_ego_315,0,12269,12269,12269,vehicle_vehicle,0.2933907283478527,2.8467108791260154,0.8132500789188812,14.870822391851764,15.0,3.0,3.5,0.8,0.12860956418556124,0.46299443106802046
7,315,12330,441,109.5832,-48.0135,150.5264,1.925,4.0346,0.1133,-0.0791,-0.2167,0.1535,-0.1375,-0.0131,0.2642,0.027,car,315,109.5832,-48.0135,0.1133,-0.0791,-0.1375,-0.0131,150.5264,0.13817995513098127,0.4974478384715326,0.0,0.0,0.0,0.0,0.0,0.0,1,07_315_318_12269_ego_315,1,12269,12269,12269,vehicle_vehicle,0.2933907283478527,2.8467108791260154,0.8132500789188812,14.870822391851764,15.0,3.0,3.5,0.8,0.12860956418556124,0.46299443106802046
7,318,12330,328,115.6299,-51.0256,158.1019,2.2707,6.3697,-0.7941,0.3639,1.3974,-0.6034,0.8725,0.0415,-1.5216,-0.0387,van,315,109.5832,-48.0135,0.1133,-0.0791,-0.1375,-0.0131,150.5264,0.13817995513098127,0.4974478384715326,6.046700000000001,-3.0120999999999967,-0.9074,0.443,1.0097642101005562,6.7553924608419305,0,07_315_318_12269_ego_315,1,12269,12269,12269,vehicle_vehicle,0.2933907283478527,2.8467108791260154,0.8132500789188812,14.870822391851764,15.0,3.0,3.5,0.8,0.12860956418556124,0.46299443106802046
7,309,12331,561,133.506,-66.4966,343.9579,2.0174,4.3163,12.2812,-3.6482,0.4877,-0.4747,12.8111,0.1123,0.5999,0.3215,car,315,109.587,-48.0168,0.1042,-0.0728,-0.1266,-0.0121,150.5333,0.1271120765309103,0.4576034755112771,23.918999999999997,-18.479799999999997,12.177,-3.5754,12.6910525237271,30.226173575892794,0,07_315_318_12269_ego_315,0,12269,12269,12269,vehicle_vehicle,0.2933907283478527,2.8467108791260154,0.8132500789188812,14.870822391851764,15.0,3.0,3.5,0.8,0.12860956418556124,0.46299443106802046
7,311,12331,536,97.5997,-28.9992,88.1467,2.0722,5.0047,0.4867,9.2074,2.1563,0.7888,9.2184,0.1887,0.8581,2.1297,car,315,109.587,-48.0168,0.1042,-0.0728,-0.1266,-0.0121,150.5333,0.1271120765309103,0.4576034755112771,-11.987300000000005,19.017600000000005,0.3825,9.2802,9.288079364970995,22.480312966015404,0,07_315_318_12269_ego_315,0,12269,12269,12269,vehicle_vehicle,0.2933907283478527,2.8467108791260154,0.8132500789188812,14.870822391851764,15.0,3.0,3.5,0.8,0.12860956418556124,0.46299443106802046
7,315,12331,442,109.587,-48.0168,150.5333,1.925,4.0346,0.1042,-0.0728,-0.2204,0.1602,-0.1266,-0.0121,0.2707,0.0311,car,315,109.587,-48.0168,0.1042,-0.0728,-0.1266,-0.0121,150.5333,0.1271120765309103,0.4576034755112771,0.0,0.0,0.0,0.0,0.0,0.0,1,07_315_318_12269_ego_315,1,12269,12269,12269,vehicle_vehicle,0.2933907283478527,2.8467108791260154,0.8132500789188812,14.870822391851764,15.0,3.0,3.5,0.8,0.12860956418556124,0.46299443106802046
7,318,12331,329,115.5996,-51.0116,158.0775,2.2707,6.3697,-0.7358,0.3389,1.3458,-0.5846,0.8091,0.0397,-1.4667,-0.0399,van,315,109.587,-48.0168,0.1042,-0.0728,-0.1266,-0.0121,150.5333,0.1271120765309103,0.4576034755112771,6.012599999999992,-2.994799999999998,-0.84,0.41169999999999995,0.9354661351433304,6.717156079770656,0,07_315_318_12269_ego_315,1,12269,12269,12269,vehicle_vehicle,0.2933907283478527,2.8467108791260154,0.8132500789188812,14.870822391851764,15.0,3.0,3.5,0.8,0.12860956418556124,0.46299443106802046
7,309,12332,562,133.9989,-66.6439,343.8906,2.0174,4.3163,12.2944,-3.6654,0.4258,-0.4646,12.8287,0.1101,0.538,0.3282,car,315,109.5903,-48.0208,0.0954,-0.0657,-0.1153,-0.0103,150.5277,0.1158345803290192,0.4170044891844691,24.408599999999993,-18.6231,12.199,-3.5997,12.719018872931983,30.70178508767853,0,07_315_318_12269_ego_315,0,12269,12269,12269,vehicle_vehicle,0.2933907283478527,2.8467108791260154,0.8132500789188812,14.870822391851764,15.0,3.0,3.5,0.8,0.12860956418556124,0.46299443106802046
7,311,12332,537,97.6205,-28.6304,87.5797,2.0722,5.0047,0.5731,9.2391,2.1958,0.7808,9.2551,0.1825,0.8729,2.1609,car,315,109.5903,-48.0208,0.0954,-0.0657,-0.1153,-0.0103,150.5277,0.1158345803290192,0.4170044891844691,-11.969799999999992,19.3904,0.47770000000000007,9.3048,9.31705427321318,22.787358868460377,0,07_315_318_12269_ego_315,0,12269,12269,12269,vehicle_vehicle,0.2933907283478527,2.8467108791260154,0.8132500789188812,14.870822391851764,15.0,3.0,3.5,0.8,0.12860956418556124,0.46299443106802046
7,315,12332,443,109.5903,-48.0208,150.5277,1.925,4.0346,0.0954,-0.0657,-0.2239,0.1666,-0.1153,-0.0103,0.2769,0.0349,car,315,109.5903,-48.0208,0.0954,-0.0657,-0.1153,-0.0103,150.5277,0.1158345803290192,0.4170044891844691,0.0,0.0,0.0,0.0,0.0,0.0,1,07_315_318_12269_ego_315,1,12269,12269,12269,vehicle_vehicle,0.2933907283478527,2.8467108791260154,0.8132500789188812,14.870822391851764,15.0,3.0,3.5,0.8,0.12860956418556124,0.46299443106802046
7,318,12332,330,115.5719,-50.999,158.0623,2.2707,6.3697,-0.6798,0.3148,1.2919,-0.565,0.7482,0.038,-1.4094,-0.0414,van,315,109.5903,-48.0208,0.0954,-0.0657,-0.1153,-0.0103,150.5277,0.1158345803290192,0.4170044891844691,5.9816,-2.978200000000001,-0.7752,0.3805,0.8635480820429167,6.682006719541668,0,07_315_318_12269_ego_315,1,12269,12269,12269,vehicle_vehicle,0.2933907283478527,2.8467108791260154,0.8132500789188812,14.870822391851764,15.0,3.0,3.5,0.8,0.12860956418556124,0.46299443106802046
7,309,12333,563,134.492,-66.7906,343.8322,2.0174,4.3163,12.3048,-3.6823,0.3704,-0.4562,12.8435,0.1104,0.4828,0.335,car,315,109.594,-48.0241,0.0863,-0.058,-0.1037,-0.0081,150.5315,0.1039792767814818,0.3743253964133345,24.897999999999996,-18.7665,12.2185,-3.6243000000000003,12.744696651548834,31.178388769306213,0,07_315_318_12269_ego_315,0,12269,12269,12269,vehicle_vehicle,0.2933907283478527,2.8467108791260154,0.8132500789188812,14.870822391851764,15.0,3.0,3.5,0.8,0.12860956418556124,0.46299443106802046
7,311,12333,538,97.6447,-28.2606,87.0206,2.0722,5.0047,0.6613,9.2706,2.235,0.7727,9.2924,0.1786,0.8878,2.1918,car,315,109.594,-48.0241,0.0863,-0.058,-0.1037,-0.0081,150.5315,0.1039792767814818,0.3743253964133345,-11.949299999999994,19.763499999999997,0.575,9.3286,9.346304240714614,23.095057972215606,0,07_315_318_12269_ego_315,0,12269,12269,12269,vehicle_vehicle,0.2933907283478527,2.8467108791260154,0.8132500789188812,14.870822391851764,15.0,3.0,3.5,0.8,0.12860956418556124,0.46299443106802046
7,315,12333,444,109.594,-48.0241,150.5315,1.925,4.0346,0.0863,-0.058,-0.2273,0.1721,-0.1037,-0.0081,0.2825,0.038,car,315,109.594,-48.0241,0.0863,-0.058,-0.1037,-0.0081,150.5315,0.1039792767814818,0.3743253964133345,0.0,0.0,0.0,0.0,0.0,0.0,1,07_315_318_12269_ego_315,1,12269,12269,12269,vehicle_vehicle,0.2933907283478527,2.8467108791260154,0.8132500789188812,14.870822391851764,15.0,3.0,3.5,0.8,0.12860956418556124,0.46299443106802046
7,318,12333,331,115.5472,-50.9876,158.0562,2.2707,6.3697,-0.6266,0.2917,1.2362,-0.5448,0.6903,0.0364,-1.3502,-0.0433,van,315,109.594,-48.0241,0.0863,-0.058,-0.1037,-0.0081,150.5315,0.1039792767814818,0.3743253964133345,5.95320000000001,-2.9635000000000034,-0.7129000000000001,0.3497,0.7940506910770875,6.650031766089552,0,07_315_318_12269_ego_315,1,12269,12269,12269,vehicle_vehicle,0.2933907283478527,2.8467108791260154,0.8132500789188812,14.870822391851764,15.0,3.0,3.5,0.8,0.12860956418556124,0.46299443106802046
7,309,12334,564,134.984,-66.9379,343.7738,2.0174,4.3163,12.3132,-3.6991,0.3216,-0.4493,12.8564,0.1111,0.4343,0.3416,car,315,109.597,-48.0267,0.0772,-0.05,-0.0918,-0.0055,150.529,0.09197738852565886,0.33111859869237187,25.387000000000015,-18.9112,12.236,-3.6491000000000002,12.76854051213372,31.65648834662494,0,07_315_318_12269_ego_315,0,12269,12269,12269,vehicle_vehicle,0.2933907283478527,2.8467108791260154,0.8132500789188812,14.870822391851764,15.0,3.0,3.5,0.8,0.12860956418556124,0.46299443106802046
7,311,12334,539,97.6723,-27.8892,86.4608,2.0722,5.0047,0.7513,9.3018,2.2738,0.7643,9.3304,0.1757,0.9032,2.2222,car,315,109.597,-48.0267,0.0772,-0.05,-0.0918,-0.0055,150.529,0.09197738852565886,0.33111859869237187,-11.924699999999987,20.1375,0.6740999999999999,9.3518,9.376063888967481,23.403362500717705,0,07_315_318_12269_ego_315,0,12269,12269,12269,vehicle_vehicle,0.2933907283478527,2.8467108791260154,0.8132500789188812,14.870822391851764,15.0,3.0,3.5,0.8,0.12860956418556124,0.46299443106802046
7,315,12334,445,109.597,-48.0267,150.529,1.925,4.0346,0.0772,-0.05,-0.2306,0.1765,-0.0918,-0.0055,0.2876,0.0402,car,315,109.597,-48.0267,0.0772,-0.05,-0.0918,-0.0055,150.529,0.09197738852565886,0.33111859869237187,0.0,0.0,0.0,0.0,0.0,0.0,1,07_315_318_12269_ego_315,1,12269,12269,12269,vehicle_vehicle,0.2933907283478527,2.8467108791260154,0.8132500789188812,14.870822391851764,15.0,3.0,3.5,0.8,0.12860956418556124,0.46299443106802046
7,318,12334,332,115.5246,-50.9762,158.0517,2.2707,6.3697,-0.5762,0.2695,1.1793,-0.5241,0.6352,0.0345,-1.2897,-0.0453,van,315,109.597,-48.0267,0.0772,-0.05,-0.0918,-0.0055,150.529,0.09197738852565886,0.33111859869237187,5.927600000000012,-2.9495000000000005,-0.6534000000000001,0.3195,0.7273319805975811,6.620875471567197,0,07_315_318_12269_ego_315,1,12269,12269,12269,vehicle_vehicle,0.2933907283478527,2.8467108791260154,0.8132500789188812,14.870822391851764,15.0,3.0,3.5,0.8,0.12860956418556124,0.46299443106802046
7,309,12335,565,135.4761,-67.0862,343.7092,2.0174,4.3163,12.3199,-3.7156,0.279,-0.4439,12.8676,0.1105,0.3923,0.3478,car,315,109.5996,-48.0289,0.0681,-0.0417,-0.0798,-0.0028,150.5278,0.07985298992523698,0.2874707637308532,25.876500000000007,-19.057300000000005,12.251800000000001,-3.6738999999999997,12.790783574511767,32.13680033139579,0,07_315_318_12269_ego_315,0,12269,12269,12269,vehicle_vehicle,0.2933907283478527,2.8467108791260154,0.8132500789188812,14.870822391851764,15.0,3.0,3.5,0.8,0.12860956418556124,0.46299443106802046
7,311,12335,540,97.7037,-27.5168,85.9036,2.0722,5.0047,0.8431,9.3327,2.3118,0.7556,9.3691,0.1742,0.9188,2.2519,car,315,109.5996,-48.0289,0.0681,-0.0417,-0.0798,-0.0028,150.5278,0.07985298992523698,0.2874707637308532,-11.895899999999997,20.5121,0.7749999999999999,9.374400000000001,9.406380832179826,23.71199450109585,0,07_315_318_12269_ego_315,0,12269,12269,12269,vehicle_vehicle,0.2933907283478527,2.8467108791260154,0.8132500789188812,14.870822391851764,15.0,3.0,3.5,0.8,0.12860956418556124,0.46299443106802046
7,315,12335,446,109.5996,-48.0289,150.5278,1.925,4.0346,0.0681,-0.0417,-0.234,0.1797,-0.0798,-0.0028,0.2921,0.0414,car,315,109.5996,-48.0289,0.0681,-0.0417,-0.0798,-0.0028,150.5278,0.07985298992523698,0.2874707637308532,0.0,0.0,0.0,0.0,0.0,0.0,1,07_315_318_12269_ego_315,1,12269,12269,12269,vehicle_vehicle,0.2933907283478527,2.8467108791260154,0.8132500789188812,14.870822391851764,15.0,3.0,3.5,0.8,0.12860956418556124,0.46299443106802046
7,318,12335,333,115.5038,-50.966,158.0573,2.2707,6.3697,-0.5286,0.2481,1.1217,-0.503,0.583,0.0326,-1.2284,-0.0474,van,315,109.5996,-48.0289,0.0681,-0.0417,-0.0798,-0.0028,150.5278,0.07985298992523698,0.2874707637308532,5.904200000000003,-2.937100000000001,-0.5967,0.2898,0.6633512870267155,6.594401720398905,0,07_315_318_12269_ego_315,1,12269,12269,12269,vehicle_vehicle,0.2933907283478527,2.8467108791260154,0.8132500789188812,14.870822391851764,15.0,3.0,3.5,0.8,0.12860956418556124,0.46299443106802046
7,309,12336,566,135.9691,-67.2348,343.649,2.0174,4.3163,12.3249,-3.732,0.2426,-0.4399,12.8771,0.1114,0.3566,0.3538,car,315,109.6017,-48.0309,0.0591,-0.033,-0.0677,0.0003,150.5277,0.06768906854138267,0.2436806467489776,26.367400000000004,-19.203900000000004,12.265799999999999,-3.6990000000000003,12.811418759840768,32.61946593630865,0,07_315_318_12269_ego_315,0,12269,12269,12269,vehicle_vehicle,0.2933907283478527,2.8467108791260154,0.8132500789188812,14.870822391851764,15.0,3.0,3.5,0.8,0.12860956418556124,0.46299443106802046
7,311,12336,541,97.7393,-27.1426,85.355,2.0722,5.0047,0.9363,9.3632,2.3491,0.7466,9.4082,0.175,0.9344,2.2809,car,315,109.6017,-48.0309,0.0591,-0.033,-0.0677,0.0003,150.5277,0.06768906854138267,0.2436806467489776,-11.862399999999994,20.8883,0.8772,9.3962,9.437057501149392,24.02160716209471,0,07_315_318_12269_ego_315,0,12269,12269,12269,vehicle_vehicle,0.2933907283478527,2.8467108791260154,0.8132500789188812,14.870822391851764,15.0,3.0,3.5,0.8,0.12860956418556124,0.46299443106802046
7,315,12336,447,109.6017,-48.0309,150.5277,1.925,4.0346,0.0591,-0.033,-0.2376,0.1816,-0.0677,0.0003,0.2962,0.0412,car,315,109.6017,-48.0309,0.0591,-0.033,-0.0677,0.0003,150.5277,0.06768906854138267,0.2436806467489776,0.0,0.0,0.0,0.0,0.0,0.0,1,07_315_318_12269_ego_315,1,12269,12269,12269,vehicle_vehicle,0.2933907283478527,2.8467108791260154,0.8132500789188812,14.870822391851764,15.0,3.0,3.5,0.8,0.12860956418556124,0.46299443106802046
7,318,12336,334,115.4847,-50.957,158.0617,2.2707,6.3697,-0.4838,0.2277,1.0638,-0.4815,0.5338,0.0305,-1.1667,-0.0492,van,315,109.6017,-48.0309,0.0591,-0.033,-0.0677,0.0003,150.5277,0.06768906854138267,0.2436806467489776,5.88300000000001,-2.926099999999998,-0.5429,0.26070000000000004,0.6022498650892336,6.570521304280209,0,07_315_318_12269_ego_315,1,12269,12269,12269,vehicle_vehicle,0.2933907283478527,2.8467108791260154,0.8132500789188812,14.870822391851764,15.0,3.0,3.5,0.8,0.12860956418556124,0.46299443106802046
7,309,12337,567,136.4625,-67.3837,343.5775,2.0174,4.3163,12.3284,-3.7486,0.2124,-0.4371,12.8852,0.1102,0.3273,0.3593,car,315,109.604,-48.0321,0.0498,-0.0242,-0.0553,0.0034,150.5293,0.05536858314965266,0.19932689933874956,26.858500000000006,-19.351600000000005,12.2786,-3.7244,12.831023860939547,33.103828250068005,0,07_315_318_12269_ego_315,0,12269,12269,12269,vehicle_vehicle,0.2933907283478527,2.8467108791260154,0.8132500789188812,14.870822391851764,15.0,3.0,3.5,0.8,0.12860956418556124,0.46299443106802046
7,311,12337,542,97.7782,-26.7672,84.8064,2.0722,5.0047,1.0313,9.3932,2.3854,0.7374,9.448,0.1767,0.9503,2.3089,car,315,109.604,-48.0321,0.0498,-0.0242,-0.0553,0.0034,150.5293,0.05536858314965266,0.19932689933874956,-11.825800000000001,21.2649,0.9815000000000002,9.4174,9.468408789759767,24.331985485159244,0,07_315_318_12269_ego_315,0,12269,12269,12269,vehicle_vehicle,0.2933907283478527,2.8467108791260154,0.8132500789188812,14.870822391851764,15.0,3.0,3.5,0.8,0.12860956418556124,0.46299443106802046
7,315,12337,448,109.604,-48.0321,150.5293,1.925,4.0346,0.0498,-0.0242,-0.2415,0.1819,-0.0553,0.0034,0.2997,0.0396,car,315,109.604,-48.0321,0.0498,-0.0242,-0.0553,0.0034,150.5293,0.05536858314965266,0.19932689933874956,0.0,0.0,0.0,0.0,0.0,0.0,1,07_315_318_12269_ego_315,1,12269,12269,12269,vehicle_vehicle,0.2933907283478527,2.8467108791260154,0.8132500789188812,14.870822391851764,15.0,3.0,3.5,0.8,0.12860956418556124,0.46299443106802046
7,318,12337,335,115.4672,-50.9488,158.0617,2.2707,6.3697,-0.4417,0.2085,1.0062,-0.46,0.4876,0.0284,-1.1052,-0.0507,van,315,109.604,-48.0321,0.0498,-0.0242,-0.0553,0.0034,150.5293,0.05536858314965266,0.19932689933874956,5.863200000000006,-2.9166999999999987,-0.4915,0.2327,0.5438028503051451,6.548606961026144,0,07_315_318_12269_ego_315,1,12269,12269,12269,vehicle_vehicle,0.2933907283478527,2.8467108791260154,0.8132500789188812,14.870822391851764,15.0,3.0,3.5,0.8,0.12860956418556124,0.46299443106802046
7,309,12338,568,136.9553,-67.5334,343.5036,2.0174,4.3163,12.3308,-3.7653,0.1883,-0.4353,12.8924,0.1089,0.3041,0.3639,car,315,109.606,-48.033,0.0403,-0.0154,-0.0427,0.0064,150.5351,0.043142206712220924,0.15531194416399532,27.3493,-19.5004,12.2905,-3.7499,12.849830359191516,33.589430043541974,0,07_315_318_12269_ego_315,0,12269,12269,12269,vehicle_vehicle,0.2933907283478527,2.8467108791260154,0.8132500789188812,14.870822391851764,15.0,3.0,3.5,0.8,0.12860956418556124,0.46299443106802046
7,311,12338,543,97.8215,-26.3909,84.2611,2.0722,5.0047,1.1276,9.4228,2.4209,0.728,9.4884,0.1797,0.9664,2.336,car,315,109.606,-48.033,0.0403,-0.0154,-0.0427,0.0064,150.5351,0.043142206712220924,0.15531194416399532,-11.784499999999994,21.642100000000003,1.0873,9.4382,9.500623165350786,24.642543145138244,0,07_315_318_12269_ego_315,0,12269,12269,12269,vehicle_vehicle,0.2933907283478527,2.8467108791260154,0.8132500789188812,14.870822391851764,15.0,3.0,3.5,0.8,0.12860956418556124,0.46299443106802046
7,315,12338,449,109.606,-48.033,150.5351,1.925,4.0346,0.0403,-0.0154,-0.2456,0.1808,-0.0427,0.0064,0.3027,0.0366,car,315,109.606,-48.033,0.0403,-0.0154,-0.0427,0.0064,150.5351,0.043142206712220924,0.15531194416399532,0.0,0.0,0.0,0.0,0.0,0.0,1,07_315_318_12269_ego_315,1,12269,12269,12269,vehicle_vehicle,0.2933907283478527,2.8467108791260154,0.8132500789188812,14.870822391851764,15.0,3.0,3.5,0.8,0.12860956418556124,0.46299443106802046
7,318,12338,336,115.4514,-50.9411,158.0595,2.2707,6.3697,-0.4023,0.1902,0.9493,-0.4385,0.4442,0.0261,-1.0444,-0.052,van,315,109.606,-48.033,0.0403,-0.0154,-0.0427,0.0064,150.5351,0.043142206712220924,0.15531194416399532,5.845400000000012,-2.9080999999999975,-0.4426,0.2056,0.4880226634081659,6.528839618952217,0,07_315_318_12269_ego_315,1,12269,12269,12269,vehicle_vehicle,0.2933907283478527,2.8467108791260154,0.8132500789188812,14.870822391851764,15.0,3.0,3.5,0.8,0.12860956418556124,0.46299443106802046
7,309,12339,569,137.447,-67.6841,343.4332,2.0174,4.3163,12.333,-3.7819,0.1699,-0.4342,12.8994,0.1084,0.2867,0.3677,car,315,109.6076,-48.0329,0.0306,-0.0069,-0.03,0.009,150.5345,0.031368296096536706,0.11292586594753215,27.839399999999998,-19.651200000000003,12.3024,-3.775,12.868553561298178,34.076411985418886,0,07_315_318_12269_ego_315,0,12269,12269,12269,vehicle_vehicle,0.2933907283478527,2.8467108791260154,0.8132500789188812,14.870822391851764,15.0,3.0,3.5,0.8,0.12860956418556124,0.46299443106802046
7,311,12339,544,97.8682,-26.0135,83.7214,2.0722,5.0047,1.2255,9.4522,2.4554,0.7184,9.5295,0.1844,0.9826,2.3621,car,315,109.6076,-48.0329,0.0306,-0.0069,-0.03,0.009,150.5345,0.031368296096536706,0.11292586594753215,-11.739400000000003,22.019399999999997,1.1949,9.4591,9.53427285218962,24.953306168121287,0,07_315_318_12269_ego_315,0,12269,12269,12269,vehicle_vehicle,0.2933907283478527,2.8467108791260154,0.8132500789188812,14.870822391851764,15.0,3.0,3.5,0.8,0.12860956418556124,0.46299443106802046
7,315,12339,450,109.6076,-48.0329,150.5345,1.925,4.0346,0.0306,-0.0069,-0.2498,0.1782,-0.03,0.009,0.3052,0.0323,car,315,109.6076,-48.0329,0.0306,-0.0069,-0.03,0.009,150.5345,0.031368296096536706,0.11292586594753215,0.0,0.0,0.0,0.0,0.0,0.0,1,07_315_318_12269_ego_315,1,12269,12269,12269,vehicle_vehicle,0.2933907283478527,2.8467108791260154,0.8132500789188812,14.870822391851764,15.0,3.0,3.5,0.8,0.12860956418556124,0.46299443106802046
7,318,12339,337,115.4369,-50.9339,158.0539,2.2707,6.3697,-0.3655,0.1728,0.8933,-0.4171,0.4036,0.0237,-0.9845,-0.053,van,315,109.6076,-48.0329,0.0306,-0.0069,-0.03,0.009,150.5345,0.031368296096536706,0.11292586594753215,5.829299999999989,-2.9010000000000034,-0.3961,0.1797,0.4349566645080864,6.5112625112185345,0,07_315_318_12269_ego_315,1,12269,12269,12269,vehicle_vehicle,0.2933907283478527,2.8467108791260154,0.8132500789188812,14.870822391851764,15.0,3.0,3.5,0.8,0.12860956418556124,0.46299443106802046
7,309,12340,570,137.9387,-67.8356,343.3532,2.0174,4.3163,12.3351,-3.7987,0.1566,-0.4337,12.9063,0.1058,0.2743,0.3707,car,315,109.609,-48.0317,0.0206,0.001,-0.0174,0.011,150.5296,0.02062425756239482,0.07424732722462137,28.329700000000017,-19.8039,12.3145,-3.7997,12.887382602375085,34.5653924800515,0,07_315_318_12269_ego_315,0,12269,12269,12269,vehicle_vehicle,0.2933907283478527,2.8467108791260154,0.8132500789188812,14.870822391851764,15.0,3.0,3.5,0.8,0.12860956418556124,0.46299443106802046
7,311,12340,545,97.9188,-25.6346,83.1813,2.0722,5.0047,1.3249,9.481,2.4887,0.7087,9.5713,0.1899,0.9992,2.3869,car,315,109.609,-48.0317,0.0206,0.001,-0.0174,0.011,150.5296,0.02062425756239482,0.07424732722462137,-11.69019999999999,22.397100000000002,1.3043,9.48,9.569305016039566,25.264418941467856,0,07_315_318_12269_ego_315,0,12269,12269,12269,vehicle_vehicle,0.2933907283478527,2.8467108791260154,0.8132500789188812,14.870822391851764,15.0,3.0,3.5,0.8,0.12860956418556124,0.46299443106802046
7,315,12340,451,109.609,-48.0317,150.5296,1.925,4.0346,0.0206,0.001,-0.2541,0.1746,-0.0174,0.011,0.3071,0.027,car,315,109.609,-48.0317,0.0206,0.001,-0.0174,0.011,150.5296,0.02062425756239482,0.07424732722462137,0.0,0.0,0.0,0.0,0.0,0.0,1,07_315_318_12269_ego_315,1,12269,12269,12269,vehicle_vehicle,0.2933907283478527,2.8467108791260154,0.8132500789188812,14.870822391851764,15.0,3.0,3.5,0.8,0.12860956418556124,0.46299443106802046
7,318,12340,338,115.4238,-50.9272,158.0433,2.2707,6.3697,-0.3313,0.1562,0.8388,-0.3959,0.3656,0.021,-0.9259,-0.0535,van,315,109.609,-48.0317,0.0206,0.001,-0.0174,0.011,150.5296,0.02062425756239482,0.07424732722462137,5.814800000000005,-2.8954999999999984,-0.3519,0.1552,0.38460453715472465,6.495830916056856,0,07_315_318_12269_ego_315,1,12269,12269,12269,vehicle_vehicle,0.2933907283478527,2.8467108791260154,0.8132500789188812,14.870822391851764,15.0,3.0,3.5,0.8,0.12860956418556124,0.46299443106802046
7,309,12341,571,138.4308,-67.9871,343.271,2.0174,4.3163,12.3373,-3.8157,0.1476,-0.4338,12.9135,0.1029,0.2663,0.3729,car,315,109.6101,-48.0303,0.0102,0.0082,-0.0048,0.0122,150.5318,0.01308739851918631,0.04711463466907072,28.820700000000002,-19.9568,12.327100000000002,-3.8239,12.906572187068107,35.055764358090954,0,07_315_318_12269_ego_315,0,12269,12269,12269,vehicle_vehicle,0.2933907283478527,2.8467108791260154,0.8132500789188812,14.870822391851764,15.0,3.0,3.5,0.8,0.12860956418556124,0.46299443106802046
7,311,12341,546,97.9734,-25.2545,82.6391,2.0722,5.0047,1.4258,9.5094,2.5207,0.6989,9.6137,0.1957,1.0161,2.4104,car,315,109.6101,-48.0303,0.0102,0.0082,-0.0048,0.0122,150.5318,0.01308739851918631,0.04711463466907072,-11.636700000000005,22.775799999999997,1.4156,9.501199999999999,9.606077492920821,25.57635338608692,0,07_315_318_12269_ego_315,0,12269,12269,12269,vehicle_vehicle,0.2933907283478527,2.8467108791260154,0.8132500789188812,14.870822391851764,15.0,3.0,3.5,0.8,0.12860956418556124,0.46299443106802046
7,315,12341,452,109.6101,-48.0303,150.5318,1.925,4.0346,0.0102,0.0082,-0.2582,0.1705,-0.0048,0.0122,0.3087,0.0214,car,315,109.6101,-48.0303,0.0102,0.0082,-0.0048,0.0122,150.5318,0.01308739851918631,0.04711463466907072,0.0,0.0,0.0,0.0,0.0,0.0,1,07_315_318_12269_ego_315,1,12269,12269,12269,vehicle_vehicle,0.2933907283478527,2.8467108791260154,0.8132500789188812,14.870822391851764,15.0,3.0,3.5,0.8,0.12860956418556124,0.46299443106802046
7,318,12341,339,115.4118,-50.9213,158.0325,2.2707,6.3697,-0.2994,0.1404,0.7858,-0.3747,0.3302,0.0182,-0.8689,-0.0535,van,315,109.6101,-48.0303,0.0102,0.0082,-0.0048,0.0122,150.5318,0.01308739851918631,0.04711463466907072,5.801699999999997,-2.8910000000000053,-0.3096,0.13219999999999998,0.33664372859151853,6.482098725721476,0,07_315_318_12269_ego_315,1,12269,12269,12269,vehicle_vehicle,0.2933907283478527,2.8467108791260154,0.8132500789188812,14.870822391851764,15.0,3.0,3.5,0.8,0.12860956418556124,0.46299443106802046
7,309,12342,572,138.9225,-68.1389,343.1922,2.0174,4.3163,12.3399,-3.8332,0.1424,-0.434,12.9211,0.1012,0.2618,0.3743,car,315,109.6108,-48.0293,-0.0006,0.0151,0.008,0.0129,150.5464,0.015111915828246265,0.05440289698168656,29.311700000000016,-20.109600000000007,12.3405,-3.8483,12.926614140601552,35.54675469082939,0,07_315_318_12269_ego_315,0,12269,12269,12269,vehicle_vehicle,0.2933907283478527,2.8467108791260154,0.8132500789188812,14.870822391851764,15.0,3.0,3.5,0.8,0.12860956418556124,0.46299443106802046
7,311,12342,547,98.0318,-24.8732,82.0945,2.0722,5.0047,1.5282,9.5371,2.5513,0.6893,9.6567,0.202,1.0336,2.4323,car,315,109.6108,-48.0293,-0.0006,0.0151,0.008,0.0129,150.5464,0.015111915828246265,0.05440289698168656,-11.578999999999994,23.1561,1.5288,9.522,9.643946984507952,25.889731713750912,0,07_315_318_12269_ego_315,0,12269,12269,12269,vehicle_vehicle,0.2933907283478527,2.8467108791260154,0.8132500789188812,14.870822391851764,15.0,3.0,3.5,0.8,0.12860956418556124,0.46299443106802046
7,315,12342,453,109.6108,-48.0293,150.5464,1.925,4.0346,-0.0006,0.0151,-0.262,0.1662,0.008,0.0129,0.3099,0.0159,car,315,109.6108,-48.0293,-0.0006,0.0151,0.008,0.0129,150.5464,0.015111915828246265,0.05440289698168656,0.0,0.0,0.0,0.0,0.0,0.0,1,07_315_318_12269_ego_315,1,12269,12269,12269,vehicle_vehicle,0.2933907283478527,2.8467108791260154,0.8132500789188812,14.870822391851764,15.0,3.0,3.5,0.8,0.12860956418556124,0.46299443106802046
7,318,12342,340,115.4009,-50.9159,158.017,2.2707,6.3697,-0.2699,0.1255,0.7347,-0.3536,0.2973,0.0153,-0.8136,-0.0529,van,315,109.6108,-48.0293,-0.0006,0.0151,0.008,0.0129,150.5464,0.015111915828246265,0.05440289698168656,5.790099999999995,-2.8866000000000014,-0.2693,0.1104,0.2910509405585215,6.469754057922136,0,07_315_318_12269_ego_315,1,12269,12269,12269,vehicle_vehicle,0.2933907283478527,2.8467108791260154,0.8132500789188812,14.870822391851764,15.0,3.0,3.5,0.8,0.12860956418556124,0.46299443106802046
7,309,12343,573,139.4138,-68.2926,343.1109,2.0174,4.3163,12.3432,-3.8507,0.1399,-0.434,12.9295,0.0986,0.26,0.3746,car,315,109.611,-48.0277,-0.0117,0.0215,0.0207,0.013,150.5637,0.02447733645640391,0.08811841124305408,29.802800000000005,-20.26489999999999,12.354899999999999,-3.8722,12.94748959644301,36.03988151825696,0,07_315_318_12269_ego_315,0,12269,12269,12269,vehicle_vehicle,0.2933907283478527,2.8467108791260154,0.8132500789188812,14.870822391851764,15.0,3.0,3.5,0.8,0.12860956418556124,0.46299443106802046
7,311,12343,548,98.0942,-24.4912,81.5493,2.0722,5.0047,1.6322,9.5646,2.5801,0.6797,9.7006,0.2089,1.0515,2.4522,car,315,109.611,-48.0277,-0.0117,0.0215,0.0207,0.013,150.5637,0.02447733645640391,0.08811841124305408,-11.516800000000003,23.536500000000004,1.6439000000000001,9.5431,9.683654517794407,26.203120319725286,0,07_315_318_12269_ego_315,0,12269,12269,12269,vehicle_vehicle,0.2933907283478527,2.8467108791260154,0.8132500789188812,14.870822391851764,15.0,3.0,3.5,0.8,0.12860956418556124,0.46299443106802046
7,315,12343,454,109.611,-48.0277,150.5637,1.925,4.0346,-0.0117,0.0215,-0.2652,0.1621,0.0207,0.013,0.3106,0.0108,car,315,109.611,-48.0277,-0.0117,0.0215,0.0207,0.013,150.5637,0.02447733645640391,0.08811841124305408,0.0,0.0,0.0,0.0,0.0,0.0,1,07_315_318_12269_ego_315,1,12269,12269,12269,vehicle_vehicle,0.2933907283478527,2.8467108791260154,0.8132500789188812,14.870822391851764,15.0,3.0,3.5,0.8,0.12860956418556124,0.46299443106802046
7,318,12343,341,115.3909,-50.911,158.003,2.2707,6.3697,-0.2426,0.1114,0.6855,-0.3325,0.2666,0.0124,-0.7601,-0.0515,van,315,109.611,-48.0277,-0.0117,0.0215,0.0207,0.013,150.5637,0.02447733645640391,0.08811841124305408,5.779899999999998,-2.8832999999999984,-0.23090000000000002,0.08990000000000001,0.24778381706640976,6.459153419760206,0,07_315_318_12269_ego_315,1,12269,12269,12269,vehicle_vehicle,0.2933907283478527,2.8467108791260154,0.8132500789188812,14.870822391851764,15.0,3.0,3.5,0.8,0.12860956418556124,0.46299443106802046
7,309,12344,574,139.9048,-68.4474,343.0156,2.0174,4.3163,12.3476,-3.868,0.1393,-0.434,12.9389,0.0924,0.26,0.3744,car,315,109.6107,-48.0264,-0.0231,0.0276,0.0336,0.0127,150.5759,0.035991248936373406,0.12956849617094426,30.2941,-20.421,12.3707,-3.8956,12.969576625703708,36.534226908612695,0,07_315_318_12269_ego_315,0,12269,12269,12269,vehicle_vehicle,0.2933907283478527,2.8467108791260154,0.8132500789188812,14.870822391851764,15.0,3.0,3.5,0.8,0.12860956418556124,0.46299443106802046
7,311,12344,549,98.16,-24.1077,81.0028,2.0722,5.0047,1.738,9.5914,2.6067,0.6704,9.7452,0.2166,1.0699,2.4698,car,315,109.6107,-48.0264,-0.0231,0.0276,0.0336,0.0127,150.5759,0.035991248936373406,0.12956849617094426,-11.450699999999998,23.9187,1.7610999999999999,9.5638,9.72459478076079,26.518347236960302,0,07_315_318_12269_ego_315,0,12269,12269,12269,vehicle_vehicle,0.2933907283478527,2.8467108791260154,0.8132500789188812,14.870822391851764,15.0,3.0,3.5,0.8,0.12860956418556124,0.46299443106802046
7,315,12344,455,109.6107,-48.0264,150.5759,1.925,4.0346,-0.0231,0.0276,-0.2678,0.1582,0.0336,0.0127,0.311,0.0063,car,315,109.6107,-48.0264,-0.0231,0.0276,0.0336,0.0127,150.5759,0.035991248936373406,0.12956849617094426,0.0,0.0,0.0,0.0,0.0,0.0,1,07_315_318_12269_ego_315,1,12269,12269,12269,vehicle_vehicle,0.2933907283478527,2.8467108791260154,0.8132500789188812,14.870822391851764,15.0,3.0,3.5,0.8,0.12860956418556124,0.46299443106802046
7,318,12344,342,115.3821,-50.9071,157.9845,2.2707,6.3697,-0.2173,0.0982,0.6384,-0.3115,0.2382,0.0096,-0.7086,-0.0495,van,315,109.6107,-48.0264,-0.0231,0.0276,0.0336,0.0127,150.5759,0.035991248936373406,0.12956849617094426,5.7714,-2.8806999999999974,-0.19419999999999998,0.0706,0.2066349438018652,6.450386844988445,0,07_315_318_12269_ego_315,1,12269,12269,12269,vehicle_vehicle,0.2933907283478527,2.8467108791260154,0.8132500789188812,14.870822391851764,15.0,3.0,3.5,0.8,0.12860956418556124,0.46299443106802046
