recordingId,trackId,frame,trackLifetime,xCenter,yCenter,heading,width,length,xVelocity,yVelocity,xAcceleration,yAcceleration,lonVelocity,latVelocity,lonAcceleration,latAcceleration,class,egoTrackId,ego_xCenter,ego_yCenter,ego_xVelocity,ego_yVelocity,ego_lonVelocity,ego_latVelocity,ego_heading,ego_speed_mps,ego_speed_kph,rel_x_to_ego,rel_y_to_ego,rel_vx_to_ego,rel_vy_to_ego,rel_speed_to_ego,distance_to_ego,is_ego,event_id,is_primary_actor,event_peak_frame,event_start_frame,event_end_frame,pair_type,risk_score_peak,event_min_ttc,event_min_dcpa,event_min_distance,dist_threshold_used,ttc_threshold_used,dcpa_threshold_used,min_rel_speed_threshold_used,ego_speed_mps_peak,ego_speed_kph_peak
4,103,4331,197,67.5556,-33.3383,222.3356,2.0056,4.344,-4.9895,-4.7813,1.5347,-0.8616,6.9084,-0.1741,-0.5542,-1.6705,car,105,43.4614,-43.0103,4.5794,-1.5107,4.8212,0.0968,342.8919,4.822148779330642,17.359735605590313,24.0942,9.672000000000004,-9.5689,-3.2706,10.112401869486792,25.963013261946315,0,04_105_106_4406_ego_105,0,4406,4406,4412,vehicle_vehicle,0.3897857090848505,1.631119280841061,1.261121522031067,12.982924586548288,15.0,3.0,3.5,0.8,0.8518036980431584,3.06649331295537
4,105,4331,107,43.4614,-43.0103,342.8919,1.9366,3.862,4.5794,-1.5107,-0.6345,0.0815,4.8212,0.0968,-0.6304,0.1087,car,105,43.4614,-43.0103,4.5794,-1.5107,4.8212,0.0968,342.8919,4.822148779330642,17.359735605590313,0.0,0.0,0.0,0.0,0.0,0.0,1,04_105_106_4406_ego_105,1,4406,4406,4412,vehicle_vehicle,0.3897857090848505,1.631119280841061,1.261121522031067,12.982924586548288,15.0,3.0,3.5,0.8,0.8518036980431584,3.06649331295537
4,106,4331,85,80.0864,-23.8768,201.0957,2.0003,4.1329,-5.665,-1.9392,-1.5066,0.0135,5.9833,0.2298,1.4008,0.5549,car,105,43.4614,-43.0103,4.5794,-1.5107,4.8212,0.0968,342.8919,4.822148779330642,17.359735605590313,36.625,19.1335,-10.244399999999999,-0.4285000000000001,10.25335767492776,41.32168253169273,0,04_105_106_4406_ego_105,1,4406,4406,4412,vehicle_vehicle,0.3897857090848505,1.631119280841061,1.261121522031067,12.982924586548288,15.0,3.0,3.5,0.8,0.8518036980431584,3.06649331295537
4,107,4331,62,32.474,-39.4896,344.2539,2.0619,5.249,4.5965,-1.4022,-0.6764,0.1935,4.8045,0.1022,-0.7035,-0.0026,car,105,43.4614,-43.0103,4.5794,-1.5107,4.8212,0.0968,342.8919,4.822148779330642,17.359735605590313,-10.987400000000001,3.520699999999998,0.017100000000000115,0.10850000000000004,0.10983924617366969,11.537689857592811,0,04_105_106_4406_ego_105,0,4406,4406,4412,vehicle_vehicle,0.3897857090848505,1.631119280841061,1.261121522031067,12.982924586548288,15.0,3.0,3.5,0.8,0.8518036980431584,3.06649331295537
4,109,4331,21,87.6593,-18.4128,228.5978,1.9675,4.2148,-3.3718,-3.1798,-1.6254,-0.0094,4.6151,0.4262,1.082,1.2129,car,105,43.4614,-43.0103,4.5794,-1.5107,4.8212,0.0968,342.8919,4.822148779330642,17.359735605590313,44.197900000000004,24.5975,-7.9512,-1.6691000000000003,8.124498522985895,50.5815319129423,0,04_105_106_4406_ego_105,0,4406,4406,4412,vehicle_vehicle,0.3897857090848505,1.631119280841061,1.261121522031067,12.982924586548288,15.0,3.0,3.5,0.8,0.8518036980431584,3.06649331295537
4,103,4332,198,67.3554,-33.5304,222.8449,2.0056,4.344,-4.9267,-4.8151,1.5803,-0.839,6.8866,-0.1802,-0.5881,-1.6898,car,105,43.6438,-43.0707,4.5574,-1.5087,4.7996,0.0971,342.842,4.8006322968959,17.282276268825242,23.711600000000004,9.540300000000002,-9.484100000000002,-3.3064,10.043925217264414,25.558898619658873,0,04_105_106_4406_ego_105,0,4406,4406,4412,vehicle_vehicle,0.3897857090848505,1.631119280841061,1.261121522031067,12.982924586548288,15.0,3.0,3.5,0.8,0.8518036980431584,3.06649331295537
4,105,4332,108,43.6438,-43.0707,342.842,1.9366,3.862,4.5574,-1.5087,-0.678,0.0909,4.7996,0.0971,-0.6747,0.1132,car,105,43.6438,-43.0707,4.5574,-1.5087,4.7996,0.0971,342.842,4.8006322968959,17.282276268825242,0.0,0.0,0.0,0.0,0.0,0.0,1,04_105_106_4406_ego_105,1,4406,4406,4412,vehicle_vehicle,0.3897857090848505,1.631119280841061,1.261121522031067,12.982924586548288,15.0,3.0,3.5,0.8,0.8518036980431584,3.06649331295537
4,106,4332,86,79.8591,-23.9532,200.6414,2.0003,4.1329,-5.7261,-1.9368,-1.4782,-0.0624,6.0412,0.2061,1.4053,0.4627,car,105,43.6438,-43.0707,4.5574,-1.5087,4.7996,0.0971,342.842,4.8006322968959,17.282276268825242,36.2153,19.117500000000003,-10.2835,-0.42810000000000015,10.292407000308527,40.95151719216273,0,04_105_106_4406_ego_105,1,4406,4406,4412,vehicle_vehicle,0.3897857090848505,1.631119280841061,1.261121522031067,12.982924586548288,15.0,3.0,3.5,0.8,0.8518036980431584,3.06649331295537
4,107,4332,63,32.6554,-39.546,344.2602,2.0619,5.249,4.5698,-1.3942,-0.6563,0.1887,4.7767,0.1023,-0.6829,-0.0036,car,105,43.6438,-43.0707,4.5574,-1.5087,4.7996,0.0971,342.842,4.8006322968959,17.282276268825242,-10.988399999999999,3.524700000000003,0.012399999999999523,0.11449999999999982,0.11516948380538983,11.53986328558532,0,04_105_106_4406_ego_105,0,4406,4406,4412,vehicle_vehicle,0.3897857090848505,1.631119280841061,1.261121522031067,12.982924586548288,15.0,3.0,3.5,0.8,0.8518036980431584,3.06649331295537
4,109,4332,22,87.5238,-18.5398,228.068,1.9675,4.2148,-3.437,-3.1796,-1.6396,0.0224,4.6622,0.4321,1.079,1.2347,car,105,43.6438,-43.0707,4.5574,-1.5087,4.7996,0.0971,342.842,4.8006322968959,17.282276268825242,43.879999999999995,24.530900000000003,-7.994400000000001,-1.6709000000000003,8.167149941687125,50.271457655512634,0,04_105_106_4406_ego_105,0,4406,4406,4412,vehicle_vehicle,0.3897857090848505,1.631119280841061,1.261121522031067,12.982924586548288,15.0,3.0,3.5,0.8,0.8518036980431584,3.06649331295537
4,103,4333,199,67.1586,-33.7241,223.3601,2.0056,4.344,-4.8617,-4.8479,1.6242,-0.8172,6.8632,-0.1867,-0.6198,-1.7093,car,105,43.8264,-43.1314,4.5332,-1.5062,4.7759,0.0973,342.7877,4.776875619063155,17.196752228627357,23.332200000000007,9.4073,-9.3949,-3.3417000000000003,9.971514674311019,25.15728224848623,0,04_105_106_4406_ego_105,0,4406,4406,4412,vehicle_vehicle,0.3897857090848505,1.631119280841061,1.261121522031067,12.982924586548288,15.0,3.0,3.5,0.8,0.8518036980431584,3.06649331295537
4,105,4333,109,43.8264,-43.1314,342.7877,1.9366,3.862,4.5332,-1.5062,-0.7247,0.1014,4.7759,0.0973,-0.7223,0.1176,car,105,43.8264,-43.1314,4.5332,-1.5062,4.7759,0.0973,342.7877,4.776875619063155,17.196752228627357,0.0,0.0,0.0,0.0,0.0,0.0,1,04_105_106_4406_ego_105,1,4406,4406,4412,vehicle_vehicle,0.3897857090848505,1.631119280841061,1.261121522031067,12.982924586548288,15.0,3.0,3.5,0.8,0.8518036980431584,3.06649331295537
4,106,4333,87,79.6292,-24.0295,200.2411,2.0003,4.1329,-5.7862,-1.9379,-1.449,-0.1399,6.0993,0.1837,1.4079,0.37,car,105,43.8264,-43.1314,4.5332,-1.5062,4.7759,0.0973,342.7877,4.776875619063155,17.196752228627357,35.8028,19.1019,-10.3194,-0.4317,10.328425884422078,40.579835774063945,0,04_105_106_4406_ego_105,1,4406,4406,4412,vehicle_vehicle,0.3897857090848505,1.631119280841061,1.261121522031067,12.982924586548288,15.0,3.0,3.5,0.8,0.8518036980431584,3.06649331295537
4,107,4333,64,32.8365,-39.602,344.255,2.0619,5.249,4.5444,-1.3863,-0.6368,0.1836,4.7501,0.1011,-0.6627,-0.004,car,105,43.8264,-43.1314,4.5332,-1.5062,4.7759,0.0973,342.7877,4.776875619063155,17.196752228627357,-10.989899999999999,3.5294000000000025,0.011200000000000543,0.1198999999999999,0.12042196643469989,11.54272785653374,0,04_105_106_4406_ego_105,0,4406,4406,4412,vehicle_vehicle,0.3897857090848505,1.631119280841061,1.261121522031067,12.982924586548288,15.0,3.0,3.5,0.8,0.8518036980431584,3.06649331295537
4,109,4333,23,87.3853,-18.6669,227.521,1.9675,4.2148,-3.5029,-3.1781,-1.6536,0.0536,4.7095,0.4372,1.0771,1.2558,car,105,43.8264,-43.1314,4.5332,-1.5062,4.7759,0.0973,342.7877,4.776875619063155,17.196752228627357,43.5589,24.4645,-8.0361,-1.6719000000000002,8.20817597399081,49.958878384727576,0,04_105_106_4406_ego_105,0,4406,4406,4412,vehicle_vehicle,0.3897857090848505,1.631119280841061,1.261121522031067,12.982924586548288,15.0,3.0,3.5,0.8,0.8518036980431584,3.06649331295537
4,103,4334,200,66.9643,-33.9187,223.887,2.0056,4.344,-4.7945,-4.8798,1.6661,-0.7961,6.8383,-0.1932,-0.6489,-1.7288,car,105,44.0101,-43.192,4.5061,-1.503,4.7491,0.0994,342.7521,4.750152230192207,17.100548028691943,22.954199999999993,9.273299999999999,-9.3006,-3.3768000000000002,9.894641913682374,24.756602968299177,0,04_105_106_4406_ego_105,0,4406,4406,4412,vehicle_vehicle,0.3897857090848505,1.631119280841061,1.261121522031067,12.982924586548288,15.0,3.0,3.5,0.8,0.8518036980431584,3.06649331295537
4,105,4334,110,44.0101,-43.192,342.7521,1.9366,3.862,4.5061,-1.503,-0.7738,0.1129,4.7491,0.0994,-0.7725,0.1216,car,105,44.0101,-43.192,4.5061,-1.503,4.7491,0.0994,342.7521,4.750152230192207,17.100548028691943,0.0,0.0,0.0,0.0,0.0,0.0,1,04_105_106_4406_ego_105,1,4406,4406,4412,vehicle_vehicle,0.3897857090848505,1.631119280841061,1.261121522031067,12.982924586548288,15.0,3.0,3.5,0.8,0.8518036980431584,3.06649331295537
4,106,4334,88,79.3964,-24.1056,199.902,2.0003,4.1329,-5.845,-1.9427,-1.4187,-0.2185,6.1573,0.1631,1.4084,0.2775,car,105,44.0101,-43.192,4.5061,-1.503,4.7491,0.0994,342.7521,4.750152230192207,17.100548028691943,35.3863,19.0864,-10.351099999999999,-0.4397000000000002,10.36043470613082,40.20548336545651,0,04_105_106_4406_ego_105,1,4406,4406,4412,vehicle_vehicle,0.3897857090848505,1.631119280841061,1.261121522031067,12.982924586548288,15.0,3.0,3.5,0.8,0.8518036980431584,3.06649331295537
4,107,4334,65,33.0181,-39.6573,344.2518,2.0619,5.249,4.5196,-1.3785,-0.618,0.1782,4.7241,0.1001,-0.6432,-0.0037,car,105,44.0101,-43.192,4.5061,-1.503,4.7491,0.0994,342.7521,4.750152230192207,17.100548028691943,-10.992000000000004,3.534700000000001,0.013499999999999623,0.12449999999999983,0.12522978878845062,11.546348690819972,0,04_105_106_4406_ego_105,0,4406,4406,4412,vehicle_vehicle,0.3897857090848505,1.631119280841061,1.261121522031067,12.982924586548288,15.0,3.0,3.5,0.8,0.8518036980431584,3.06649331295537
4,109,4334,24,87.244,-18.7939,226.9492,1.9675,4.2148,-3.5693,-3.1754,-1.6672,0.0843,4.757,0.4406,1.0765,1.2759,car,105,44.0101,-43.192,4.5061,-1.503,4.7491,0.0994,342.7521,4.750152230192207,17.100548028691943,43.2339,24.3981,-8.0754,-1.6723999999999999,8.246757357895284,49.643100153193494,0,04_105_106_4406_ego_105,0,4406,4406,4412,vehicle_vehicle,0.3897857090848505,1.631119280841061,1.261121522031067,12.982924586548288,15.0,3.0,3.5,0.8,0.8518036980431584,3.06649331295537
4,103,4335,201,66.7733,-34.1147,224.4115,2.0056,4.344,-4.7254,-4.9108,1.7057,-0.7759,6.8121,-0.2011,-0.6755,-1.7479,car,105,44.1928,-43.253,4.4757,-1.499,4.719,0.1013,342.7129,4.720052064331494,16.99218743159338,22.580500000000008,9.138300000000001,-9.2011,-3.4118,9.813287953076685,24.359546529851503,0,04_105_106_4406_ego_105,0,4406,4406,4412,vehicle_vehicle,0.3897857090848505,1.631119280841061,1.261121522031067,12.982924586548288,15.0,3.0,3.5,0.8,0.8518036980431584,3.06649331295537
4,105,4335,111,44.1928,-43.253,342.7129,1.9366,3.862,4.4757,-1.499,-0.8241,0.1251,4.719,0.1013,-0.8241,0.1254,car,105,44.1928,-43.253,4.4757,-1.499,4.719,0.1013,342.7129,4.720052064331494,16.99218743159338,0.0,0.0,0.0,0.0,0.0,0.0,1,04_105_106_4406_ego_105,1,4406,4406,4412,vehicle_vehicle,0.3897857090848505,1.631119280841061,1.261121522031067,12.982924586548288,15.0,3.0,3.5,0.8,0.8518036980431584,3.06649331295537
4,106,4335,89,79.1616,-24.1825,199.63,2.0003,4.1329,-5.9027,-1.951,-1.3876,-0.2977,6.2151,0.1454,1.4069,0.1858,car,105,44.1928,-43.253,4.4757,-1.499,4.719,0.1013,342.7129,4.720052064331494,16.99218743159338,34.96880000000001,19.0705,-10.3784,-0.45199999999999996,10.388238087375548,39.83090437951416,0,04_105_106_4406_ego_105,1,4406,4406,4412,vehicle_vehicle,0.3897857090848505,1.631119280841061,1.261121522031067,12.982924586548288,15.0,3.0,3.5,0.8,0.8518036980431584,3.06649331295537
4,107,4335,66,33.1988,-39.7125,344.2432,2.0619,5.249,4.4955,-1.3709,-0.5999,0.1723,4.6988,0.0986,-0.6242,-0.0029,car,105,44.1928,-43.253,4.4757,-1.499,4.719,0.1013,342.7129,4.720052064331494,16.99218743159338,-10.994,3.5405000000000015,0.01980000000000004,0.1281000000000001,0.12962117882506713,11.550029274854674,0,04_105_106_4406_ego_105,0,4406,4406,4412,vehicle_vehicle,0.3897857090848505,1.631119280841061,1.261121522031067,12.982924586548288,15.0,3.0,3.5,0.8,0.8518036980431584,3.06649331295537
4,109,4335,25,87.0997,-18.9204,226.3682,1.9675,4.2148,-3.6363,-3.1717,-1.6806,0.1145,4.8047,0.4434,1.0768,1.2954,car,105,44.1928,-43.253,4.4757,-1.499,4.719,0.1013,342.7129,4.720052064331494,16.99218743159338,42.9069,24.3326,-8.112,-1.6726999999999999,8.28266076149446,49.3262353151951,0,04_105_106_4406_ego_105,0,4406,4406,4412,vehicle_vehicle,0.3897857090848505,1.631119280841061,1.261121522031067,12.982924586548288,15.0,3.0,3.5,0.8,0.8518036980431584,3.06649331295537
4,103,4336,202,66.585,-34.312,224.9313,2.0056,4.344,-4.6544,-4.9408,1.7426,-0.7565,6.7846,-0.2107,-0.6994,-1.7664,car,105,44.373,-43.3131,4.4426,-1.4945,4.6861,0.1039,342.6779,4.687240660559259,16.87406637801333,22.211999999999996,9.001100000000001,-9.097,-3.4463000000000004,9.727918209462906,23.96649213401911,0,04_105_106_4406_ego_105,0,4406,4406,4412,vehicle_vehicle,0.3897857090848505,1.631119280841061,1.261121522031067,12.982924586548288,15.0,3.0,3.5,0.8,0.8518036980431584,3.06649331295537
4,105,4336,112,44.373,-43.3131,342.6779,1.9366,3.862,4.4426,-1.4945,-0.8746,0.1378,4.6861,0.1039,-0.876,0.1288,car,105,44.373,-43.3131,4.4426,-1.4945,4.6861,0.1039,342.6779,4.687240660559259,16.87406637801333,0.0,0.0,0.0,0.0,0.0,0.0,1,04_105_106_4406_ego_105,1,4406,4406,4412,vehicle_vehicle,0.3897857090848505,1.631119280841061,1.261121522031067,12.982924586548288,15.0,3.0,3.5,0.8,0.8518036980431584,3.06649331295537
4,106,4336,90,78.9242,-24.2595,199.4098,2.0003,4.1329,-5.9591,-1.963,-1.3555,-0.377,6.2728,0.1289,1.4038,0.0949,car,105,44.373,-43.3131,4.4426,-1.4945,4.6861,0.1039,342.6779,4.687240660559259,16.87406637801333,34.5512,19.0536,-10.4017,-0.46850000000000014,10.41224544178632,39.45662294723156,0,04_105_106_4406_ego_105,1,4406,4406,4412,vehicle_vehicle,0.3897857090848505,1.631119280841061,1.261121522031067,12.982924586548288,15.0,3.0,3.5,0.8,0.8518036980431584,3.06649331295537
4,107,4336,67,33.3779,-39.7666,344.2315,2.0619,5.249,4.4721,-1.3638,-0.5824,0.166,4.6744,0.0971,-0.6056,-0.0015,car,105,44.373,-43.3131,4.4426,-1.4945,4.6861,0.1039,342.6779,4.687240660559259,16.87406637801333,-10.9951,3.5465000000000018,0.029500000000000526,0.13070000000000004,0.13398783526872893,11.552916785816473,0,04_105_106_4406_ego_105,0,4406,4406,4412,vehicle_vehicle,0.3897857090848505,1.631119280841061,1.261121522031067,12.982924586548288,15.0,3.0,3.5,0.8,0.8518036980431584,3.06649331295537
4,109,4336,26,86.9529,-19.0471,225.7878,1.9675,4.2148,-3.7038,-3.1667,-1.6937,0.1443,4.8525,0.4465,1.0776,1.3146,car,105,44.373,-43.3131,4.4426,-1.4945,4.6861,0.1039,342.6779,4.687240660559259,16.87406637801333,42.5799,24.266,-8.1464,-1.6722000000000001,8.316254313090718,49.00904651194512,0,04_105_106_4406_ego_105,0,4406,4406,4412,vehicle_vehicle,0.3897857090848505,1.631119280841061,1.261121522031067,12.982924586548288,15.0,3.0,3.5,0.8,0.8518036980431584,3.06649331295537
4,103,4337,203,66.4002,-34.5103,225.4539,2.0056,4.344,-4.5819,-4.9701,1.7768,-0.7382,6.7563,-0.221,-0.7203,-1.7842,car,105,44.551,-43.3728,4.4071,-1.4894,4.6507,0.107,342.6458,4.65197192274416,16.747098921878976,21.849199999999996,8.862499999999997,-8.989,-3.4807000000000006,9.63936686146969,23.578198550567848,0,04_105_106_4406_ego_105,0,4406,4406,4412,vehicle_vehicle,0.3897857090848505,1.631119280841061,1.261121522031067,12.982924586548288,15.0,3.0,3.5,0.8,0.8518036980431584,3.06649331295537
4,105,4337,113,44.551,-43.3728,342.6458,1.9366,3.862,4.4071,-1.4894,-0.9248,0.151,4.6507,0.107,-0.9278,0.1318,car,105,44.551,-43.3728,4.4071,-1.4894,4.6507,0.107,342.6458,4.65197192274416,16.747098921878976,0.0,0.0,0.0,0.0,0.0,0.0,1,04_105_106_4406_ego_105,1,4406,4406,4412,vehicle_vehicle,0.3897857090848505,1.631119280841061,1.261121522031067,12.982924586548288,15.0,3.0,3.5,0.8,0.8518036980431584,3.06649331295537
4,106,4337,91,78.6855,-24.3374,199.2389,2.0003,4.1329,-6.0145,-1.9786,-1.3224,-0.4561,6.3306,0.1137,1.3989,0.0051,car,105,44.551,-43.3728,4.4071,-1.4894,4.6507,0.107,342.6458,4.65197192274416,16.747098921878976,34.1345,19.0354,-10.4216,-0.48919999999999986,10.433075443032125,39.08337937550949,0,04_105_106_4406_ego_105,1,4406,4406,4412,vehicle_vehicle,0.3897857090848505,1.631119280841061,1.261121522031067,12.982924586548288,15.0,3.0,3.5,0.8,0.8518036980431584,3.06649331295537
4,107,4337,68,33.5547,-39.8205,344.2086,2.0619,5.249,4.4501,-1.3571,-0.5659,0.1595,4.6515,0.0948,-0.5879,0.0005,car,105,44.551,-43.3728,4.4071,-1.4894,4.6507,0.107,342.6458,4.65197192274416,16.747098921878976,-10.996300000000005,3.5522999999999954,0.04300000000000015,0.13230000000000008,0.13911250842393733,11.555840470515335,0,04_105_106_4406_ego_105,0,4406,4406,4412,vehicle_vehicle,0.3897857090848505,1.631119280841061,1.261121522031067,12.982924586548288,15.0,3.0,3.5,0.8,0.8518036980431584,3.06649331295537
4,109,4337,27,86.8034,-19.1734,225.2049,1.9675,4.2148,-3.7718,-3.1607,-1.7065,0.1738,4.9004,0.4496,1.079,1.3334,car,105,44.551,-43.3728,4.4071,-1.4894,4.6507,0.107,342.6458,4.65197192274416,16.747098921878976,42.252399999999994,24.199399999999997,-8.178899999999999,-1.6712999999999998,8.347912846933655,48.69164472596915,0,04_105_106_4406_ego_105,0,4406,4406,4412,vehicle_vehicle,0.3897857090848505,1.631119280841061,1.261121522031067,12.982924586548288,15.0,3.0,3.5,0.8,0.8518036980431584,3.06649331295537
4,103,4338,204,66.2186,-34.7097,226.0089,2.0056,4.344,-4.5082,-4.9987,1.8083,-0.7208,6.7275,-0.2284,-0.7374,-1.8016,car,105,44.7271,-43.4324,4.3694,-1.4837,4.6131,0.1091,342.5995,4.614436265677531,16.61197055643911,21.491499999999995,8.722700000000003,-8.877600000000001,-3.5150000000000006,9.548141534351071,23.194181760519164,0,04_105_106_4406_ego_105,0,4406,4406,4412,vehicle_vehicle,0.3897857090848505,1.631119280841061,1.261121522031067,12.982924586548288,15.0,3.0,3.5,0.8,0.8518036980431584,3.06649331295537
4,105,4338,114,44.7271,-43.4324,342.5995,1.9366,3.862,4.3694,-1.4837,-0.9744,0.1645,4.6131,0.1091,-0.979,0.1345,car,105,44.7271,-43.4324,4.3694,-1.4837,4.6131,0.1091,342.5995,4.614436265677531,16.61197055643911,0.0,0.0,0.0,0.0,0.0,0.0,1,04_105_106_4406_ego_105,1,4406,4406,4412,vehicle_vehicle,0.3897857090848505,1.631119280841061,1.261121522031067,12.982924586548288,15.0,3.0,3.5,0.8,0.8518036980431584,3.06649331295537
4,106,4338,92,78.4444,-24.4163,199.1038,2.0003,4.1329,-6.0688,-1.9976,-1.2881,-0.5345,6.3883,0.0986,1.3921,-0.0835,car,105,44.7271,-43.4324,4.3694,-1.4837,4.6131,0.1091,342.5995,4.614436265677531,16.61197055643911,33.7173,19.0161,-10.4382,-0.5139,10.450842666981453,38.71005526345836,0,04_105_106_4406_ego_105,1,4406,4406,4412,vehicle_vehicle,0.3897857090848505,1.631119280841061,1.261121522031067,12.982924586548288,15.0,3.0,3.5,0.8,0.8518036980431584,3.06649331295537
4,107,4338,69,33.7305,-39.8738,344.1799,2.0619,5.249,4.4294,-1.351,-0.5509,0.1532,4.63,0.0923,-0.5718,0.0028,car,105,44.7271,-43.4324,4.3694,-1.4837,4.6131,0.1091,342.5995,4.614436265677531,16.61197055643911,-10.9966,3.5585999999999984,0.0600000000000005,0.13270000000000004,0.14563409628242993,11.558064090495433,0,04_105_106_4406_ego_105,0,4406,4406,4412,vehicle_vehicle,0.3897857090848505,1.631119280841061,1.261121522031067,12.982924586548288,15.0,3.0,3.5,0.8,0.8518036980431584,3.06649331295537
4,109,4338,28,86.6518,-19.2999,224.6023,1.9675,4.2148,-3.8406,-3.1534,-1.7189,0.203,4.9488,0.4516,1.0813,1.3516,car,105,44.7271,-43.4324,4.3694,-1.4837,4.6131,0.1091,342.5995,4.614436265677531,16.61197055643911,41.924699999999994,24.1325,-8.209999999999999,-1.6697,8.378066488755026,48.374146259546535,0,04_105_106_4406_ego_105,0,4406,4406,4412,vehicle_vehicle,0.3897857090848505,1.631119280841061,1.261121522031067,12.982924586548288,15.0,3.0,3.5,0.8,0.8518036980431584,3.06649331295537
4,103,4339,205,66.0404,-34.9102,226.5779,2.0056,4.344,-4.4335,-5.0265,1.8373,-0.7044,6.6983,-0.235,-0.7513,-1.8187,car,105,44.9021,-43.4925,4.3292,-1.4771,4.573,0.1108,342.5492,4.574253715088397,16.46731337431823,21.138300000000008,8.582299999999996,-8.7627,-3.5494000000000003,9.454266320027166,22.81410967318252,0,04_105_106_4406_ego_105,0,4406,4406,4412,vehicle_vehicle,0.3897857090848505,1.631119280841061,1.261121522031067,12.982924586548288,15.0,3.0,3.5,0.8,0.8518036980431584,3.06649331295537
4,105,4339,115,44.9021,-43.4925,342.5492,1.9366,3.862,4.3292,-1.4771,-1.023,0.1781,4.573,0.1108,-1.0294,0.1369,car,105,44.9021,-43.4925,4.3292,-1.4771,4.573,0.1108,342.5492,4.574253715088397,16.46731337431823,0.0,0.0,0.0,0.0,0.0,0.0,1,04_105_106_4406_ego_105,1,4406,4406,4412,vehicle_vehicle,0.3897857090848505,1.631119280841061,1.261121522031067,12.982924586548288,15.0,3.0,3.5,0.8,0.8518036980431584,3.06649331295537
4,106,4339,93,78.2009,-24.4957,199.0129,2.0003,4.1329,-6.1218,-2.02,-1.2523,-0.612,6.4459,0.0845,1.3833,-0.1707,car,105,44.9021,-43.4925,4.3292,-1.4771,4.573,0.1108,342.5492,4.574253715088397,16.46731337431823,33.29880000000001,18.9968,-10.451,-0.5428999999999999,10.465091562427919,38.336516425987384,0,04_105_106_4406_ego_105,1,4406,4406,4412,vehicle_vehicle,0.3897857090848505,1.631119280841061,1.261121522031067,12.982924586548288,15.0,3.0,3.5,0.8,0.8518036980431584,3.06649331295537
4,107,4339,70,33.9064,-39.9271,344.1485,2.0619,5.249,4.4097,-1.3454,-0.5382,0.1473,4.6095,0.0897,-0.558,0.0053,car,105,44.9021,-43.4925,4.3292,-1.4771,4.573,0.1108,342.5492,4.574253715088397,16.46731337431823,-10.9957,3.565399999999997,0.0804999999999998,0.13170000000000015,0.154353943908149,11.559303424082264,0,04_105_106_4406_ego_105,0,4406,4406,4412,vehicle_vehicle,0.3897857090848505,1.631119280841061,1.261121522031067,12.982924586548288,15.0,3.0,3.5,0.8,0.8518036980431584,3.06649331295537
4,109,4339,29,86.4979,-19.426,223.9811,1.9675,4.2148,-3.9103,-3.1449,-1.7306,0.2319,4.9976,0.4524,1.0843,1.3686,car,105,44.9021,-43.4925,4.3292,-1.4771,4.573,0.1108,342.5492,4.574253715088397,16.46731337431823,41.595800000000004,24.0665,-8.2395,-1.6677999999999997,8.406599615183298,48.05628990975063,0,04_105_106_4406_ego_105,0,4406,4406,4412,vehicle_vehicle,0.3897857090848505,1.631119280841061,1.261121522031067,12.982924586548288,15.0,3.0,3.5,0.8,0.8518036980431584,3.06649331295537
4,103,4340,206,65.8657,-35.1118,227.1627,2.0056,4.344,-4.3581,-5.0537,1.8642,-0.689,6.669,-0.2404,-0.7622,-1.8354,car,105,45.0758,-43.552,4.2866,-1.4697,4.5302,0.1128,342.5008,4.531551351358606,16.31358486489098,20.789900000000003,8.440199999999997,-8.6447,-3.584,9.358199297407594,22.43784566418978,0,04_105_106_4406_ego_105,0,4406,4406,4412,vehicle_vehicle,0.3897857090848505,1.631119280841061,1.261121522031067,12.982924586548288,15.0,3.0,3.5,0.8,0.8518036980431584,3.06649331295537
4,105,4340,116,45.0758,-43.552,342.5008,1.9366,3.862,4.2866,-1.4697,-1.0702,0.1917,4.5302,0.1128,-1.0784,0.139,car,105,45.0758,-43.552,4.2866,-1.4697,4.5302,0.1128,342.5008,4.531551351358606,16.31358486489098,0.0,0.0,0.0,0.0,0.0,0.0,1,04_105_106_4406_ego_105,1,4406,4406,4412,vehicle_vehicle,0.3897857090848505,1.631119280841061,1.261121522031067,12.982924586548288,15.0,3.0,3.5,0.8,0.8518036980431584,3.06649331295537
4,106,4340,94,77.9554,-24.5762,198.9642,2.0003,4.1329,-6.1735,-2.0459,-1.2149,-0.6883,6.5033,0.0714,1.3727,-0.2561,car,105,45.0758,-43.552,4.2866,-1.4697,4.5302,0.1128,342.5008,4.531551351358606,16.31358486489098,32.879599999999996,18.9758,-10.4601,-0.5762,10.475958116086566,37.96246938490698,0,04_105_106_4406_ego_105,1,4406,4406,4412,vehicle_vehicle,0.3897857090848505,1.631119280841061,1.261121522031067,12.982924586548288,15.0,3.0,3.5,0.8,0.8518036980431584,3.06649331295537
4,107,4340,71,34.0818,-39.9802,344.1224,2.0619,5.249,4.3907,-1.3403,-0.5279,0.1421,4.5899,0.0879,-0.5466,0.0077,car,105,45.0758,-43.552,4.2866,-1.4697,4.5302,0.1128,342.5008,4.531551351358606,16.31358486489098,-10.994,3.571799999999996,0.10409999999999986,0.12939999999999996,0.16607579594871721,11.55966224593089,0,04_105_106_4406_ego_105,0,4406,4406,4412,vehicle_vehicle,0.3897857090848505,1.631119280841061,1.261121522031067,12.982924586548288,15.0,3.0,3.5,0.8,0.8518036980431584,3.06649331295537
4,109,4340,30,86.3408,-19.5521,223.3425,1.9675,4.2148,-3.9808,-3.135,-1.7412,0.2602,5.0468,0.4522,1.0877,1.3844,car,105,45.0758,-43.552,4.2866,-1.4697,4.5302,0.1128,342.5008,4.531551351358606,16.31358486489098,41.265,23.9999,-8.2674,-1.6652999999999998,8.43345284269735,47.73673035525161,0,04_105_106_4406_ego_105,0,4406,4406,4412,vehicle_vehicle,0.3897857090848505,1.631119280841061,1.261121522031067,12.982924586548288,15.0,3.0,3.5,0.8,0.8518036980431584,3.06649331295537
4,103,4341,207,65.6935,-35.3144,227.7643,2.0056,4.344,-4.2819,-5.0804,1.8893,-0.6745,6.6397,-0.2447,-0.7705,-1.8522,car,105,45.2474,-43.6113,4.2417,-1.4616,4.485,0.1147,342.4523,4.48645666980079,16.151244011282845,20.4461,8.2969,-8.5236,-3.6188000000000002,9.259993002157183,22.065392695803084,0,04_105_106_4406_ego_105,0,4406,4406,4412,vehicle_vehicle,0.3897857090848505,1.631119280841061,1.261121522031067,12.982924586548288,15.0,3.0,3.5,0.8,0.8518036980431584,3.06649331295537
4,105,4341,117,45.2474,-43.6113,342.4523,1.9366,3.862,4.2417,-1.4616,-1.1156,0.2049,4.485,0.1147,-1.1254,0.141,car,105,45.2474,-43.6113,4.2417,-1.4616,4.485,0.1147,342.4523,4.48645666980079,16.151244011282845,0.0,0.0,0.0,0.0,0.0,0.0,1,04_105_106_4406_ego_105,1,4406,4406,4412,vehicle_vehicle,0.3897857090848505,1.631119280841061,1.261121522031067,12.982924586548288,15.0,3.0,3.5,0.8,0.8518036980431584,3.06649331295537
4,106,4341,95,77.7078,-24.6588,198.9559,2.0003,4.1329,-6.2239,-2.0748,-1.1758,-0.7632,6.5604,0.0595,1.36,-0.3399,car,105,45.2474,-43.6113,4.2417,-1.4616,4.485,0.1147,342.4523,4.48645666980079,16.151244011282845,32.46040000000001,18.9525,-10.4656,-0.6132000000000002,10.483548902924047,37.58822720493746,0,04_105_106_4406_ego_105,1,4406,4406,4412,vehicle_vehicle,0.3897857090848505,1.631119280841061,1.261121522031067,12.982924586548288,15.0,3.0,3.5,0.8,0.8518036980431584,3.06649331295537
4,107,4341,72,34.257,-40.0333,344.0993,2.0619,5.249,4.3722,-1.3356,-0.5201,0.1378,4.5708,0.0866,-0.5379,0.01,car,105,45.2474,-43.6113,4.2417,-1.4616,4.485,0.1147,342.4523,4.48645666980079,16.151244011282845,-10.990400000000001,3.578000000000003,0.1305000000000005,0.1260000000000001,0.18140079933671782,11.558156261272817,0,04_105_106_4406_ego_105,0,4406,4406,4412,vehicle_vehicle,0.3897857090848505,1.631119280841061,1.261121522031067,12.982924586548288,15.0,3.0,3.5,0.8,0.8518036980431584,3.06649331295537
4,109,4341,31,86.1816,-19.6779,222.7003,1.9675,4.2148,-4.0522,-3.1238,-1.7503,0.2879,5.0965,0.4524,1.0911,1.3986,car,105,45.2474,-43.6113,4.2417,-1.4616,4.485,0.1147,342.4523,4.48645666980079,16.151244011282845,40.934200000000004,23.9334,-8.2939,-1.6622000000000001,8.458822970721164,47.41746898770537,0,04_105_106_4406_ego_105,0,4406,4406,4412,vehicle_vehicle,0.3897857090848505,1.631119280841061,1.261121522031067,12.982924586548288,15.0,3.0,3.5,0.8,0.8518036980431584,3.06649331295537
4,103,4342,208,65.5234,-35.518,228.4001,2.0056,4.344,-4.2046,-5.1065,1.9126,-0.661,6.6101,-0.2462,-0.7756,-1.8691,car,105,45.4175,-43.6709,4.1945,-1.4524,4.4373,0.116,342.3986,4.438839489100726,15.979822160762614,20.1059,8.152900000000002,-8.3991,-3.6540999999999997,9.159548439743087,21.696013302447987,0,04_105_106_4406_ego_105,0,4406,4406,4412,vehicle_vehicle,0.3897857090848505,1.631119280841061,1.261121522031067,12.982924586548288,15.0,3.0,3.5,0.8,0.8518036980431584,3.06649331295537
4,105,4342,118,45.4175,-43.6709,342.3986,1.9366,3.862,4.1945,-1.4524,-1.1585,0.2174,4.4373,0.116,-1.17,0.1431,car,105,45.4175,-43.6709,4.1945,-1.4524,4.4373,0.116,342.3986,4.438839489100726,15.979822160762614,0.0,0.0,0.0,0.0,0.0,0.0,1,04_105_106_4406_ego_105,1,4406,4406,4412,vehicle_vehicle,0.3897857090848505,1.631119280841061,1.261121522031067,12.982924586548288,15.0,3.0,3.5,0.8,0.8518036980431584,3.06649331295537
4,106,4342,96,77.4585,-24.7424,198.9681,2.0003,4.1329,-6.273,-2.1066,-1.1348,-0.8368,6.6171,0.0467,1.3452,-0.4225,car,105,45.4175,-43.6709,4.1945,-1.4524,4.4373,0.116,342.3986,4.438839489100726,15.979822160762614,32.041000000000004,18.928500000000003,-10.4675,-0.6541999999999999,10.48792324008905,37.2144299062877,0,04_105_106_4406_ego_105,1,4406,4406,4412,vehicle_vehicle,0.3897857090848505,1.631119280841061,1.261121522031067,12.982924586548288,15.0,3.0,3.5,0.8,0.8518036980431584,3.06649331295537
4,107,4342,73,34.4313,-40.0865,344.0816,2.0619,5.249,4.354,-1.331,-0.5149,0.1344,4.5521,0.0858,-0.532,0.012,car,105,45.4175,-43.6709,4.1945,-1.4524,4.4373,0.116,342.3986,4.438839489100726,15.979822160762614,-10.986199999999997,3.5844000000000023,0.15950000000000042,0.12139999999999995,0.20044502987103502,11.556146148262401,0,04_105_106_4406_ego_105,0,4406,4406,4412,vehicle_vehicle,0.3897857090848505,1.631119280841061,1.261121522031067,12.982924586548288,15.0,3.0,3.5,0.8,0.8518036980431584,3.06649331295537
4,109,4342,32,86.0184,-19.8022,222.0615,1.9675,4.2148,-4.1242,-3.1116,-1.7575,0.3148,5.1465,0.4528,1.0939,1.4111,car,105,45.4175,-43.6709,4.1945,-1.4524,4.4373,0.116,342.3986,4.438839489100726,15.979822160762614,40.6009,23.868700000000004,-8.3187,-1.6592000000000002,8.482553526503679,47.09721775752789,0,04_105_106_4406_ego_105,0,4406,4406,4412,vehicle_vehicle,0.3897857090848505,1.631119280841061,1.261121522031067,12.982924586548288,15.0,3.0,3.5,0.8,0.8518036980431584,3.06649331295537
4,103,4343,209,65.3568,-35.723,229.0574,2.0056,4.344,-4.1263,-5.132,1.9342,-0.6483,6.5805,-0.2462,-0.7778,-1.8858,car,105,45.5864,-43.7297,4.1447,-1.4423,4.387,0.1168,342.3378,4.388481215637137,15.798532376293695,19.77040000000001,8.006700000000002,-8.271,-3.6896999999999998,9.056673069621096,21.33016551857956,0,04_105_106_4406_ego_105,0,4406,4406,4412,vehicle_vehicle,0.3897857090848505,1.631119280841061,1.261121522031067,12.982924586548288,15.0,3.0,3.5,0.8,0.8518036980431584,3.06649331295537
4,105,4343,119,45.5864,-43.7297,342.3378,1.9366,3.862,4.1447,-1.4423,-1.1984,0.2286,4.387,0.1168,-1.2113,0.1458,car,105,45.5864,-43.7297,4.1447,-1.4423,4.387,0.1168,342.3378,4.388481215637137,15.798532376293695,0.0,0.0,0.0,0.0,0.0,0.0,1,04_105_106_4406_ego_105,1,4406,4406,4412,vehicle_vehicle,0.3897857090848505,1.631119280841061,1.261121522031067,12.982924586548288,15.0,3.0,3.5,0.8,0.8518036980431584,3.06649331295537
4,106,4343,97,77.207,-24.8274,199.0099,2.0003,4.1329,-6.3205,-2.1414,-1.0918,-0.9091,6.6733,0.0342,1.3283,-0.5039,car,105,45.5864,-43.7297,4.1447,-1.4423,4.387,0.1168,342.3378,4.388481215637137,15.798532376293695,31.620599999999996,18.9023,-10.4652,-0.6991,10.488524769956925,36.83964290882852,0,04_105_106_4406_ego_105,1,4406,4406,4412,vehicle_vehicle,0.3897857090848505,1.631119280841061,1.261121522031067,12.982924586548288,15.0,3.0,3.5,0.8,0.8518036980431584,3.06649331295537
4,107,4343,74,34.6056,-40.1402,344.0655,2.0619,5.249,4.3358,-1.3264,-0.5122,0.1319,4.5334,0.0851,-0.5287,0.0138,car,105,45.5864,-43.7297,4.1447,-1.4423,4.387,0.1168,342.3378,4.388481215637137,15.798532376293695,-10.980799999999995,3.589500000000001,0.1910999999999996,0.11589999999999989,0.22349948545802029,11.552596196959362,0,04_105_106_4406_ego_105,0,4406,4406,4412,vehicle_vehicle,0.3897857090848505,1.631119280841061,1.261121522031067,12.982924586548288,15.0,3.0,3.5,0.8,0.8518036980431584,3.06649331295537
4,109,4343,33,85.8513,-19.9254,221.4055,1.9675,4.2148,-4.1961,-3.0988,-1.7629,0.3413,5.1968,0.451,1.0965,1.4219,car,105,45.5864,-43.7297,4.1447,-1.4423,4.387,0.1168,342.3378,4.388481215637137,15.798532376293695,40.2649,23.8043,-8.340800000000002,-1.6565000000000003,8.503701364111985,46.77506676104268,0,04_105_106_4406_ego_105,0,4406,4406,4412,vehicle_vehicle,0.3897857090848505,1.631119280841061,1.261121522031067,12.982924586548288,15.0,3.0,3.5,0.8,0.8518036980431584,3.06649331295537
4,103,4344,210,65.1932,-35.9294,229.7271,2.0056,4.344,-4.0471,-5.1568,1.954,-0.6366,6.5506,-0.2457,-0.7774,-1.9024,car,105,45.7531,-43.7881,4.0926,-1.4314,4.3341,0.1175,342.275,4.335698412020836,15.60851428327501,19.4401,7.858699999999999,-8.139700000000001,-3.7253999999999996,8.951721691942842,20.96846808186044,0,04_105_106_4406_ego_105,0,4406,4406,4412,vehicle_vehicle,0.3897857090848505,1.631119280841061,1.261121522031067,12.982924586548288,15.0,3.0,3.5,0.8,0.8518036980431584,3.06649331295537
4,105,4344,120,45.7531,-43.7881,342.275,1.9366,3.862,4.0926,-1.4314,-1.2345,0.2384,4.3341,0.1175,-1.2485,0.1488,car,105,45.7531,-43.7881,4.0926,-1.4314,4.3341,0.1175,342.275,4.335698412020836,15.60851428327501,0.0,0.0,0.0,0.0,0.0,0.0,1,04_105_106_4406_ego_105,1,4406,4406,4412,vehicle_vehicle,0.3897857090848505,1.631119280841061,1.261121522031067,12.982924586548288,15.0,3.0,3.5,0.8,0.8518036980431584,3.06649331295537
4,106,4344,98,76.9532,-24.9139,199.0845,2.0003,4.1329,-6.3663,-2.179,-1.0466,-0.9801,6.7288,0.0223,1.3095,-0.584,car,105,45.7531,-43.7881,4.0926,-1.4314,4.3341,0.1175,342.275,4.335698412020836,15.60851428327501,31.200099999999992,18.8742,-10.4589,-0.7475999999999998,10.485585103846137,36.46480036487242,0,04_105_106_4406_ego_105,1,4406,4406,4412,vehicle_vehicle,0.3897857090848505,1.631119280841061,1.261121522031067,12.982924586548288,15.0,3.0,3.5,0.8,0.8518036980431584,3.06649331295537
4,107,4344,75,34.7804,-40.1938,344.0483,2.0619,5.249,4.317,-1.3216,-0.5116,0.13,4.514,0.0843,-0.5276,0.0156,car,105,45.7531,-43.7881,4.0926,-1.4314,4.3341,0.1175,342.275,4.335698412020836,15.60851428327501,-10.972700000000003,3.594299999999997,0.22440000000000015,0.1097999999999999,0.2498227371557682,11.546390681940398,0,04_105_106_4406_ego_105,0,4406,4406,4412,vehicle_vehicle,0.3897857090848505,1.631119280841061,1.261121522031067,12.982924586548288,15.0,3.0,3.5,0.8,0.8518036980431584,3.06649331295537
4,109,4344,34,85.6804,-20.0476,220.7531,1.9675,4.2148,-4.2676,-3.0855,-1.767,0.3678,5.2471,0.4485,1.0984,1.4321,car,105,45.7531,-43.7881,4.0926,-1.4314,4.3341,0.1175,342.275,4.335698412020836,15.60851428327501,39.9273,23.7405,-8.360199999999999,-1.6541000000000001,8.522264420328671,46.45213262639295,0,04_105_106_4406_ego_105,0,4406,4406,4412,vehicle_vehicle,0.3897857090848505,1.631119280841061,1.261121522031067,12.982924586548288,15.0,3.0,3.5,0.8,0.8518036980431584,3.06649331295537
4,103,4345,211,65.0333,-36.1366,230.4072,2.0056,4.344,-3.9673,-5.1809,1.972,-0.6263,6.5208,-0.2448,-0.7742,-1.9188,car,105,45.9168,-43.8455,4.0386,-1.4201,4.2794,0.1176,342.2015,4.281001514832715,15.411605453397774,19.116499999999995,7.7089,-8.0059,-3.7608000000000006,8.845227608716467,20.612319410003327,0,04_105_106_4406_ego_105,0,4406,4406,4412,vehicle_vehicle,0.3897857090848505,1.631119280841061,1.261121522031067,12.982924586548288,15.0,3.0,3.5,0.8,0.8518036980431584,3.06649331295537
4,105,4345,121,45.9168,-43.8455,342.2015,1.9366,3.862,4.0386,-1.4201,-1.2663,0.2463,4.2794,0.1176,-1.2809,0.1526,car,105,45.9168,-43.8455,4.0386,-1.4201,4.2794,0.1176,342.2015,4.281001514832715,15.411605453397774,0.0,0.0,0.0,0.0,0.0,0.0,1,04_105_106_4406_ego_105,1,4406,4406,4412,vehicle_vehicle,0.3897857090848505,1.631119280841061,1.261121522031067,12.982924586548288,15.0,3.0,3.5,0.8,0.8518036980431584,3.06649331295537
4,106,4345,99,76.698,-25.0021,199.1682,2.0003,4.1329,-6.4104,-2.2194,-0.9992,-1.0499,6.7837,0.0085,1.2885,-0.6636,car,105,45.9168,-43.8455,4.0386,-1.4201,4.2794,0.1176,342.2015,4.281001514832715,15.411605453397774,30.78119999999999,18.843400000000003,-10.449,-0.7992999999999999,10.47952677796092,36.09094064997475,0,04_105_106_4406_ego_105,1,4406,4406,4412,vehicle_vehicle,0.3897857090848505,1.631119280841061,1.261121522031067,12.982924586548288,15.0,3.0,3.5,0.8,0.8518036980431584,3.06649331295537
4,107,4345,76,34.954,-40.2477,344.0341,2.0619,5.249,4.2977,-1.3165,-0.5124,0.1284,4.494,0.0836,-0.5279,0.0175,car,105,45.9168,-43.8455,4.0386,-1.4201,4.2794,0.1176,342.2015,4.281001514832715,15.411605453397774,-10.962800000000001,3.5977999999999994,0.2591000000000001,0.10359999999999991,0.27904438715014507,11.53807387218508,0,04_105_106_4406_ego_105,0,4406,4406,4412,vehicle_vehicle,0.3897857090848505,1.631119280841061,1.261121522031067,12.982924586548288,15.0,3.0,3.5,0.8,0.8518036980431584,3.06649331295537
4,109,4345,35,85.507,-20.1703,220.1057,1.9675,4.2148,-4.3387,-3.0713,-1.7704,0.3948,5.297,0.4459,1.0998,1.4424,car,105,45.9168,-43.8455,4.0386,-1.4201,4.2794,0.1176,342.2015,4.281001514832715,15.411605453397774,39.5902,23.6752,-8.3773,-1.6512,8.538478595745262,46.12915597623698,0,04_105_106_4406_ego_105,0,4406,4406,4412,vehicle_vehicle,0.3897857090848505,1.631119280841061,1.261121522031067,12.982924586548288,15.0,3.0,3.5,0.8,0.8518036980431584,3.06649331295537
4,103,4346,212,64.8774,-36.3446,231.0823,2.0056,4.344,-3.8873,-5.2045,1.9887,-0.6173,6.4913,-0.245,-0.769,-1.9351,car,105,46.0777,-43.9023,3.9832,-1.4083,4.2232,0.1184,342.1345,4.224830307834861,15.209389108205498,18.799699999999994,7.557699999999997,-7.8705,-3.7962000000000002,8.738186579033432,20.26197298833457,0,04_105_106_4406_ego_105,0,4406,4406,4412,vehicle_vehicle,0.3897857090848505,1.631119280841061,1.261121522031067,12.982924586548288,15.0,3.0,3.5,0.8,0.8518036980431584,3.06649331295537
4,105,4346,122,46.0777,-43.9023,342.1345,1.9366,3.862,3.9832,-1.4083,-1.2933,0.2523,4.2232,0.1184,-1.3084,0.1566,car,105,46.0777,-43.9023,3.9832,-1.4083,4.2232,0.1184,342.1345,4.224830307834861,15.209389108205498,0.0,0.0,0.0,0.0,0.0,0.0,1,04_105_106_4406_ego_105,1,4406,4406,4412,vehicle_vehicle,0.3897857090848505,1.631119280841061,1.261121522031067,12.982924586548288,15.0,3.0,3.5,0.8,0.8518036980431584,3.06649331295537
4,106,4346,100,76.441,-25.0915,199.2515,2.0003,4.1329,-6.4527,-2.2626,-0.9496,-1.1185,6.8378,-0.0085,1.2653,-0.7429,car,105,46.0777,-43.9023,3.9832,-1.4083,4.2232,0.1184,342.1345,4.224830307834861,15.209389108205498,30.363300000000002,18.810799999999997,-10.4359,-0.8542999999999998,10.470808817851657,35.718009232458634,0,04_105_106_4406_ego_105,1,4406,4406,4412,vehicle_vehicle,0.3897857090848505,1.631119280841061,1.261121522031067,12.982924586548288,15.0,3.0,3.5,0.8,0.8518036980431584,3.06649331295537
4,107,4346,77,35.1269,-40.3008,344.0217,2.0619,5.249,4.2778,-1.3112,-0.514,0.1267,4.4735,0.083,-0.529,0.0197,car,105,46.0777,-43.9023,3.9832,-1.4083,4.2232,0.1184,342.1345,4.224830307834861,15.209389108205498,-10.950800000000001,3.6014999999999944,0.2946,0.09710000000000019,0.3101895710690481,11.527828194850928,0,04_105_106_4406_ego_105,0,4406,4406,4412,vehicle_vehicle,0.3897857090848505,1.631119280841061,1.261121522031067,12.982924586548288,15.0,3.0,3.5,0.8,0.8518036980431584,3.06649331295537
4,109,4346,36,85.3314,-20.2932,219.4509,1.9675,4.2148,-4.4098,-3.0559,-1.7734,0.4222,5.3469,0.4424,1.1011,1.4528,car,105,46.0777,-43.9023,3.9832,-1.4083,4.2232,0.1184,342.1345,4.224830307834861,15.209389108205498,39.2537,23.609099999999998,-8.393,-1.6475999999999997,8.553188572690305,45.80657776455255,0,04_105_106_4406_ego_105,0,4406,4406,4412,vehicle_vehicle,0.3897857090848505,1.631119280841061,1.261121522031067,12.982924586548288,15.0,3.0,3.5,0.8,0.8518036980431584,3.06649331295537
4,103,4347,213,64.7236,-36.5531,231.7629,2.0056,4.344,-3.8066,-5.2278,2.0042,-0.6098,6.4622,-0.2456,-0.7615,-1.9516,car,105,46.2364,-43.9581,3.9266,-1.3964,4.1658,0.1201,342.0756,4.167507710850695,15.003027759062503,18.4872,7.405000000000001,-7.7332,-3.8314000000000004,8.630295950892993,19.915084454754393,0,04_105_106_4406_ego_105,0,4406,4406,4412,vehicle_vehicle,0.3897857090848505,1.631119280841061,1.261121522031067,12.982924586548288,15.0,3.0,3.5,0.8,0.8518036980431584,3.06649331295537
4,105,4347,123,46.2364,-43.9581,342.0756,1.9366,3.862,3.9266,-1.3964,-1.3156,0.2565,4.1658,0.1201,-1.3307,0.1608,car,105,46.2364,-43.9581,3.9266,-1.3964,4.1658,0.1201,342.0756,4.167507710850695,15.003027759062503,0.0,0.0,0.0,0.0,0.0,0.0,1,04_105_106_4406_ego_105,1,4406,4406,4412,vehicle_vehicle,0.3897857090848505,1.631119280841061,1.261121522031067,12.982924586548288,15.0,3.0,3.5,0.8,0.8518036980431584,3.06649331295537
4,106,4347,101,76.1816,-25.1824,199.3515,2.0003,4.1329,-6.4927,-2.3088,-0.8977,-1.1858,6.891,-0.0269,1.2399,-0.8214,car,105,46.2364,-43.9581,3.9266,-1.3964,4.1658,0.1201,342.0756,4.167507710850695,15.003027759062503,29.9452,18.7757,-10.4193,-0.9124000000000001,10.459172350143199,35.34461647167783,0,04_105_106_4406_ego_105,1,4406,4406,4412,vehicle_vehicle,0.3897857090848505,1.631119280841061,1.261121522031067,12.982924586548288,15.0,3.0,3.5,0.8,0.8518036980431584,3.06649331295537
4,107,4347,78,35.299,-40.3531,344.0046,2.0619,5.249,4.2573,-1.306,-0.516,0.1248,4.4523,0.0823,-0.5304,0.0222,car,105,46.2364,-43.9581,3.9266,-1.3964,4.1658,0.1201,342.0756,4.167507710850695,15.003027759062503,-10.937400000000004,3.605000000000004,0.33069999999999977,0.09040000000000004,0.34283326851401086,11.516194847257497,0,04_105_106_4406_ego_105,0,4406,4406,4412,vehicle_vehicle,0.3897857090848505,1.631119280841061,1.261121522031067,12.982924586548288,15.0,3.0,3.5,0.8,0.8518036980431584,3.06649331295537
4,109,4347,37,85.1541,-20.4171,218.7972,1.9675,4.2148,-4.4811,-3.0386,-1.7761,0.4496,5.3963,0.4395,1.1026,1.4632,car,105,46.2364,-43.9581,3.9266,-1.3964,4.1658,0.1201,342.0756,4.167507710850695,15.003027759062503,38.917699999999996,23.541,-8.4077,-1.6422,8.566576920217317,45.483689981025066,0,04_105_106_4406_ego_105,0,4406,4406,4412,vehicle_vehicle,0.3897857090848505,1.631119280841061,1.261121522031067,12.982924586548288,15.0,3.0,3.5,0.8,0.8518036980431584,3.06649331295537
4,103,4348,214,64.5723,-36.7621,232.4663,2.0056,4.344,-3.7251,-5.251,2.0185,-0.6035,6.4334,-0.2451,-0.7511,-1.9684,car,105,46.3928,-44.0135,3.869,-1.3844,4.1074,0.1221,342.0141,4.109224301495357,14.793207485383284,18.179499999999997,7.251400000000004,-7.5941,-3.8666,8.52179267349306,19.57235351739795,0,04_105_106_4406_ego_105,0,4406,4406,4412,vehicle_vehicle,0.3897857090848505,1.631119280841061,1.261121522031067,12.982924586548288,15.0,3.0,3.5,0.8,0.8518036980431584,3.06649331295537
4,105,4348,124,46.3928,-44.0135,342.0141,1.9366,3.862,3.869,-1.3844,-1.3329,0.2589,4.1074,0.1221,-1.3477,0.1653,car,105,46.3928,-44.0135,3.869,-1.3844,4.1074,0.1221,342.0141,4.109224301495357,14.793207485383284,0.0,0.0,0.0,0.0,0.0,0.0,1,04_105_106_4406_ego_105,1,4406,4406,4412,vehicle_vehicle,0.3897857090848505,1.631119280841061,1.261121522031067,12.982924586548288,15.0,3.0,3.5,0.8,0.8518036980431584,3.06649331295537
4,106,4348,102,75.9205,-25.2749,199.4865,2.0003,4.1329,-6.5305,-2.358,-0.8439,-1.2515,6.943,-0.0444,1.2131,-0.8983,car,105,46.3928,-44.0135,3.869,-1.3844,4.1074,0.1221,342.0141,4.109224301495357,14.793207485383284,29.527700000000003,18.7386,-10.3995,-0.9736,10.444974734770783,34.97170566686733,0,04_105_106_4406_ego_105,1,4406,4406,4412,vehicle_vehicle,0.3897857090848505,1.631119280841061,1.261121522031067,12.982924586548288,15.0,3.0,3.5,0.8,0.8518036980431584,3.06649331295537
4,107,4348,79,35.4695,-40.4053,343.979,2.0619,5.249,4.2364,-1.3008,-0.5179,0.1228,4.4309,0.081,-0.5317,0.0249,car,105,46.3928,-44.0135,3.869,-1.3844,4.1074,0.1221,342.0141,4.109224301495357,14.793207485383284,-10.923300000000005,3.6082000000000036,0.3673999999999995,0.08360000000000012,0.3767913480959982,11.503807636169867,0,04_105_106_4406_ego_105,0,4406,4406,4412,vehicle_vehicle,0.3897857090848505,1.631119280841061,1.261121522031067,12.982924586548288,15.0,3.0,3.5,0.8,0.8518036980431584,3.06649331295537
4,109,4348,38,84.9733,-20.541,218.1615,1.9675,4.2148,-4.5525,-3.0191,-1.7785,0.476,5.445,0.4391,1.1043,1.4731,car,105,46.3928,-44.0135,3.869,-1.3844,4.1074,0.1221,342.0141,4.109224301495357,14.793207485383284,38.580499999999994,23.4725,-8.4215,-1.6346999999999998,8.578689080506415,45.15986311427438,0,04_105_106_4406_ego_105,0,4406,4406,4412,vehicle_vehicle,0.3897857090848505,1.631119280841061,1.261121522031067,12.982924586548288,15.0,3.0,3.5,0.8,0.8518036980431584,3.06649331295537
4,103,4349,215,64.4238,-36.9718,233.1714,2.0056,4.344,-3.6425,-5.2743,2.0312,-0.5983,6.4051,-0.246,-0.7387,-1.9845,car,105,46.5463,-44.0681,3.8107,-1.3726,4.0485,0.1242,341.9479,4.050366063703379,14.581317829332164,17.877499999999998,7.096299999999999,-7.453200000000001,-3.9017,8.412695948980922,19.234408749426116,0,04_105_106_4406_ego_105,0,4406,4406,4412,vehicle_vehicle,0.3897857090848505,1.631119280841061,1.261121522031067,12.982924586548288,15.0,3.0,3.5,0.8,0.8518036980431584,3.06649331295537
4,105,4349,125,46.5463,-44.0681,341.9479,1.9366,3.862,3.8107,-1.3726,-1.3452,0.2598,4.0485,0.1242,-1.3595,0.1698,car,105,46.5463,-44.0681,3.8107,-1.3726,4.0485,0.1242,341.9479,4.050366063703379,14.581317829332164,0.0,0.0,0.0,0.0,0.0,0.0,1,04_105_106_4406_ego_105,1,4406,4406,4412,vehicle_vehicle,0.3897857090848505,1.631119280841061,1.261121522031067,12.982924586548288,15.0,3.0,3.5,0.8,0.8518036980431584,3.06649331295537
4,106,4349,103,75.6591,-25.3706,199.6671,2.0003,4.1329,-6.5663,-2.4096,-0.7882,-1.3156,6.9942,-0.0591,1.185,-0.9736,car,105,46.5463,-44.0681,3.8107,-1.3726,4.0485,0.1242,341.9479,4.050366063703379,14.581317829332164,29.112799999999993,18.6975,-10.377,-1.0370000000000001,10.428686302694123,34.59987904733194,0,04_105_106_4406_ego_105,1,4406,4406,4412,vehicle_vehicle,0.3897857090848505,1.631119280841061,1.261121522031067,12.982924586548288,15.0,3.0,3.5,0.8,0.8518036980431584,3.06649331295537
4,107,4349,80,35.6384,-40.4569,343.9615,2.0619,5.249,4.2156,-1.2958,-0.5196,0.1207,4.4095,0.0807,-0.5328,0.0276,car,105,46.5463,-44.0681,3.8107,-1.3726,4.0485,0.1242,341.9479,4.050366063703379,14.581317829332164,-10.907900000000005,3.6112000000000037,0.40490000000000004,0.07679999999999998,0.4121192181881355,11.490128278222143,0,04_105_106_4406_ego_105,0,4406,4406,4412,vehicle_vehicle,0.3897857090848505,1.631119280841061,1.261121522031067,12.982924586548288,15.0,3.0,3.5,0.8,0.8518036980431584,3.06649331295537
4,109,4349,39,84.7891,-20.665,217.5427,1.9675,4.2148,-4.6238,-2.9971,-1.7806,0.5002,5.4925,0.4411,1.107,1.4816,car,105,46.5463,-44.0681,3.8107,-1.3726,4.0485,0.1242,341.9479,4.050366063703379,14.581317829332164,38.2428,23.403100000000002,-8.4345,-1.6245,8.58951631350683,44.83544180054436,0,04_105_106_4406_ego_105,0,4406,4406,4412,vehicle_vehicle,0.3897857090848505,1.631119280841061,1.261121522031067,12.982924586548288,15.0,3.0,3.5,0.8,0.8518036980431584,3.06649331295537
4,103,4350,216,64.2785,-37.1825,233.8688,2.0056,4.344,-3.5589,-5.2977,2.0418,-0.5937,6.3773,-0.2493,-0.7244,-1.9992,car,105,46.6975,-44.1226,3.752,-1.3608,3.9891,0.1266,341.882,3.991150290329844,14.36814104518744,17.580999999999996,6.940100000000001,-7.3109,-3.9368999999999996,8.303519760920667,18.90123141517504,0,04_105_106_4406_ego_105,0,4406,4406,4412,vehicle_vehicle,0.3897857090848505,1.631119280841061,1.261121522031067,12.982924586548288,15.0,3.0,3.5,0.8,0.8518036980431584,3.06649331295537
4,105,4350,126,46.6975,-44.1226,341.882,1.9366,3.862,3.752,-1.3608,-1.3526,0.2592,3.9891,0.1266,-1.3661,0.1742,car,105,46.6975,-44.1226,3.752,-1.3608,3.9891,0.1266,341.882,3.991150290329844,14.36814104518744,0.0,0.0,0.0,0.0,0.0,0.0,1,04_105_106_4406_ego_105,1,4406,4406,4412,vehicle_vehicle,0.3897857090848505,1.631119280841061,1.261121522031067,12.982924586548288,15.0,3.0,3.5,0.8,0.8518036980431584,3.06649331295537
4,106,4350,104,75.3965,-25.4687,199.8655,2.0003,4.1329,-6.6001,-2.4636,-0.7303,-1.3781,7.0445,-0.0742,1.1551,-1.048,car,105,46.6975,-44.1226,3.752,-1.3608,3.9891,0.1266,341.882,3.991150290329844,14.36814104518744,28.699000000000005,18.6539,-10.3521,-1.1028,10.41067443780661,34.22865153946326,0,04_105_106_4406_ego_105,1,4406,4406,4412,vehicle_vehicle,0.3897857090848505,1.631119280841061,1.261121522031067,12.982924586548288,15.0,3.0,3.5,0.8,0.8518036980431584,3.06649331295537
4,107,4350,81,35.8073,-40.5083,343.9492,2.0619,5.249,4.1944,-1.2911,-0.5211,0.1186,4.3878,0.0811,-0.5336,0.0301,car,105,46.6975,-44.1226,3.752,-1.3608,3.9891,0.1266,341.882,3.991150290329844,14.36814104518744,-10.8902,3.6143,0.4424000000000001,0.0697000000000001,0.4478569526087544,11.474302616281305,0,04_105_106_4406_ego_105,0,4406,4406,4412,vehicle_vehicle,0.3897857090848505,1.631119280841061,1.261121522031067,12.982924586548288,15.0,3.0,3.5,0.8,0.8518036980431584,3.06649331295537
4,109,4350,40,84.602,-20.7886,216.8588,1.9675,4.2148,-4.6948,-2.9725,-1.7827,0.5206,5.5394,0.4378,1.1141,1.4859,car,105,46.6975,-44.1226,3.752,-1.3608,3.9891,0.1266,341.882,3.991150290329844,14.36814104518744,37.904500000000006,23.334,-8.4468,-1.6117000000000001,8.599186422563474,44.510972537678846,0,04_105_106_4406_ego_105,0,4406,4406,4412,vehicle_vehicle,0.3897857090848505,1.631119280841061,1.261121522031067,12.982924586548288,15.0,3.0,3.5,0.8,0.8518036980431584,3.06649331295537
4,103,4351,217,64.1363,-37.3944,234.5699,2.0056,4.344,-3.4744,-5.3211,2.0498,-0.5896,6.3499,-0.2537,-0.7079,-2.012,car,105,46.8464,-44.177,3.693,-1.349,3.9296,0.1275,341.7916,3.931672672031587,14.154021619313713,17.289900000000003,6.782600000000002,-7.167400000000001,-3.9721,8.194461615627961,18.57267629530004,0,04_105_106_4406_ego_105,0,4406,4406,4412,vehicle_vehicle,0.3897857090848505,1.631119280841061,1.261121522031067,12.982924586548288,15.0,3.0,3.5,0.8,0.8518036980431584,3.06649331295537
4,105,4351,127,46.8464,-44.177,341.7916,1.9366,3.862,3.693,-1.349,-1.3551,0.2572,3.9296,0.1275,-1.3676,0.1791,car,105,46.8464,-44.177,3.693,-1.349,3.9296,0.1275,341.7916,3.931672672031587,14.154021619313713,0.0,0.0,0.0,0.0,0.0,0.0,1,04_105_106_4406_ego_105,1,4406,4406,4412,vehicle_vehicle,0.3897857090848505,1.631119280841061,1.261121522031067,12.982924586548288,15.0,3.0,3.5,0.8,0.8518036980431584,3.06649331295537
4,106,4351,105,75.132,-25.5682,200.0998,2.0003,4.1329,-6.6316,-2.5201,-0.6701,-1.4393,7.0938,-0.0876,1.1239,-1.1214,car,105,46.8464,-44.177,3.693,-1.349,3.9296,0.1275,341.7916,3.931672672031587,14.154021619313713,28.285600000000002,18.6088,-10.3246,-1.1710999999999998,10.390805568867123,33.85797697441476,0,04_105_106_4406_ego_105,1,4406,4406,4412,vehicle_vehicle,0.3897857090848505,1.631119280841061,1.261121522031067,12.982924586548288,15.0,3.0,3.5,0.8,0.8518036980431584,3.06649331295537
4,107,4351,82,35.975,-40.5594,343.9342,2.0619,5.249,4.173,-1.2866,-0.522,0.1167,4.366,0.0815,-0.5339,0.0323,car,105,46.8464,-44.177,3.693,-1.349,3.9296,0.1275,341.7916,3.931672672031587,14.154021619313713,-10.871400000000001,3.617600000000003,0.48,0.06240000000000001,0.4840390066926425,11.457502682522053,0,04_105_106_4406_ego_105,0,4406,4406,4412,vehicle_vehicle,0.3897857090848505,1.631119280841061,1.261121522031067,12.982924586548288,15.0,3.0,3.5,0.8,0.8518036980431584,3.06649331295537
4,109,4351,41,84.4129,-20.9095,216.1052,1.9675,4.2148,-4.766,-2.9461,-1.785,0.5359,5.5866,0.4282,1.1264,1.4848,car,105,46.8464,-44.177,3.693,-1.349,3.9296,0.1275,341.7916,3.931672672031587,14.154021619313713,37.56649999999999,23.2675,-8.459,-1.5971,8.608449884270687,44.18844281596715,0,04_105_106_4406_ego_105,0,4406,4406,4412,vehicle_vehicle,0.3897857090848505,1.631119280841061,1.261121522031067,12.982924586548288,15.0,3.0,3.5,0.8,0.8518036980431584,3.06649331295537
4,103,4352,218,63.9993,-37.6077,235.2685,2.0056,4.344,-3.3896,-5.3444,2.055,-0.5858,6.3233,-0.2592,-0.6894,-2.0226,car,105,46.9935,-44.2309,3.6337,-1.3372,3.8698,0.128,341.6916,3.8719348561152214,13.938965482014797,17.0058,6.623199999999997,-7.023300000000001,-4.0072,8.086061756504213,18.25004142132286,0,04_105_106_4406_ego_105,0,4406,4406,4412,vehicle_vehicle,0.3897857090848505,1.631119280841061,1.261121522031067,12.982924586548288,15.0,3.0,3.5,0.8,0.8518036980431584,3.06649331295537
4,105,4352,128,46.9935,-44.2309,341.6916,1.9366,3.862,3.6337,-1.3372,-1.3526,0.2538,3.8698,0.128,-1.3638,0.184,car,105,46.9935,-44.2309,3.6337,-1.3372,3.8698,0.128,341.6916,3.8719348561152214,13.938965482014797,0.0,0.0,0.0,0.0,0.0,0.0,1,04_105_106_4406_ego_105,1,4406,4406,4412,vehicle_vehicle,0.3897857090848505,1.631119280841061,1.261121522031067,12.982924586548288,15.0,3.0,3.5,0.8,0.8518036980431584,3.06649331295537
4,106,4352,106,74.8665,-25.6694,200.3791,2.0003,4.1329,-6.6609,-2.5794,-0.6074,-1.4989,7.1422,-0.0984,1.0914,-1.1935,car,105,46.9935,-44.2309,3.6337,-1.3372,3.8698,0.128,341.6916,3.8719348561152214,13.938965482014797,27.873000000000005,18.5615,-10.294599999999999,-1.2422000000000002,10.36927432369305,33.487809890316804,0,04_105_106_4406_ego_105,1,4406,4406,4412,vehicle_vehicle,0.3897857090848505,1.631119280841061,1.261121522031067,12.982924586548288,15.0,3.0,3.5,0.8,0.8518036980431584,3.06649331295537
4,107,4352,83,36.143,-40.6109,343.9237,2.0619,5.249,4.1509,-1.2822,-0.5221,0.115,4.3436,0.0826,-0.5335,0.0341,car,105,46.9935,-44.2309,3.6337,-1.3372,3.8698,0.128,341.6916,3.8719348561152214,13.938965482014797,-10.850499999999997,3.6199999999999974,0.5171999999999999,0.05499999999999994,0.5201161793291955,11.438433032981393,0,04_105_106_4406_ego_105,0,4406,4406,4412,vehicle_vehicle,0.3897857090848505,1.631119280841061,1.261121522031067,12.982924586548288,15.0,3.0,3.5,0.8,0.8518036980431584,3.06649331295537
4,109,4352,42,84.2238,-21.0277,215.3556,1.9675,4.2148,-4.8384,-2.9188,-1.7869,0.5455,5.635,0.4193,1.1417,1.4789,car,105,46.9935,-44.2309,3.6337,-1.3372,3.8698,0.128,341.6916,3.8719348561152214,13.938965482014797,37.2303,23.2032,-8.472100000000001,-1.5816000000000001,8.618464884769214,43.86893808071948,0,04_105_106_4406_ego_105,0,4406,4406,4412,vehicle_vehicle,0.3897857090848505,1.631119280841061,1.261121522031067,12.982924586548288,15.0,3.0,3.5,0.8,0.8518036980431584,3.06649331295537
4,103,4353,219,63.8669,-37.8219,235.9759,2.0056,4.344,-3.3053,-5.3675,2.0578,-0.5823,6.298,-0.2639,-0.6688,-2.0313,car,105,47.1378,-44.2845,3.5745,-1.3254,3.8102,0.1289,341.5937,3.8123136557738793,13.724329160785965,16.729100000000003,6.462600000000002,-6.8797999999999995,-4.0421,7.979362158092587,17.933989672406977,0,04_105_106_4406_ego_105,0,4406,4406,4412,vehicle_vehicle,0.3897857090848505,1.631119280841061,1.261121522031067,12.982924586548288,15.0,3.0,3.5,0.8,0.8518036980431584,3.06649331295537
4,105,4353,129,47.1378,-44.2845,341.5937,1.9366,3.862,3.5745,-1.3254,-1.345,0.2487,3.8102,0.1289,-1.3547,0.1887,car,105,47.1378,-44.2845,3.5745,-1.3254,3.8102,0.1289,341.5937,3.8123136557738793,13.724329160785965,0.0,0.0,0.0,0.0,0.0,0.0,1,04_105_106_4406_ego_105,1,4406,4406,4412,vehicle_vehicle,0.3897857090848505,1.631119280841061,1.261121522031067,12.982924586548288,15.0,3.0,3.5,0.8,0.8518036980431584,3.06649331295537
4,106,4353,107,74.5999,-25.7727,200.6662,2.0003,4.1329,-6.6878,-2.6415,-0.5423,-1.5566,7.1897,-0.1113,1.0567,-1.265,car,105,47.1378,-44.2845,3.5745,-1.3254,3.8102,0.1289,341.5937,3.8123136557738793,13.724329160785965,27.462100000000007,18.5118,-10.2623,-1.3161000000000003,10.346348172181333,33.118781312874425,0,04_105_106_4406_ego_105,1,4406,4406,4412,vehicle_vehicle,0.3897857090848505,1.631119280841061,1.261121522031067,12.982924586548288,15.0,3.0,3.5,0.8,0.8518036980431584,3.06649331295537
4,107,4353,84,36.3096,-40.6623,343.9182,2.0619,5.249,4.1284,-1.2777,-0.5208,0.1135,4.3208,0.0841,-0.5318,0.0352,car,105,47.1378,-44.2845,3.5745,-1.3254,3.8102,0.1289,341.5937,3.8123136557738793,13.724329160785965,-10.828199999999995,3.6221999999999994,0.5539000000000001,0.047699999999999854,0.5559500876877348,11.417979159203256,0,04_105_106_4406_ego_105,0,4406,4406,4412,vehicle_vehicle,0.3897857090848505,1.631119280841061,1.261121522031067,12.982924586548288,15.0,3.0,3.5,0.8,0.8518036980431584,3.06649331295537
4,109,4353,43,84.031,-21.1451,214.6121,1.9675,4.2148,-4.9118,-2.8906,-1.7873,0.549,5.6844,0.4109,1.1591,1.4671,car,105,47.1378,-44.2845,3.5745,-1.3254,3.8102,0.1289,341.5937,3.8123136557738793,13.724329160785965,36.89320000000001,23.139400000000002,-8.4863,-1.5652000000000001,8.629434438594455,43.5492828712483,0,04_105_106_4406_ego_105,0,4406,4406,4412,vehicle_vehicle,0.3897857090848505,1.631119280841061,1.261121522031067,12.982924586548288,15.0,3.0,3.5,0.8,0.8518036980431584,3.06649331295537
4,103,4354,220,63.7375,-38.0368,236.6689,2.0056,4.344,-3.2213,-5.3906,2.0586,-0.5791,6.2739,-0.2706,-0.6473,-2.0381,car,105,47.2791,-44.337,3.5159,-1.3139,3.7512,0.1293,341.483,3.7533832764587203,13.512179795251393,16.458399999999997,6.300200000000004,-6.7372,-4.0767,7.874601369593257,17.623037496413605,0,04_105_106_4406_ego_105,0,4406,4406,4412,vehicle_vehicle,0.3897857090848505,1.631119280841061,1.261121522031067,12.982924586548288,15.0,3.0,3.5,0.8,0.8518036980431584,3.06649331295537
4,105,4354,130,47.2791,-44.337,341.483,1.9366,3.862,3.5159,-1.3139,-1.3325,0.2421,3.7512,0.1293,-1.3404,0.1937,car,105,47.2791,-44.337,3.5159,-1.3139,3.7512,0.1293,341.483,3.7533832764587203,13.512179795251393,0.0,0.0,0.0,0.0,0.0,0.0,1,04_105_106_4406_ego_105,1,4406,4406,4412,vehicle_vehicle,0.3897857090848505,1.631119280841061,1.261121522031067,12.982924586548288,15.0,3.0,3.5,0.8,0.8518036980431584,3.06649331295537
4,106,4354,108,74.3325,-25.879,200.983,2.0003,4.1329,-6.7123,-2.7061,-0.4744,-1.612,7.2362,-0.1231,1.0202,-1.3352,car,105,47.2791,-44.337,3.5159,-1.3139,3.7512,0.1293,341.483,3.7533832764587203,13.512179795251393,27.053399999999996,18.458000000000002,-10.2282,-1.3922,10.322514038740756,32.75033153358909,0,04_105_106_4406_ego_105,1,4406,4406,4412,vehicle_vehicle,0.3897857090848505,1.631119280841061,1.261121522031067,12.982924586548288,15.0,3.0,3.5,0.8,0.8518036980431584,3.06649331295537
4,107,4354,85,36.4736,-40.7135,343.9106,2.0619,5.249,4.1063,-1.2732,-0.518,0.1121,4.2984,0.0854,-0.5288,0.0358,car,105,47.2791,-44.337,3.5159,-1.3139,3.7512,0.1293,341.483,3.7533832764587203,13.512179795251393,-10.805500000000002,3.6235,0.5904000000000003,0.04069999999999996,0.5918011912796394,11.396867223057399,0,04_105_106_4406_ego_105,0,4406,4406,4412,vehicle_vehicle,0.3897857090848505,1.631119280841061,1.261121522031067,12.982924586548288,15.0,3.0,3.5,0.8,0.8518036980431584,3.06649331295537
4,109,4354,44,83.8355,-21.2615,213.8792,1.9675,4.2148,-4.9861,-2.8619,-1.7854,0.546,5.7349,0.4035,1.1779,1.4485,car,105,47.2791,-44.337,3.5159,-1.3139,3.7512,0.1293,341.483,3.7533832764587203,13.512179795251393,36.5564,23.0755,-8.502,-1.5479999999999998,8.641776900614827,43.23018715215098,0,04_105_106_4406_ego_105,0,4406,4406,4412,vehicle_vehicle,0.3897857090848505,1.631119280841061,1.261121522031067,12.982924586548288,15.0,3.0,3.5,0.8,0.8518036980431584,3.06649331295537
4,103,4355,221,63.6118,-38.2524,237.3819,2.0056,4.344,-3.1378,-5.4137,2.058,-0.576,6.2513,-0.2752,-0.6242,-2.0439,car,105,47.4187,-44.3895,3.4578,-1.3027,3.6928,0.1295,341.365,3.695051844020595,13.302186638474142,16.1931,6.137099999999997,-6.5956,-4.111000000000001,7.77188911140657,17.317057602837732,0,04_105_106_4406_ego_105,0,4406,4406,4412,vehicle_vehicle,0.3897857090848505,1.631119280841061,1.261121522031067,12.982924586548288,15.0,3.0,3.5,0.8,0.8518036980431584,3.06649331295537
4,105,4355,131,47.4187,-44.3895,341.365,1.9366,3.862,3.4578,-1.3027,-1.3152,0.2339,3.6928,0.1295,-1.321,0.1986,car,105,47.4187,-44.3895,3.4578,-1.3027,3.6928,0.1295,341.365,3.695051844020595,13.302186638474142,0.0,0.0,0.0,0.0,0.0,0.0,1,04_105_106_4406_ego_105,1,4406,4406,4412,vehicle_vehicle,0.3897857090848505,1.631119280841061,1.261121522031067,12.982924586548288,15.0,3.0,3.5,0.8,0.8518036980431584,3.06649331295537
4,106,4355,109,74.0639,-25.9876,201.3375,2.0003,4.1329,-6.7342,-2.7734,-0.4037,-1.6648,7.2817,-0.133,0.9818,-1.4038,car,105,47.4187,-44.3895,3.4578,-1.3027,3.6928,0.1295,341.365,3.695051844020595,13.302186638474142,26.645200000000003,18.401899999999998,-10.192,-1.4707000000000001,10.2975639104596,32.38204142190545,0,04_105_106_4406_ego_105,1,4406,4406,4412,vehicle_vehicle,0.3897857090848505,1.631119280841061,1.261121522031067,12.982924586548288,15.0,3.0,3.5,0.8,0.8518036980431584,3.06649331295537
4,107,4355,86,36.6381,-40.7646,343.9062,2.0619,5.249,4.0841,-1.2687,-0.5139,0.1108,4.2757,0.0868,-0.5245,0.036,car,105,47.4187,-44.3895,3.4578,-1.3027,3.6928,0.1295,341.365,3.695051844020595,13.302186638474142,-10.7806,3.6248999999999967,0.6263000000000001,0.03400000000000003,0.6272222014565493,11.373708118727153,0,04_105_106_4406_ego_105,0,4406,4406,4412,vehicle_vehicle,0.3897857090848505,1.631119280841061,1.261121522031067,12.982924586548288,15.0,3.0,3.5,0.8,0.8518036980431584,3.06649331295537
4,109,4355,45,83.6363,-21.3764,213.1266,1.9675,4.2148,-5.061,-2.8329,-1.7802,0.5359,5.7866,0.3934,1.198,1.4217,car,105,47.4187,-44.3895,3.4578,-1.3027,3.6928,0.1295,341.365,3.695051844020595,13.302186638474142,36.217600000000004,23.013099999999998,-8.5188,-1.5302,8.655140985564591,42.91057353811529,0,04_105_106_4406_ego_105,0,4406,4406,4412,vehicle_vehicle,0.3897857090848505,1.631119280841061,1.261121522031067,12.982924586548288,15.0,3.0,3.5,0.8,0.8518036980431584,3.06649331295537
4,103,4356,222,63.4889,-38.469,238.1005,2.0056,4.344,-3.0548,-5.4369,2.0566,-0.5728,6.2301,-0.2795,-0.6004,-2.0487,car,105,47.5555,-44.4413,3.4006,-1.2918,3.6353,0.1298,341.2451,3.6376953693238248,13.095703329565769,15.933399999999999,5.972299999999997,-6.4554,-4.145099999999999,7.671638884228063,17.015922039372416,0,04_105_106_4406_ego_105,0,4406,4406,4412,vehicle_vehicle,0.3897857090848505,1.631119280841061,1.261121522031067,12.982924586548288,15.0,3.0,3.5,0.8,0.8518036980431584,3.06649331295537
4,105,4356,132,47.5555,-44.4413,341.2451,1.9366,3.862,3.4006,-1.2918,-1.2931,0.2241,3.6353,0.1298,-1.2965,0.2036,car,105,47.5555,-44.4413,3.4006,-1.2918,3.6353,0.1298,341.2451,3.6376953693238248,13.095703329565769,0.0,0.0,0.0,0.0,0.0,0.0,1,04_105_106_4406_ego_105,1,4406,4406,4412,vehicle_vehicle,0.3897857090848505,1.631119280841061,1.261121522031067,12.982924586548288,15.0,3.0,3.5,0.8,0.8518036980431584,3.06649331295537
4,106,4356,110,73.7941,-26.0991,201.7131,2.0003,4.1329,-6.7532,-2.843,-0.3302,-1.7148,7.3258,-0.1429,0.9411,-1.471,car,105,47.5555,-44.4413,3.4006,-1.2918,3.6353,0.1298,341.2451,3.6376953693238248,13.095703329565769,26.238599999999998,18.3422,-10.1538,-1.5512,10.271605321467526,32.01406613974551,0,04_105_106_4406_ego_105,1,4406,4406,4412,vehicle_vehicle,0.3897857090848505,1.631119280841061,1.261121522031067,12.982924586548288,15.0,3.0,3.5,0.8,0.8518036980431584,3.06649331295537
4,107,4356,87,36.8008,-40.8162,343.8942,2.0619,5.249,4.0621,-1.2638,-0.5083,0.1091,4.2533,0.0874,-0.5186,0.0361,car,105,47.5555,-44.4413,3.4006,-1.2918,3.6353,0.1298,341.2451,3.6376953693238248,13.095703329565769,-10.7547,3.625099999999996,0.6615000000000002,0.028000000000000025,0.6620923273985285,11.34922561675465,0,04_105_106_4406_ego_105,0,4406,4406,4412,vehicle_vehicle,0.3897857090848505,1.631119280841061,1.261121522031067,12.982924586548288,15.0,3.0,3.5,0.8,0.8518036980431584,3.06649331295537
4,109,4356,46,83.4339,-21.4907,212.3771,1.9675,4.2148,-5.1363,-2.8037,-1.7713,0.5184,5.8392,0.3826,1.2183,1.3863,car,105,47.5555,-44.4413,3.4006,-1.2918,3.6353,0.1298,341.2451,3.6376953693238248,13.095703329565769,35.87839999999999,22.950599999999998,-8.5369,-1.5119,8.669746433431602,42.590957102652666,0,04_105_106_4406_ego_105,0,4406,4406,4412,vehicle_vehicle,0.3897857090848505,1.631119280841061,1.261121522031067,12.982924586548288,15.0,3.0,3.5,0.8,0.8518036980431584,3.06649331295537
4,103,4357,223,63.3693,-38.687,238.8392,2.0056,4.344,-2.9722,-5.4599,2.0546,-0.5695,6.2101,-0.2818,-0.5758,-2.0528,car,105,47.6901,-44.4925,3.3443,-1.2814,3.579,0.1305,341.1238,3.5813863865827154,12.892990991697776,15.679200000000002,5.805500000000002,-6.3165,-4.1785,7.573508731096835,16.71948393013373,0,04_105_106_4406_ego_105,0,4406,4406,4412,vehicle_vehicle,0.3897857090848505,1.631119280841061,1.261121522031067,12.982924586548288,15.0,3.0,3.5,0.8,0.8518036980431584,3.06649331295537
4,105,4357,133,47.6901,-44.4925,341.1238,1.9366,3.862,3.3443,-1.2814,-1.2665,0.2129,3.579,0.1305,-1.2673,0.2083,car,105,47.6901,-44.4925,3.3443,-1.2814,3.579,0.1305,341.1238,3.5813863865827154,12.892990991697776,0.0,0.0,0.0,0.0,0.0,0.0,1,04_105_106_4406_ego_105,1,4406,4406,4412,vehicle_vehicle,0.3897857090848505,1.631119280841061,1.261121522031067,12.982924586548288,15.0,3.0,3.5,0.8,0.8518036980431584,3.06649331295537
4,106,4357,111,73.5237,-26.2134,202.0988,2.0003,4.1329,-6.7693,-2.915,-0.2537,-1.7616,7.3686,-0.1542,0.8978,-1.5367,car,105,47.6901,-44.4925,3.3443,-1.2814,3.579,0.1305,341.1238,3.5813863865827154,12.892990991697776,25.833600000000004,18.2791,-10.1136,-1.6336,10.244684178636255,31.646490891882472,0,04_105_106_4406_ego_105,1,4406,4406,4412,vehicle_vehicle,0.3897857090848505,1.631119280841061,1.261121522031067,12.982924586548288,15.0,3.0,3.5,0.8,0.8518036980431584,3.06649331295537
4,107,4357,88,36.9626,-40.867,343.8801,2.0619,5.249,4.0404,-1.2589,-0.5013,0.107,4.2311,0.0876,-0.5113,0.0364,car,105,47.6901,-44.4925,3.3443,-1.2814,3.579,0.1305,341.1238,3.5813863865827154,12.892990991697776,-10.7275,3.6255000000000024,0.6960999999999999,0.022500000000000187,0.6964635381698024,11.323581875890685,0,04_105_106_4406_ego_105,0,4406,4406,4412,vehicle_vehicle,0.3897857090848505,1.631119280841061,1.261121522031067,12.982924586548288,15.0,3.0,3.5,0.8,0.8518036980431584,3.06649331295537
4,109,4357,47,83.2284,-21.6042,211.6551,1.9675,4.2148,-5.2119,-2.7745,-1.758,0.4929,5.8926,0.3735,1.2378,1.3421,car,105,47.6901,-44.4925,3.3443,-1.2814,3.579,0.1305,341.1238,3.5813863865827154,12.892990991697776,35.53829999999999,22.8883,-8.5562,-1.4931,8.685499758217716,42.27108992893369,0,04_105_106_4406_ego_105,0,4406,4406,4412,vehicle_vehicle,0.3897857090848505,1.631119280841061,1.261121522031067,12.982924586548288,15.0,3.0,3.5,0.8,0.8518036980431584,3.06649331295537
4,103,4358,224,63.2526,-38.9057,239.5763,2.0056,4.344,-2.89,-5.4829,2.0524,-0.566,6.1914,-0.2845,-0.5512,-2.0565,car,105,47.8218,-44.543,3.2896,-1.2717,3.5244,0.1321,341.0104,3.526852569926903,12.69666925173685,15.430799999999998,5.637299999999996,-6.179600000000001,-4.2112,7.4780787372158635,16.428290840193934,0,04_105_106_4406_ego_105,0,4406,4406,4412,vehicle_vehicle,0.3897857090848505,1.631119280841061,1.261121522031067,12.982924586548288,15.0,3.0,3.5,0.8,0.8518036980431584,3.06649331295537
4,105,4358,134,47.8218,-44.543,341.0104,1.9366,3.862,3.2896,-1.2717,-1.2356,0.2003,3.5244,0.1321,-1.2335,0.2126,car,105,47.8218,-44.543,3.2896,-1.2717,3.5244,0.1321,341.0104,3.526852569926903,12.69666925173685,0.0,0.0,0.0,0.0,0.0,0.0,1,04_105_106_4406_ego_105,1,4406,4406,4412,vehicle_vehicle,0.3897857090848505,1.631119280841061,1.261121522031067,12.982924586548288,15.0,3.0,3.5,0.8,0.8518036980431584,3.06649331295537
4,106,4358,112,73.2524,-26.3304,202.5163,2.0003,4.1329,-6.7821,-2.9892,-0.1745,-1.8048,7.4098,-0.1641,0.8523,-1.6004,car,105,47.8218,-44.543,3.2896,-1.2717,3.5244,0.1321,341.0104,3.526852569926903,12.69666925173685,25.43059999999999,18.2126,-10.0717,-1.7174999999999998,10.217090933333225,31.279613410654544,0,04_105_106_4406_ego_105,1,4406,4406,4412,vehicle_vehicle,0.3897857090848505,1.631119280841061,1.261121522031067,12.982924586548288,15.0,3.0,3.5,0.8,0.8518036980431584,3.06649331295537
4,107,4358,89,37.123,-40.9171,343.8578,2.0619,5.249,4.0194,-1.2542,-0.4932,0.1044,4.2096,0.0873,-0.5028,0.0368,car,105,47.8218,-44.543,3.2896,-1.2717,3.5244,0.1321,341.0104,3.526852569926903,12.69666925173685,-10.698800000000006,3.6259000000000015,0.7298,0.01750000000000007,0.7300097876056183,11.29652478641109,0,04_105_106_4406_ego_105,0,4406,4406,4412,vehicle_vehicle,0.3897857090848505,1.631119280841061,1.261121522031067,12.982924586548288,15.0,3.0,3.5,0.8,0.8518036980431584,3.06649331295537
4,109,4358,48,83.0193,-21.7153,210.958,1.9675,4.2148,-5.2872,-2.7462,-1.7398,0.4588,5.9467,0.3648,1.256,1.2884,car,105,47.8218,-44.543,3.2896,-1.2717,3.5244,0.1321,341.0104,3.526852569926903,12.69666925173685,35.1975,22.8277,-8.5768,-1.4745,8.702623081002647,41.95197127120488,0,04_105_106_4406_ego_105,0,4406,4406,4412,vehicle_vehicle,0.3897857090848505,1.631119280841061,1.261121522031067,12.982924586548288,15.0,3.0,3.5,0.8,0.8518036980431584,3.06649331295537
4,103,4359,225,63.1392,-39.1254,240.3402,2.0056,4.344,-2.808,-5.5057,2.0503,-0.5624,6.1739,-0.2844,-0.5259,-2.0599,car,105,47.9516,-44.5942,3.2364,-1.2623,3.4713,0.1338,340.8989,3.4738575460142287,12.505887165651224,15.187600000000003,5.468800000000002,-6.0443999999999996,-4.2434,7.38520242918229,16.14221072839777,0,04_105_106_4406_ego_105,0,4406,4406,4412,vehicle_vehicle,0.3897857090848505,1.631119280841061,1.261121522031067,12.982924586548288,15.0,3.0,3.5,0.8,0.8518036980431584,3.06649331295537
4,105,4359,135,47.9516,-44.5942,340.8989,1.9366,3.862,3.2364,-1.2623,-1.2008,0.1865,3.4713,0.1338,-1.1957,0.2167,car,105,47.9516,-44.5942,3.2364,-1.2623,3.4713,0.1338,340.8989,3.4738575460142287,12.505887165651224,0.0,0.0,0.0,0.0,0.0,0.0,1,04_105_106_4406_ego_105,1,4406,4406,4412,vehicle_vehicle,0.3897857090848505,1.631119280841061,1.261121522031067,12.982924586548288,15.0,3.0,3.5,0.8,0.8518036980431584,3.06649331295537
4,106,4359,113,72.98,-26.451,202.9675,2.0003,4.1329,-6.7914,-3.0653,-0.0927,-1.8441,7.4492,-0.1722,0.8049,-1.6617,car,105,47.9516,-44.5942,3.2364,-1.2623,3.4713,0.1338,340.8989,3.4738575460142287,12.505887165651224,25.028400000000005,18.1432,-10.027800000000001,-1.8030000000000002,10.188600583004519,30.91272412454134,0,04_105_106_4406_ego_105,1,4406,4406,4412,vehicle_vehicle,0.3897857090848505,1.631119280841061,1.261121522031067,12.982924586548288,15.0,3.0,3.5,0.8,0.8518036980431584,3.06649331295537
4,107,4359,90,37.283,-40.9668,343.8368,2.0619,5.249,3.9988,-1.2497,-0.4841,0.1014,4.1886,0.0871,-0.4932,0.0374,car,105,47.9516,-44.5942,3.2364,-1.2623,3.4713,0.1338,340.8989,3.4738575460142287,12.505887165651224,-10.668599999999998,3.6274000000000015,0.7624,0.012599999999999945,0.7625041114643252,11.268409680163389,0,04_105_106_4406_ego_105,0,4406,4406,4412,vehicle_vehicle,0.3897857090848505,1.631119280841061,1.261121522031067,12.982924586548288,15.0,3.0,3.5,0.8,0.8518036980431584,3.06649331295537
4,109,4359,49,82.8067,-21.8243,210.2773,1.9675,4.2148,-5.3618,-2.7194,-1.7166,0.4162,6.0016,0.3549,1.2726,1.2249,car,105,47.9516,-44.5942,3.2364,-1.2623,3.4713,0.1338,340.8989,3.4738575460142287,12.505887165651224,34.85510000000001,22.7699,-8.5982,-1.4570999999999998,8.72079031108993,41.63347621830299,0,04_105_106_4406_ego_105,0,4406,4406,4412,vehicle_vehicle,0.3897857090848505,1.631119280841061,1.261121522031067,12.982924586548288,15.0,3.0,3.5,0.8,0.8518036980431584,3.06649331295537
4,103,4360,226,63.0286,-39.3462,241.102,2.0056,4.344,-2.7261,-5.5284,2.0482,-0.5586,6.1574,-0.2849,-0.5008,-2.0631,car,105,48.0786,-44.6449,3.1852,-1.2534,3.4203,0.1352,340.785,3.422938883474258,12.32257998050733,14.949999999999996,5.298699999999997,-5.911300000000001,-4.275,7.295141718294444,15.86123329662608,0,04_105_106_4406_ego_105,0,4406,4406,4412,vehicle_vehicle,0.3897857090848505,1.631119280841061,1.261121522031067,12.982924586548288,15.0,3.0,3.5,0.8,0.8518036980431584,3.06649331295537
4,105,4360,136,48.0786,-44.6449,340.785,1.9366,3.862,3.1852,-1.2534,-1.1625,0.1713,3.4203,0.1352,-1.1541,0.2208,car,105,48.0786,-44.6449,3.1852,-1.2534,3.4203,0.1352,340.785,3.422938883474258,12.32257998050733,0.0,0.0,0.0,0.0,0.0,0.0,1,04_105_106_4406_ego_105,1,4406,4406,4412,vehicle_vehicle,0.3897857090848505,1.631119280841061,1.261121522031067,12.982924586548288,15.0,3.0,3.5,0.8,0.8518036980431584,3.06649331295537
4,106,4360,114,72.7074,-26.5748,203.4316,2.0003,4.1329,-6.7971,-3.1431,-0.0088,-1.8795,7.4865,-0.181,0.7554,-1.721,car,105,48.0786,-44.6449,3.1852,-1.2534,3.4203,0.1352,340.785,3.422938883474258,12.32257998050733,24.628800000000005,18.0701,-9.9823,-1.8897,10.159590512417319,30.546788758394886,0,04_105_106_4406_ego_105,1,4406,4406,4412,vehicle_vehicle,0.3897857090848505,1.631119280841061,1.261121522031067,12.982924586548288,15.0,3.0,3.5,0.8,0.8518036980431584,3.06649331295537
4,107,4360,91,37.4421,-41.0164,343.8178,2.0619,5.249,3.9788,-1.2454,-0.4743,0.0981,4.1683,0.0872,-0.4829,0.038,car,105,48.0786,-44.6449,3.1852,-1.2534,3.4203,0.1352,340.785,3.422938883474258,12.32257998050733,-10.636499999999998,3.6285000000000025,0.7936000000000001,0.008000000000000007,0.7936403215563081,11.238378197053166,0,04_105_106_4406_ego_105,0,4406,4406,4412,vehicle_vehicle,0.3897857090848505,1.631119280841061,1.261121522031067,12.982924586548288,15.0,3.0,3.5,0.8,0.8518036980431584,3.06649331295537
4,109,4360,50,82.5905,-21.9321,209.6222,1.9675,4.2148,-5.4354,-2.6946,-1.6884,0.3652,6.0569,0.3442,1.2872,1.1521,car,105,48.0786,-44.6449,3.1852,-1.2534,3.4203,0.1352,340.785,3.422938883474258,12.32257998050733,34.511900000000004,22.7128,-8.6206,-1.4411999999999998,8.740240374268891,41.31516096362206,0,04_105_106_4406_ego_105,0,4406,4406,4412,vehicle_vehicle,0.3897857090848505,1.631119280841061,1.261121522031067,12.982924586548288,15.0,3.0,3.5,0.8,0.8518036980431584,3.06649331295537
4,103,4361,227,62.9219,-39.5682,241.875,2.0056,4.344,-2.6446,-5.5507,2.0465,-0.5546,6.142,-0.2843,-0.4756,-2.0663,car,105,48.2032,-44.6949,3.1363,-1.245,3.3716,0.1376,340.6857,3.3743744146137664,12.147747892609559,14.718699999999998,5.1267,-5.7809,-4.3057,7.208179888154845,15.585993153469559,0,04_105_106_4406_ego_105,0,4406,4406,4412,vehicle_vehicle,0.3897857090848505,1.631119280841061,1.261121522031067,12.982924586548288,15.0,3.0,3.5,0.8,0.8518036980431584,3.06649331295537
4,105,4361,137,48.2032,-44.6949,340.6857,1.9366,3.862,3.1363,-1.245,-1.1215,0.1546,3.3716,0.1376,-1.1095,0.2251,car,105,48.2032,-44.6949,3.1363,-1.245,3.3716,0.1376,340.6857,3.3743744146137664,12.147747892609559,0.0,0.0,0.0,0.0,0.0,0.0,1,04_105_106_4406_ego_105,1,4406,4406,4412,vehicle_vehicle,0.3897857090848505,1.631119280841061,1.261121522031067,12.982924586548288,15.0,3.0,3.5,0.8,0.8518036980431584,3.06649331295537
4,106,4361,115,72.4348,-26.7016,203.9046,2.0003,4.1329,-6.7992,-3.2225,0.077,-1.9107,7.5218,-0.191,0.7039,-1.778,car,105,48.2032,-44.6949,3.1363,-1.245,3.3716,0.1376,340.6857,3.3743744146137664,12.147747892609559,24.231599999999993,17.993299999999998,-9.9355,-1.9775,10.130383334306751,30.181605050924635,0,04_105_106_4406_ego_105,1,4406,4406,4412,vehicle_vehicle,0.3897857090848505,1.631119280841061,1.261121522031067,12.982924586548288,15.0,3.0,3.5,0.8,0.8518036980431584,3.06649331295537
4,107,4361,92,37.5995,-41.0657,343.8007,2.0619,5.249,3.9597,-1.2415,-0.4641,0.0947,4.1489,0.0875,-0.4721,0.0385,car,105,48.2032,-44.6949,3.1363,-1.245,3.3716,0.1376,340.6857,3.3743744146137664,12.147747892609559,-10.603700000000003,3.6291999999999973,0.8234000000000004,0.0035000000000000586,0.8234074386353336,11.207566476715632,0,04_105_106_4406_ego_105,0,4406,4406,4412,vehicle_vehicle,0.3897857090848505,1.631119280841061,1.261121522031067,12.982924586548288,15.0,3.0,3.5,0.8,0.8518036980431584,3.06649331295537
4,109,4361,51,82.3707,-22.0377,208.9908,1.9675,4.2148,-5.5075,-2.6726,-1.6555,0.3065,6.1127,0.3316,1.2995,1.0705,car,105,48.2032,-44.6949,3.1363,-1.245,3.3716,0.1376,340.6857,3.3743744146137664,12.147747892609559,34.1675,22.657199999999996,-8.6438,-1.4276,8.760897225741209,40.99715560974931,0,04_105_106_4406_ego_105,0,4406,4406,4412,vehicle_vehicle,0.3897857090848505,1.631119280841061,1.261121522031067,12.982924586548288,15.0,3.0,3.5,0.8,0.8518036980431584,3.06649331295537
4,103,4362,228,62.8184,-39.7909,242.6552,2.0056,4.344,-2.5635,-5.5728,2.0453,-0.5508,6.1276,-0.2828,-0.4503,-2.0698,car,105,48.3257,-44.7446,3.0899,-1.2373,3.3255,0.1399,340.5863,3.328422043551569,11.982319356785649,14.4927,4.953699999999998,-5.6533999999999995,-4.3355,7.124429226962675,15.31592298818455,0,04_105_106_4406_ego_105,0,4406,4406,4412,vehicle_vehicle,0.3897857090848505,1.631119280841061,1.261121522031067,12.982924586548288,15.0,3.0,3.5,0.8,0.8518036980431584,3.06649331295537
4,105,4362,138,48.3257,-44.7446,340.5863,1.9366,3.862,3.0899,-1.2373,-1.0784,0.1363,3.3255,0.1399,-1.0624,0.2299,car,105,48.3257,-44.7446,3.0899,-1.2373,3.3255,0.1399,340.5863,3.328422043551569,11.982319356785649,0.0,0.0,0.0,0.0,0.0,0.0,1,04_105_106_4406_ego_105,1,4406,4406,4412,vehicle_vehicle,0.3897857090848505,1.631119280841061,1.261121522031067,12.982924586548288,15.0,3.0,3.5,0.8,0.8518036980431584,3.06649331295537
4,106,4362,116,72.1622,-26.8317,204.4088,2.0003,4.1329,-6.7975,-3.3033,0.1643,-1.9376,7.555,-0.199,0.6511,-1.8323,car,105,48.3257,-44.7446,3.0899,-1.2373,3.3255,0.1399,340.5863,3.328422043551569,11.982319356785649,23.8365,17.912899999999997,-9.8874,-2.066,10.100942270897304,29.816953544250627,0,04_105_106_4406_ego_105,1,4406,4406,4412,vehicle_vehicle,0.3897857090848505,1.631119280841061,1.261121522031067,12.982924586548288,15.0,3.0,3.5,0.8,0.8518036980431584,3.06649331295537
4,107,4362,93,37.7565,-41.1148,343.7889,2.0619,5.249,3.9415,-1.2379,-0.4541,0.0914,4.1303,0.0883,-0.4615,0.039,car,105,48.3257,-44.7446,3.0899,-1.2373,3.3255,0.1399,340.5863,3.328422043551569,11.982319356785649,-10.569199999999995,3.629799999999996,0.8515999999999999,-0.0005999999999999339,0.8516002113668126,11.175125801529031,0,04_105_106_4406_ego_105,0,4406,4406,4412,vehicle_vehicle,0.3897857090848505,1.631119280841061,1.261121522031067,12.982924586548288,15.0,3.0,3.5,0.8,0.8518036980431584,3.06649331295537
4,109,4362,52,82.1469,-22.1417,208.3958,1.9675,4.2148,-5.5774,-2.6539,-1.6185,0.2409,6.1685,0.3178,1.3092,0.9816,car,105,48.3257,-44.7446,3.0899,-1.2373,3.3255,0.1399,340.5863,3.328422043551569,11.982319356785649,33.821200000000005,22.602899999999998,-8.667300000000001,-1.4166,8.782302935449222,40.67879862840101,0,04_105_106_4406_ego_105,0,4406,4406,4412,vehicle_vehicle,0.3897857090848505,1.631119280841061,1.261121522031067,12.982924586548288,15.0,3.0,3.5,0.8,0.8518036980431584,3.06649331295537
4,103,4363,229,62.7176,-40.0143,243.4537,2.0056,4.344,-2.4824,-5.5947,2.0449,-0.547,6.1143,-0.2797,-0.4245,-2.0738,car,105,48.4466,-44.7934,3.0459,-1.2305,3.282,0.1432,340.4992,3.285062717818337,11.826225784146015,14.271,4.7791,-5.5283,-4.364199999999999,7.04331899959103,15.049958066718991,0,04_105_106_4406_ego_105,0,4406,4406,4412,vehicle_vehicle,0.3897857090848505,1.631119280841061,1.261121522031067,12.982924586548288,15.0,3.0,3.5,0.8,0.8518036980431584,3.06649331295537
4,105,4363,139,48.4466,-44.7934,340.4992,1.9366,3.862,3.0459,-1.2305,-1.0341,0.1166,3.282,0.1432,-1.0138,0.2353,car,105,48.4466,-44.7934,3.0459,-1.2305,3.282,0.1432,340.4992,3.285062717818337,11.826225784146015,0.0,0.0,0.0,0.0,0.0,0.0,1,04_105_106_4406_ego_105,1,4406,4406,4412,vehicle_vehicle,0.3897857090848505,1.631119280841061,1.261121522031067,12.982924586548288,15.0,3.0,3.5,0.8,0.8518036980431584,3.06649331295537
4,106,4363,117,71.8893,-26.965,204.9569,2.0003,4.1329,-6.7919,-3.3853,0.2528,-1.9601,7.5861,-0.2034,0.5978,-1.8838,car,105,48.4466,-44.7934,3.0459,-1.2305,3.282,0.1432,340.4992,3.285062717818337,11.826225784146015,23.44270000000001,17.8284,-9.8378,-2.1548,10.071021392093257,29.451859531275787,0,04_105_106_4406_ego_105,1,4406,4406,4412,vehicle_vehicle,0.3897857090848505,1.631119280841061,1.261121522031067,12.982924586548288,15.0,3.0,3.5,0.8,0.8518036980431584,3.06649331295537
4,107,4363,94,37.9136,-41.1645,343.7726,2.0619,5.249,3.9237,-1.2343,-0.4443,0.0882,4.1123,0.0886,-0.4513,0.0395,car,105,48.4466,-44.7934,3.0459,-1.2305,3.282,0.1432,340.4992,3.285062717818337,11.826225784146015,-10.532999999999994,3.6289000000000016,0.8778000000000001,-0.0038000000000000256,0.8778082250696904,11.140601608979646,0,04_105_106_4406_ego_105,0,4406,4406,4412,vehicle_vehicle,0.3897857090848505,1.631119280841061,1.261121522031067,12.982924586548288,15.0,3.0,3.5,0.8,0.8518036980431584,3.06649331295537
4,109,4363,53,81.92,-22.2452,207.8356,1.9675,4.2148,-5.6448,-2.6389,-1.5783,0.1694,6.2239,0.3022,1.3165,0.8868,car,105,48.4466,-44.7934,3.0459,-1.2305,3.282,0.1432,340.4992,3.285062717818337,11.826225784146015,33.473400000000005,22.548199999999998,-8.6907,-1.4084,8.804081840260231,40.3595073161207,0,04_105_106_4406_ego_105,0,4406,4406,4412,vehicle_vehicle,0.3897857090848505,1.631119280841061,1.261121522031067,12.982924586548288,15.0,3.0,3.5,0.8,0.8518036980431584,3.06649331295537
4,103,4364,230,62.6199,-40.2384,244.2441,2.0056,4.344,-2.4013,-5.6166,2.0451,-0.5434,6.102,-0.2779,-0.3993,-2.0781,car,105,48.5656,-44.8417,3.0045,-1.2249,3.2413,0.1463,340.4037,3.244595546443347,11.68054396719605,14.054299999999998,4.603300000000004,-5.4058,-4.3917,6.96489070481368,14.788972898075105,0,04_105_106_4406_ego_105,0,4406,4406,4412,vehicle_vehicle,0.3897857090848505,1.631119280841061,1.261121522031067,12.982924586548288,15.0,3.0,3.5,0.8,0.8518036980431584,3.06649331295537
4,105,4364,140,48.5656,-44.8417,340.4037,1.9366,3.862,3.0045,-1.2249,-0.9894,0.0958,3.2413,0.1463,-0.9643,0.2416,car,105,48.5656,-44.8417,3.0045,-1.2249,3.2413,0.1463,340.4037,3.244595546443347,11.68054396719605,0.0,0.0,0.0,0.0,0.0,0.0,1,04_105_106_4406_ego_105,1,4406,4406,4412,vehicle_vehicle,0.3897857090848505,1.631119280841061,1.261121522031067,12.982924586548288,15.0,3.0,3.5,0.8,0.8518036980431584,3.06649331295537
4,106,4364,118,71.6166,-27.1022,205.5172,2.0003,4.1329,-6.7823,-3.4681,0.3421,-1.9782,7.6147,-0.2081,0.5434,-1.9326,car,105,48.5656,-44.8417,3.0045,-1.2249,3.2413,0.1463,340.4037,3.244595546443347,11.68054396719605,23.051000000000002,17.739500000000003,-9.7868,-2.2432,10.04058765610858,29.086740299490423,0,04_105_106_4406_ego_105,1,4406,4406,4412,vehicle_vehicle,0.3897857090848505,1.631119280841061,1.261121522031067,12.982924586548288,15.0,3.0,3.5,0.8,0.8518036980431584,3.06649331295537
4,107,4364,95,38.0697,-41.2139,343.7568,2.0619,5.249,3.9065,-1.2308,-0.435,0.0851,4.0948,0.0889,-0.4415,0.04,car,105,48.5656,-44.8417,3.0045,-1.2249,3.2413,0.1463,340.4037,3.244595546443347,11.68054396719605,-10.495900000000006,3.6278000000000006,0.9019999999999997,-0.005899999999999794,0.9020192958024786,11.105172202627033,0,04_105_106_4406_ego_105,0,4406,4406,4412,vehicle_vehicle,0.3897857090848505,1.631119280841061,1.261121522031067,12.982924586548288,15.0,3.0,3.5,0.8,0.8518036980431584,3.06649331295537
4,109,4364,54,81.691,-22.3488,207.3073,1.9675,4.2148,-5.7098,-2.6275,-1.5358,0.0929,6.2789,0.2847,1.322,0.7872,car,105,48.5656,-44.8417,3.0045,-1.2249,3.2413,0.1463,340.4037,3.244595546443347,11.68054396719605,33.1254,22.492900000000002,-8.714300000000001,-1.4025999999999998,8.826455191638374,40.04026318057862,0,04_105_106_4406_ego_105,0,4406,4406,4412,vehicle_vehicle,0.3897857090848505,1.631119280841061,1.261121522031067,12.982924586548288,15.0,3.0,3.5,0.8,0.8518036980431584,3.06649331295537
4,103,4365,231,62.5252,-40.4635,245.0373,2.0056,4.344,-2.3201,-5.6382,2.0461,-0.5397,6.0907,-0.2761,-0.3742,-2.0827,car,105,48.6829,-44.8891,2.9658,-1.2207,3.2037,0.1498,340.304,3.207191626641601,11.545889855909765,13.842300000000002,4.425599999999996,-5.2859,-4.4175,6.888762229892973,14.532556714150473,0,04_105_106_4406_ego_105,0,4406,4406,4412,vehicle_vehicle,0.3897857090848505,1.631119280841061,1.261121522031067,12.982924586548288,15.0,3.0,3.5,0.8,0.8518036980431584,3.06649331295537
4,105,4365,141,48.6829,-44.8891,340.304,1.9366,3.862,2.9658,-1.2207,-0.9451,0.0744,3.2037,0.1498,-0.9149,0.2485,car,105,48.6829,-44.8891,2.9658,-1.2207,3.2037,0.1498,340.304,3.207191626641601,11.545889855909765,0.0,0.0,0.0,0.0,0.0,0.0,1,04_105_106_4406_ego_105,1,4406,4406,4412,vehicle_vehicle,0.3897857090848505,1.631119280841061,1.261121522031067,12.982924586548288,15.0,3.0,3.5,0.8,0.8518036980431584,3.06649331295537
4,106,4365,119,71.3443,-27.2431,206.093,2.0003,4.1329,-6.7686,-3.5514,0.4316,-1.992,7.6408,-0.2124,0.4885,-1.9788,car,105,48.6829,-44.8891,2.9658,-1.2207,3.2037,0.1498,340.304,3.207191626641601,11.545889855909765,22.661400000000008,17.646,-9.7344,-2.3307,10.009530750739518,28.721426948534443,0,04_105_106_4406_ego_105,1,4406,4406,4412,vehicle_vehicle,0.3897857090848505,1.631119280841061,1.261121522031067,12.982924586548288,15.0,3.0,3.5,0.8,0.8518036980431584,3.06649331295537
4,107,4365,96,38.2254,-41.2633,343.7406,2.0619,5.249,3.8897,-1.2273,-0.4264,0.0819,4.0778,0.0891,-0.4322,0.0408,car,105,48.6829,-44.8891,2.9658,-1.2207,3.2037,0.1498,340.304,3.207191626641601,11.545889855909765,-10.457499999999996,3.625799999999998,0.9238999999999997,-0.006600000000000161,0.9239235736791218,11.068230747956058,0,04_105_106_4406_ego_105,0,4406,4406,4412,vehicle_vehicle,0.3897857090848505,1.631119280841061,1.261121522031067,12.982924586548288,15.0,3.0,3.5,0.8,0.8518036980431584,3.06649331295537
4,109,4365,55,81.4597,-22.4517,206.8056,1.9675,4.2148,-5.7725,-2.62,-1.4918,0.0122,6.3337,0.2647,1.326,0.6837,car,105,48.6829,-44.8891,2.9658,-1.2207,3.2037,0.1498,340.304,3.207191626641601,11.545889855909765,32.7768,22.4374,-8.7383,-1.3993000000000002,8.849628657746042,39.72097099769844,0,04_105_106_4406_ego_105,0,4406,4406,4412,vehicle_vehicle,0.3897857090848505,1.631119280841061,1.261121522031067,12.982924586548288,15.0,3.0,3.5,0.8,0.8518036980431584,3.06649331295537
4,103,4366,232,62.4334,-40.6896,245.8276,2.0056,4.344,-2.2386,-5.6597,2.0475,-0.5362,6.0801,-0.2752,-0.3492,-2.0876,car,105,48.7985,-44.9358,2.9297,-1.2183,3.1692,0.1533,340.1907,3.172916163405519,11.422498188259869,13.634900000000002,4.246200000000002,-5.1683,-4.4414,6.814496228629084,14.280781226879714,0,04_105_106_4406_ego_105,0,4406,4406,4412,vehicle_vehicle,0.3897857090848505,1.631119280841061,1.261121522031067,12.982924586548288,15.0,3.0,3.5,0.8,0.8518036980431584,3.06649331295537
4,105,4366,142,48.7985,-44.9358,340.1907,1.9366,3.862,2.9297,-1.2183,-0.9021,0.053,3.1692,0.1533,-0.8667,0.2558,car,105,48.7985,-44.9358,2.9297,-1.2183,3.1692,0.1533,340.1907,3.172916163405519,11.422498188259869,0.0,0.0,0.0,0.0,0.0,0.0,1,04_105_106_4406_ego_105,1,4406,4406,4412,vehicle_vehicle,0.3897857090848505,1.631119280841061,1.261121522031067,12.982924586548288,15.0,3.0,3.5,0.8,0.8518036980431584,3.06649331295537
4,106,4366,120,71.0727,-27.3872,206.6961,2.0003,4.1329,-6.7508,-3.6351,0.5208,-2.0017,7.6643,-0.2147,0.434,-2.0223,car,105,48.7985,-44.9358,2.9297,-1.2183,3.1692,0.1533,340.1907,3.172916163405519,11.422498188259869,22.2742,17.5486,-9.6805,-2.4168000000000003,9.977625092676112,28.356539767750224,0,04_105_106_4406_ego_105,1,4406,4406,4412,vehicle_vehicle,0.3897857090848505,1.631119280841061,1.261121522031067,12.982924586548288,15.0,3.0,3.5,0.8,0.8518036980431584,3.06649331295537
4,107,4366,97,38.3811,-41.3123,343.715,2.0619,5.249,3.8732,-1.2239,-0.4183,0.0786,4.061,0.0887,-0.4236,0.0418,car,105,48.7985,-44.9358,2.9297,-1.2183,3.1692,0.1533,340.1907,3.172916163405519,11.422498188259869,-10.417399999999994,3.6235,0.9435000000000002,-0.005600000000000049,0.9435166188255512,11.02959541461063,0,04_105_106_4406_ego_105,0,4406,4406,4412,vehicle_vehicle,0.3897857090848505,1.631119280841061,1.261121522031067,12.982924586548288,15.0,3.0,3.5,0.8,0.8518036980431584,3.06649331295537
4,109,4366,56,81.2263,-22.5543,206.3462,1.9675,4.2148,-5.8328,-2.6166,-1.4469,-0.0718,6.3882,0.2437,1.3284,0.5778,car,105,48.7985,-44.9358,2.9297,-1.2183,3.1692,0.1533,340.1907,3.172916163405519,11.422498188259869,32.4278,22.3815,-8.7625,-1.3983,8.87336740702198,39.40169736305785,0,04_105_106_4406_ego_105,0,4406,4406,4412,vehicle_vehicle,0.3897857090848505,1.631119280841061,1.261121522031067,12.982924586548288,15.0,3.0,3.5,0.8,0.8518036980431584,3.06649331295537
4,103,4367,233,62.3448,-40.9169,246.6254,2.0056,4.344,-2.1568,-5.6809,2.0492,-0.5329,6.0703,-0.274,-0.3238,-2.0924,car,105,48.9126,-44.9823,2.8962,-1.2175,3.1378,0.1573,340.0693,3.141700286469096,11.310121031288746,13.432200000000002,4.065400000000004,-5.053,-4.4634,6.7420136873192416,14.033940073977803,0,04_105_106_4406_ego_105,0,4406,4406,4412,vehicle_vehicle,0.3897857090848505,1.631119280841061,1.261121522031067,12.982924586548288,15.0,3.0,3.5,0.8,0.8518036980431584,3.06649331295537
4,105,4367,143,48.9126,-44.9823,340.0693,1.9366,3.862,2.8962,-1.2175,-0.8613,0.0326,3.1378,0.1573,-0.8208,0.263,car,105,48.9126,-44.9823,2.8962,-1.2175,3.1378,0.1573,340.0693,3.141700286469096,11.310121031288746,0.0,0.0,0.0,0.0,0.0,0.0,1,04_105_106_4406_ego_105,1,4406,4406,4412,vehicle_vehicle,0.3897857090848505,1.631119280841061,1.261121522031067,12.982924586548288,15.0,3.0,3.5,0.8,0.8518036980431584,3.06649331295537
4,106,4367,121,70.8014,-27.5351,207.3281,2.0003,4.1329,-6.7288,-3.7188,0.6092,-2.0076,7.6851,-0.2147,0.3804,-2.0632,car,105,48.9126,-44.9823,2.8962,-1.2175,3.1378,0.1573,340.0693,3.141700286469096,11.310121031288746,21.888800000000003,17.447200000000002,-9.625,-2.5012999999999996,9.944703449072778,27.991505019916314,0,04_105_106_4406_ego_105,1,4406,4406,4412,vehicle_vehicle,0.3897857090848505,1.631119280841061,1.261121522031067,12.982924586548288,15.0,3.0,3.5,0.8,0.8518036980431584,3.06649331295537
4,107,4367,98,38.5358,-41.3609,343.6807,2.0619,5.249,3.8569,-1.2208,-0.4107,0.0754,4.0445,0.0879,-0.4153,0.043,car,105,48.9126,-44.9823,2.8962,-1.2175,3.1378,0.1573,340.0693,3.141700286469096,11.310121031288746,-10.376799999999996,3.6214000000000013,0.9607000000000001,-0.0033000000000000806,0.9607056677255528,10.990564871743395,0,04_105_106_4406_ego_105,0,4406,4406,4412,vehicle_vehicle,0.3897857090848505,1.631119280841061,1.261121522031067,12.982924586548288,15.0,3.0,3.5,0.8,0.8518036980431584,3.06649331295537
4,109,4367,57,80.9907,-22.6569,205.9343,1.9675,4.2148,-5.8909,-2.6174,-1.4014,-0.1583,6.4424,0.2225,1.3296,0.4705,car,105,48.9126,-44.9823,2.8962,-1.2175,3.1378,0.1573,340.0693,3.141700286469096,11.310121031288746,32.078100000000006,22.325400000000002,-8.7871,-1.3999,8.897912475406802,39.08232317519009,0,04_105_106_4406_ego_105,0,4406,4406,4412,vehicle_vehicle,0.3897857090848505,1.631119280841061,1.261121522031067,12.982924586548288,15.0,3.0,3.5,0.8,0.8518036980431584,3.06649331295537
4,103,4368,234,62.2597,-41.1451,247.4244,2.0056,4.344,-2.0747,-5.7017,2.0508,-0.53,6.0613,-0.2731,-0.2979,-2.0971,car,105,49.0255,-45.0294,2.8653,-1.2182,3.1094,0.1612,339.9351,3.113511735966319,11.208642249478748,13.234200000000001,3.884300000000003,-4.9399999999999995,-4.483499999999999,6.67123468707255,13.792455768643961,0,04_105_106_4406_ego_105,0,4406,4406,4412,vehicle_vehicle,0.3897857090848505,1.631119280841061,1.261121522031067,12.982924586548288,15.0,3.0,3.5,0.8,0.8518036980431584,3.06649331295537
4,105,4368,144,49.0255,-45.0294,339.9351,1.9366,3.862,2.8653,-1.2182,-0.8235,0.0138,3.1094,0.1612,-0.7783,0.2696,car,105,49.0255,-45.0294,2.8653,-1.2182,3.1094,0.1612,339.9351,3.113511735966319,11.208642249478748,0.0,0.0,0.0,0.0,0.0,0.0,1,04_105_106_4406_ego_105,1,4406,4406,4412,vehicle_vehicle,0.3897857090848505,1.631119280841061,1.261121522031067,12.982924586548288,15.0,3.0,3.5,0.8,0.8518036980431584,3.06649331295537
4,106,4368,122,70.5313,-27.6868,207.9857,2.0003,4.1329,-6.7027,-3.8022,0.6961,-2.01,7.7031,-0.2124,0.3285,-2.1016,car,105,49.0255,-45.0294,2.8653,-1.2182,3.1094,0.1612,339.9351,3.113511735966319,11.208642249478748,21.5058,17.3426,-9.568,-2.584,9.910786043498266,27.627254811146187,0,04_105_106_4406_ego_105,1,4406,4406,4412,vehicle_vehicle,0.3897857090848505,1.631119280841061,1.261121522031067,12.982924586548288,15.0,3.0,3.5,0.8,0.8518036980431584,3.06649331295537
4,107,4368,99,38.6897,-41.4093,343.6423,2.0619,5.249,3.8409,-1.2181,-0.4035,0.0723,4.0285,0.087,-0.4075,0.0443,car,105,49.0255,-45.0294,2.8653,-1.2182,3.1094,0.1612,339.9351,3.113511735966319,11.208642249478748,-10.335799999999999,3.6201000000000008,0.9756,9.999999999998899e-05,0.9756000051250513,10.951433040931219,0,04_105_106_4406_ego_105,0,4406,4406,4412,vehicle_vehicle,0.3897857090848505,1.631119280841061,1.261121522031067,12.982924586548288,15.0,3.0,3.5,0.8,0.8518036980431584,3.06649331295537
4,109,4368,58,80.7532,-22.7604,205.5661,1.9675,4.2148,-5.9469,-2.6222,-1.356,-0.2467,6.4963,0.2009,1.3296,0.3627,car,105,49.0255,-45.0294,2.8653,-1.2182,3.1094,0.1612,339.9351,3.113511735966319,11.208642249478748,31.727700000000006,22.269000000000002,-8.8122,-1.404,8.923344935616912,38.7628083127371,0,04_105_106_4406_ego_105,0,4406,4406,4412,vehicle_vehicle,0.3897857090848505,1.631119280841061,1.261121522031067,12.982924586548288,15.0,3.0,3.5,0.8,0.8518036980431584,3.06649331295537
4,103,4369,235,62.1782,-41.3739,248.2175,2.0056,4.344,-1.9925,-5.7222,2.0523,-0.5276,6.053,-0.2732,-0.2716,-2.1015,car,105,49.1372,-45.0765,2.8369,-1.2203,3.0837,0.1659,339.8052,3.0882250079940743,11.117610028778667,13.040999999999997,3.702600000000004,-4.8294,-4.5019,6.602288085959291,13.556434920730448,0,04_105_106_4406_ego_105,0,4406,4406,4412,vehicle_vehicle,0.3897857090848505,1.631119280841061,1.261121522031067,12.982924586548288,15.0,3.0,3.5,0.8,0.8518036980431584,3.06649331295537
4,105,4369,145,49.1372,-45.0765,339.8052,1.9366,3.862,2.8369,-1.2203,-0.7898,-0.0027,3.0837,0.1659,-0.7403,0.2751,car,105,49.1372,-45.0765,2.8369,-1.2203,3.0837,0.1659,339.8052,3.0882250079940743,11.117610028778667,0.0,0.0,0.0,0.0,0.0,0.0,1,04_105_106_4406_ego_105,1,4406,4406,4412,vehicle_vehicle,0.3897857090848505,1.631119280841061,1.261121522031067,12.982924586548288,15.0,3.0,3.5,0.8,0.8518036980431584,3.06649331295537
4,106,4369,123,70.2625,-27.8414,208.6475,2.0003,4.1329,-6.6726,-3.8854,0.781,-2.0096,7.7185,-0.2108,0.278,-2.138,car,105,49.1372,-45.0765,2.8369,-1.2203,3.0837,0.1659,339.8052,3.0882250079940743,11.117610028778667,21.125300000000003,17.235100000000003,-9.5095,-2.6651000000000002,9.875897339482625,27.264023402645474,0,04_105_106_4406_ego_105,1,4406,4406,4412,vehicle_vehicle,0.3897857090848505,1.631119280841061,1.261121522031067,12.982924586548288,15.0,3.0,3.5,0.8,0.8518036980431584,3.06649331295537
4,107,4369,100,38.8425,-41.4575,343.5995,2.0619,5.249,3.8254,-1.2155,-0.3969,0.0695,4.013,0.086,-0.4004,0.0454,car,105,49.1372,-45.0765,2.8369,-1.2203,3.0837,0.1659,339.8052,3.0882250079940743,11.117610028778667,-10.294699999999999,3.6189999999999998,0.9885000000000002,0.0047999999999999154,0.9885116539525471,10.912287069629354,0,04_105_106_4406_ego_105,0,4406,4406,4412,vehicle_vehicle,0.3897857090848505,1.631119280841061,1.261121522031067,12.982924586548288,15.0,3.0,3.5,0.8,0.8518036980431584,3.06649331295537
4,109,4369,59,80.5134,-22.8635,205.2422,1.9675,4.2148,-6.0007,-2.6314,-1.3107,-0.3361,6.5499,0.1789,1.3289,0.2549,car,105,49.1372,-45.0765,2.8369,-1.2203,3.0837,0.1659,339.8052,3.0882250079940743,11.117610028778667,31.376200000000004,22.213000000000005,-8.8376,-1.4111000000000002,8.949546187936011,38.4432477223244,0,04_105_106_4406_ego_105,0,4406,4406,4412,vehicle_vehicle,0.3897857090848505,1.631119280841061,1.261121522031067,12.982924586548288,15.0,3.0,3.5,0.8,0.8518036980431584,3.06649331295537
4,103,4370,236,62.0999,-41.6036,249.0141,2.0056,4.344,-1.9102,-5.7425,2.0536,-0.526,6.0457,-0.2731,-0.2443,-2.1057,car,105,49.2479,-45.1238,2.8106,-1.2236,3.0607,0.1698,339.6496,3.065398721210668,11.035435396358405,12.851999999999997,3.5202000000000027,-4.7208,-4.5188999999999995,6.535014143060441,13.325378495187293,0,04_105_106_4406_ego_105,0,4406,4406,4412,vehicle_vehicle,0.3897857090848505,1.631119280841061,1.261121522031067,12.982924586548288,15.0,3.0,3.5,0.8,0.8518036980431584,3.06649331295537
4,105,4370,146,49.2479,-45.1238,339.6496,1.9366,3.862,2.8106,-1.2236,-0.7609,-0.0162,3.0607,0.1698,-0.7078,0.2798,car,105,49.2479,-45.1238,2.8106,-1.2236,3.0607,0.1698,339.6496,3.065398721210668,11.035435396358405,0.0,0.0,0.0,0.0,0.0,0.0,1,04_105_106_4406_ego_105,1,4406,4406,4412,vehicle_vehicle,0.3897857090848505,1.631119280841061,1.261121522031067,12.982924586548288,15.0,3.0,3.5,0.8,0.8518036980431584,3.06649331295537
4,106,4370,124,69.9955,-27.999,209.3173,2.0003,4.1329,-6.6388,-3.9683,0.8635,-2.0065,7.7316,-0.2094,0.2295,-2.1724,car,105,49.2479,-45.1238,2.8106,-1.2236,3.0607,0.1698,339.6496,3.065398721210668,11.035435396358405,20.747600000000006,17.124800000000004,-9.4494,-2.7447,9.839946059303374,26.90207577121142,0,04_105_106_4406_ego_105,1,4406,4406,4412,vehicle_vehicle,0.3897857090848505,1.631119280841061,1.261121522031067,12.982924586548288,15.0,3.0,3.5,0.8,0.8518036980431584,3.06649331295537
4,107,4370,101,38.9949,-41.5061,343.5508,2.0619,5.249,3.8103,-1.2131,-0.391,0.067,3.9979,0.0845,-0.394,0.0465,car,105,49.2479,-45.1238,2.8106,-1.2236,3.0607,0.1698,339.6496,3.065398721210668,11.035435396358405,-10.253,3.6176999999999992,0.9996999999999998,0.010499999999999954,0.9997551400217953,10.872523271531774,0,04_105_106_4406_ego_105,0,4406,4406,4412,vehicle_vehicle,0.3897857090848505,1.631119280841061,1.261121522031067,12.982924586548288,15.0,3.0,3.5,0.8,0.8518036980431584,3.06649331295537
4,109,4370,60,80.272,-22.9666,204.967,1.9675,4.2148,-6.0526,-2.645,-1.2659,-0.4258,6.6035,0.1569,1.3274,0.1483,car,105,49.2479,-45.1238,2.8106,-1.2236,3.0607,0.1698,339.6496,3.065398721210668,11.035435396358405,31.024100000000004,22.157200000000003,-8.863199999999999,-1.4214,8.976452094229657,38.12395956154083,0,04_105_106_4406_ego_105,0,4406,4406,4412,vehicle_vehicle,0.3897857090848505,1.631119280841061,1.261121522031067,12.982924586548288,15.0,3.0,3.5,0.8,0.8518036980431584,3.06649331295537
4,103,4371,237,62.025,-41.8341,249.8255,2.0056,4.344,-1.8277,-5.7626,2.0546,-0.5253,6.0394,-0.2718,-0.2155,-2.1097,car,105,49.3578,-45.1721,2.7862,-1.2278,3.0398,0.1736,339.4875,3.0447336960726137,10.961041305861409,12.667200000000001,3.338000000000001,-4.6139,-4.5348,6.469349600230304,13.099625942751192,0,04_105_106_4406_ego_105,0,4406,4406,4412,vehicle_vehicle,0.3897857090848505,1.631119280841061,1.261121522031067,12.982924586548288,15.0,3.0,3.5,0.8,0.8518036980431584,3.06649331295537
4,105,4371,147,49.3578,-45.1721,339.4875,1.9366,3.862,2.7862,-1.2278,-0.7377,-0.0263,3.0398,0.1736,-0.6817,0.2832,car,105,49.3578,-45.1721,2.7862,-1.2278,3.0398,0.1736,339.4875,3.0447336960726137,10.961041305861409,0.0,0.0,0.0,0.0,0.0,0.0,1,04_105_106_4406_ego_105,1,4406,4406,4412,vehicle_vehicle,0.3897857090848505,1.631119280841061,1.261121522031067,12.982924586548288,15.0,3.0,3.5,0.8,0.8518036980431584,3.06649331295537
4,106,4371,125,69.7305,-28.1604,209.9789,2.0003,4.1329,-6.6016,-4.0506,0.9435,-2.0011,7.7424,-0.2099,0.1827,-2.2048,car,105,49.3578,-45.1721,2.7862,-1.2278,3.0398,0.1736,339.4875,3.0447336960726137,10.961041305861409,20.37270000000001,17.0117,-9.3878,-2.8228,9.803009164537183,26.54137980927142,0,04_105_106_4406_ego_105,1,4406,4406,4412,vehicle_vehicle,0.3897857090848505,1.631119280841061,1.261121522031067,12.982924586548288,15.0,3.0,3.5,0.8,0.8518036980431584,3.06649331295537
4,107,4371,102,39.1469,-41.5545,343.5012,2.0619,5.249,3.7955,-1.2109,-0.3859,0.0649,3.9831,0.0831,-0.3885,0.0473,car,105,49.3578,-45.1721,2.7862,-1.2278,3.0398,0.1736,339.4875,3.0447336960726137,10.961041305861409,-10.210899999999995,3.617600000000003,1.0093,0.016899999999999915,1.0094414792349282,10.832797818200058,0,04_105_106_4406_ego_105,0,4406,4406,4412,vehicle_vehicle,0.3897857090848505,1.631119280841061,1.261121522031067,12.982924586548288,15.0,3.0,3.5,0.8,0.8518036980431584,3.06649331295537
4,109,4371,61,80.029,-23.071,204.7734,1.9675,4.2148,-6.1028,-2.663,-1.2217,-0.515,6.657,0.1393,1.325,0.0443,car,105,49.3578,-45.1721,2.7862,-1.2278,3.0398,0.1736,339.4875,3.0447336960726137,10.961041305861409,30.6712,22.1011,-8.889,-1.4351999999999998,9.00411683842452,37.80451204089268,0,04_105_106_4406_ego_105,0,4406,4406,4412,vehicle_vehicle,0.3897857090848505,1.631119280841061,1.261121522031067,12.982924586548288,15.0,3.0,3.5,0.8,0.8518036980431584,3.06649331295537
4,103,4372,238,61.9536,-42.0654,250.6338,2.0056,4.344,-1.7453,-5.7825,2.0553,-0.5256,6.0341,-0.271,-0.1857,-2.1133,car,105,49.4668,-45.2202,2.7635,-1.2327,3.0207,0.1788,339.3479,3.025967868302636,10.89348432588949,12.486800000000002,3.1548000000000016,-4.5088,-4.549799999999999,6.40546309645134,12.8791667929257,0,04_105_106_4406_ego_105,0,4406,4406,4412,vehicle_vehicle,0.3897857090848505,1.631119280841061,1.261121522031067,12.982924586548288,15.0,3.0,3.5,0.8,0.8518036980431584,3.06649331295537
4,105,4372,148,49.4668,-45.2202,339.3479,1.9366,3.862,2.7635,-1.2327,-0.721,-0.0328,3.0207,0.1788,-0.6631,0.285,car,105,49.4668,-45.2202,2.7635,-1.2327,3.0207,0.1788,339.3479,3.025967868302636,10.89348432588949,0.0,0.0,0.0,0.0,0.0,0.0,1,04_105_106_4406_ego_105,1,4406,4406,4412,vehicle_vehicle,0.3897857090848505,1.631119280841061,1.261121522031067,12.982924586548288,15.0,3.0,3.5,0.8,0.8518036980431584,3.06649331295537
4,106,4372,126,69.4667,-28.3248,210.6425,2.0003,4.1329,-6.5611,-4.1324,1.0207,-1.9938,7.7512,-0.2113,0.138,-2.2357,car,105,49.4668,-45.2202,2.7635,-1.2327,3.0207,0.1788,339.3479,3.025967868302636,10.89348432588949,19.999900000000004,16.8954,-9.3246,-2.8996999999999997,9.765061456539842,26.1811103884079,0,04_105_106_4406_ego_105,1,4406,4406,4412,vehicle_vehicle,0.3897857090848505,1.631119280841061,1.261121522031067,12.982924586548288,15.0,3.0,3.5,0.8,0.8518036980431584,3.06649331295537
4,107,4372,103,39.2984,-41.6027,343.4608,2.0619,5.249,3.7809,-1.2087,-0.3816,0.0633,3.9685,0.0824,-0.3839,0.0479,car,105,49.4668,-45.2202,2.7635,-1.2327,3.0207,0.1788,339.3479,3.025967868302636,10.89348432588949,-10.168399999999998,3.6174999999999997,1.0173999999999999,0.0239999999999998,1.0176830351342208,10.792713505416511,0,04_105_106_4406_ego_105,0,4406,4406,4412,vehicle_vehicle,0.3897857090848505,1.631119280841061,1.261121522031067,12.982924586548288,15.0,3.0,3.5,0.8,0.8518036980431584,3.06649331295537
4,109,4372,62,79.7845,-23.1766,204.6427,1.9675,4.2148,-6.1514,-2.685,-1.1777,-0.6029,6.7107,0.1244,1.3219,-0.057,car,105,49.4668,-45.2202,2.7635,-1.2327,3.0207,0.1788,339.3479,3.025967868302636,10.89348432588949,30.317699999999995,22.043599999999998,-8.9149,-1.4523000000000001,9.032420345621654,37.48443989510847,0,04_105_106_4406_ego_105,0,4406,4406,4412,vehicle_vehicle,0.3897857090848505,1.631119280841061,1.261121522031067,12.982924586548288,15.0,3.0,3.5,0.8,0.8518036980431584,3.06649331295537
4,103,4373,239,61.8855,-42.2973,251.4323,2.0056,4.344,-1.6628,-5.8023,2.0557,-0.5271,6.0298,-0.2714,-0.155,-2.1165,car,105,49.5745,-45.2689,2.7424,-1.2382,3.0033,0.184,339.2062,3.0089694249028187,10.832289929650148,12.311,2.9716000000000022,-4.4052,-4.5641,6.3432480520629175,12.664561877933243,0,04_105_106_4406_ego_105,0,4406,4406,4412,vehicle_vehicle,0.3897857090848505,1.631119280841061,1.261121522031067,12.982924586548288,15.0,3.0,3.5,0.8,0.8518036980431584,3.06649331295537
4,105,4373,149,49.5745,-45.2689,339.2062,1.9366,3.862,2.7424,-1.2382,-0.7115,-0.0352,3.0033,0.184,-0.6526,0.2855,car,105,49.5745,-45.2689,2.7424,-1.2382,3.0033,0.184,339.2062,3.0089694249028187,10.832289929650148,0.0,0.0,0.0,0.0,0.0,0.0,1,04_105_106_4406_ego_105,1,4406,4406,4412,vehicle_vehicle,0.3897857090848505,1.631119280841061,1.261121522031067,12.982924586548288,15.0,3.0,3.5,0.8,0.8518036980431584,3.06649331295537
4,106,4373,127,69.2048,-28.4919,211.2941,2.0003,4.1329,-6.5174,-4.2139,1.0951,-1.9848,7.758,-0.2155,0.0952,-2.2648,car,105,49.5745,-45.2689,2.7424,-1.2382,3.0033,0.184,339.2062,3.0089694249028187,10.832289929650148,19.630300000000005,16.777,-9.2598,-2.9757,9.726185610505283,25.82278852273705,0,04_105_106_4406_ego_105,1,4406,4406,4412,vehicle_vehicle,0.3897857090848505,1.631119280841061,1.261121522031067,12.982924586548288,15.0,3.0,3.5,0.8,0.8518036980431584,3.06649331295537
4,107,4373,104,39.4491,-41.6511,343.4217,2.0619,5.249,3.7665,-1.2066,-0.3782,0.0622,3.9542,0.0818,-0.3802,0.0483,car,105,49.5745,-45.2689,2.7424,-1.2382,3.0033,0.184,339.2062,3.0089694249028187,10.832289929650148,-10.125399999999999,3.6178000000000026,1.0241000000000002,0.03160000000000007,1.0245874145235243,10.752311472423035,0,04_105_106_4406_ego_105,0,4406,4406,4412,vehicle_vehicle,0.3897857090848505,1.631119280841061,1.261121522031067,12.982924586548288,15.0,3.0,3.5,0.8,0.8518036980431584,3.06649331295537
4,109,4373,63,79.5383,-23.2836,204.5817,1.9675,4.2148,-6.1986,-2.711,-1.1339,-0.6893,6.7646,0.1133,1.3179,-0.1551,car,105,49.5745,-45.2689,2.7424,-1.2382,3.0033,0.184,339.2062,3.0089694249028187,10.832289929650148,29.963800000000006,21.985300000000002,-8.940999999999999,-1.4727999999999999,9.06149109363354,37.16426679661527,0,04_105_106_4406_ego_105,0,4406,4406,4412,vehicle_vehicle,0.3897857090848505,1.631119280841061,1.261121522031067,12.982924586548288,15.0,3.0,3.5,0.8,0.8518036980431584,3.06649331295537
4,103,4374,240,61.8206,-42.5296,252.216,2.0056,4.344,-1.5803,-5.8223,2.0559,-0.5296,6.0268,-0.2735,-0.1236,-2.1194,car,105,49.6818,-45.3175,2.7224,-1.2441,2.9872,0.19,339.0792,2.9932000551249494,10.775520198449819,12.138799999999996,2.7879000000000005,-4.3027,-4.578200000000001,6.282765516076499,12.454832469768508,0,04_105_106_4406_ego_105,0,4406,4406,4412,vehicle_vehicle,0.3897857090848505,1.631119280841061,1.261121522031067,12.982924586548288,15.0,3.0,3.5,0.8,0.8518036980431584,3.06649331295537
4,105,4374,150,49.6818,-45.3175,339.0792,1.9366,3.862,2.7224,-1.2441,-0.7101,-0.0333,2.9872,0.19,-0.6514,0.2847,car,105,49.6818,-45.3175,2.7224,-1.2441,2.9872,0.19,339.0792,2.9932000551249494,10.775520198449819,0.0,0.0,0.0,0.0,0.0,0.0,1,04_105_106_4406_ego_105,1,4406,4406,4412,vehicle_vehicle,0.3897857090848505,1.631119280841061,1.261121522031067,12.982924586548288,15.0,3.0,3.5,0.8,0.8518036980431584,3.06649331295537
4,106,4374,128,68.9449,-28.6627,211.9516,2.0003,4.1329,-6.4707,-4.2947,1.1666,-1.9741,7.7631,-0.2198,0.0549,-2.2924,car,105,49.6818,-45.3175,2.7224,-1.2441,2.9872,0.19,339.0792,2.9932000551249494,10.775520198449819,19.2631,16.6548,-9.1931,-3.0505999999999998,9.686033655217186,25.464669341069403,0,04_105_106_4406_ego_105,1,4406,4406,4412,vehicle_vehicle,0.3897857090848505,1.631119280841061,1.261121522031067,12.982924586548288,15.0,3.0,3.5,0.8,0.8518036980431584,3.06649331295537
4,107,4374,105,39.599,-41.6991,343.3892,2.0619,5.249,3.7525,-1.2047,-0.3758,0.0615,3.9403,0.0817,-0.3777,0.0485,car,105,49.6818,-45.3175,2.7224,-1.2441,2.9872,0.19,339.0792,2.9932000551249494,10.775520198449819,-10.082800000000006,3.618400000000001,1.0301,0.03939999999999988,1.0308532242758908,10.712407497850338,0,04_105_106_4406_ego_105,0,4406,4406,4412,vehicle_vehicle,0.3897857090848505,1.631119280841061,1.261121522031067,12.982924586548288,15.0,3.0,3.5,0.8,0.8518036980431584,3.06649331295537
4,109,4374,64,79.2903,-23.3914,204.5814,1.9675,4.2148,-6.2444,-2.7408,-1.0898,-0.7736,6.8186,0.1051,1.3128,-0.2501,car,105,49.6818,-45.3175,2.7224,-1.2441,2.9872,0.19,339.0792,2.9932000551249494,10.775520198449819,29.6085,21.9261,-8.9668,-1.4967000000000001,9.09085326743315,36.843142285369744,0,04_105_106_4406_ego_105,0,4406,4406,4412,vehicle_vehicle,0.3897857090848505,1.631119280841061,1.261121522031067,12.982924586548288,15.0,3.0,3.5,0.8,0.8518036980431584,3.06649331295537
4,103,4375,241,61.7589,-42.7632,253.0022,2.0056,4.344,-1.4977,-5.8423,2.0557,-0.5334,6.0249,-0.2756,-0.0909,-2.1218,car,105,49.7888,-45.3667,2.703,-1.2502,2.9717,0.1957,338.9457,2.978121730218562,10.721238228786824,11.970099999999995,2.603500000000004,-4.200699999999999,-4.5921,6.223605297574711,12.24995943911652,0,04_105_106_4406_ego_105,0,4406,4406,4412,vehicle_vehicle,0.3897857090848505,1.631119280841061,1.261121522031067,12.982924586548288,15.0,3.0,3.5,0.8,0.8518036980431584,3.06649331295537
4,105,4375,151,49.7888,-45.3667,338.9457,1.9366,3.862,2.703,-1.2502,-0.7174,-0.0267,2.9717,0.1957,-0.66,0.2827,car,105,49.7888,-45.3667,2.703,-1.2502,2.9717,0.1957,338.9457,2.978121730218562,10.721238228786824,0.0,0.0,0.0,0.0,0.0,0.0,1,04_105_106_4406_ego_105,1,4406,4406,4412,vehicle_vehicle,0.3897857090848505,1.631119280841061,1.261121522031067,12.982924586548288,15.0,3.0,3.5,0.8,0.8518036980431584,3.06649331295537
4,106,4375,129,68.6873,-28.8365,212.6318,2.0003,4.1329,-6.4212,-4.375,1.2352,-1.9622,7.7668,-0.2218,0.0179,-2.3185,car,105,49.7888,-45.3667,2.703,-1.2502,2.9717,0.1957,338.9457,2.978121730218562,10.721238228786824,18.89849999999999,16.5302,-9.1242,-3.1248,9.644449215999844,25.10778393825309,0,04_105_106_4406_ego_105,1,4406,4406,4412,vehicle_vehicle,0.3897857090848505,1.631119280841061,1.261121522031067,12.982924586548288,15.0,3.0,3.5,0.8,0.8518036980431584,3.06649331295537
4,107,4375,106,39.7485,-41.7469,343.3617,2.0619,5.249,3.7387,-1.2029,-0.3745,0.0614,3.9266,0.082,-0.3764,0.0484,car,105,49.7888,-45.3667,2.703,-1.2502,2.9717,0.1957,338.9457,2.978121730218562,10.721238228786824,-10.040300000000002,3.619800000000005,1.0357000000000003,0.0472999999999999,1.0367795233317452,10.672889774095864,0,04_105_106_4406_ego_105,0,4406,4406,4412,vehicle_vehicle,0.3897857090848505,1.631119280841061,1.261121522031067,12.982924586548288,15.0,3.0,3.5,0.8,0.8518036980431584,3.06649331295537
4,109,4375,65,79.0406,-23.5005,204.6311,1.9675,4.2148,-6.2888,-2.7745,-1.0451,-0.8553,6.8729,0.099,1.3065,-0.3419,car,105,49.7888,-45.3667,2.703,-1.2502,2.9717,0.1957,338.9457,2.978121730218562,10.721238228786824,29.251799999999996,21.866200000000003,-8.9918,-1.5243000000000002,9.120085401464177,36.52120624623453,0,04_105_106_4406_ego_105,0,4406,4406,4412,vehicle_vehicle,0.3897857090848505,1.631119280841061,1.261121522031067,12.982924586548288,15.0,3.0,3.5,0.8,0.8518036980431584,3.06649331295537
4,103,4376,242,61.6999,-42.9977,253.7709,2.0056,4.344,-1.4149,-5.8623,2.0551,-0.5384,6.0241,-0.2799,-0.0574,-2.1237,car,105,49.8958,-45.416,2.6835,-1.2564,2.9562,0.2013,338.8057,2.963058084142125,10.667009102911651,11.804099999999998,2.418299999999995,-4.0984,-4.6059,6.165322162709748,12.04927183277064,0,04_105_106_4406_ego_105,0,4406,4406,4412,vehicle_vehicle,0.3897857090848505,1.631119280841061,1.261121522031067,12.982924586548288,15.0,3.0,3.5,0.8,0.8518036980431584,3.06649331295537
4,105,4376,152,49.8958,-45.416,338.8057,1.9366,3.862,2.6835,-1.2564,-0.7339,-0.0152,2.9562,0.2013,-0.6788,0.2795,car,105,49.8958,-45.416,2.6835,-1.2564,2.9562,0.2013,338.8057,2.963058084142125,10.667009102911651,0.0,0.0,0.0,0.0,0.0,0.0,1,04_105_106_4406_ego_105,1,4406,4406,4412,vehicle_vehicle,0.3897857090848505,1.631119280841061,1.261121522031067,12.982924586548288,15.0,3.0,3.5,0.8,0.8518036980431584,3.06649331295537
4,106,4376,130,68.4318,-29.0138,213.315,2.0003,4.1329,-6.3691,-4.4544,1.301,-1.9491,7.769,-0.2242,-0.0167,-2.3433,car,105,49.8958,-45.416,2.6835,-1.2564,2.9562,0.2013,338.8057,2.963058084142125,10.667009102911651,18.535999999999994,16.402199999999997,-9.0526,-3.1979999999999995,9.600873437349334,24.75106989283493,0,04_105_106_4406_ego_105,1,4406,4406,4412,vehicle_vehicle,0.3897857090848505,1.631119280841061,1.261121522031067,12.982924586548288,15.0,3.0,3.5,0.8,0.8518036980431584,3.06649331295537
4,107,4376,107,39.8973,-41.7949,343.3288,2.0619,5.249,3.7251,-1.2011,-0.3745,0.062,3.9131,0.082,-0.3766,0.048,car,105,49.8958,-45.416,2.6835,-1.2564,2.9562,0.2013,338.8057,2.963058084142125,10.667009102911651,-9.9985,3.6210999999999984,1.0415999999999999,0.055299999999999905,1.0430669441603446,10.634019346418361,0,04_105_106_4406_ego_105,0,4406,4406,4412,vehicle_vehicle,0.3897857090848505,1.631119280841061,1.261121522031067,12.982924586548288,15.0,3.0,3.5,0.8,0.8518036980431584,3.06649331295537
4,109,4376,66,78.7891,-23.6115,204.7394,1.9675,4.2148,-6.3317,-2.8117,-0.9994,-0.9342,6.9273,0.0961,1.2987,-0.4302,car,105,49.8958,-45.416,2.6835,-1.2564,2.9562,0.2013,338.8057,2.963058084142125,10.667009102911651,28.893300000000004,21.804499999999997,-9.0152,-1.5553000000000001,9.148376311127565,36.19749998466745,0,04_105_106_4406_ego_105,0,4406,4406,4412,vehicle_vehicle,0.3897857090848505,1.631119280841061,1.261121522031067,12.982924586548288,15.0,3.0,3.5,0.8,0.8518036980431584,3.06649331295537
4,103,4377,243,61.6452,-43.2328,254.5291,2.0056,4.344,-1.3322,-5.8824,2.0539,-0.5448,6.0246,-0.2852,-0.0228,-2.1248,car,105,50.0023,-45.4655,2.6635,-1.2624,2.9403,0.206,338.6487,2.9475220117922785,10.611079242452202,11.642900000000004,2.2327000000000012,-3.9957000000000003,-4.619999999999999,6.108192735171345,11.855044061495516,0,04_105_106_4406_ego_105,0,4406,4406,4412,vehicle_vehicle,0.3897857090848505,1.631119280841061,1.261121522031067,12.982924586548288,15.0,3.0,3.5,0.8,0.8518036980431584,3.06649331295537
4,105,4377,153,50.0023,-45.4655,338.6487,1.9366,3.862,2.6635,-1.2624,-0.7596,0.0016,2.9403,0.206,-0.7081,0.2751,car,105,50.0023,-45.4655,2.6635,-1.2624,2.9403,0.206,338.6487,2.9475220117922785,10.611079242452202,0.0,0.0,0.0,0.0,0.0,0.0,1,04_105_106_4406_ego_105,1,4406,4406,4412,vehicle_vehicle,0.3897857090848505,1.631119280841061,1.261121522031067,12.982924586548288,15.0,3.0,3.5,0.8,0.8518036980431584,3.06649331295537
4,106,4377,131,68.1789,-29.1942,214.0121,2.0003,4.1329,-6.3147,-4.5331,1.3644,-1.9351,7.7701,-0.2253,-0.0485,-2.3673,car,105,50.0023,-45.4655,2.6635,-1.2624,2.9403,0.206,338.6487,2.9475220117922785,10.611079242452202,18.1766,16.2713,-8.978200000000001,-3.2707,9.555393959957906,24.395573189617824,0,04_105_106_4406_ego_105,1,4406,4406,4412,vehicle_vehicle,0.3897857090848505,1.631119280841061,1.261121522031067,12.982924586548288,15.0,3.0,3.5,0.8,0.8518036980431584,3.06649331295537
4,107,4377,108,40.0458,-41.8431,343.2973,2.0619,5.249,3.7116,-1.1992,-0.376,0.0633,3.8997,0.0819,-0.3783,0.0475,car,105,50.0023,-45.4655,2.6635,-1.2624,2.9403,0.206,338.6487,2.9475220117922785,10.611079242452202,-9.956499999999998,3.622399999999999,1.0480999999999998,0.06319999999999992,1.050003738088584,10.594983436041792,0,04_105_106_4406_ego_105,0,4406,4406,4412,vehicle_vehicle,0.3897857090848505,1.631119280841061,1.261121522031067,12.982924586548288,15.0,3.0,3.5,0.8,0.8518036980431584,3.06649331295537
4,109,4377,67,78.5357,-23.724,204.915,1.9675,4.2148,-6.3731,-2.8524,-0.9525,-1.01,6.9816,0.0979,1.2893,-0.5147,car,105,50.0023,-45.4655,2.6635,-1.2624,2.9403,0.206,338.6487,2.9475220117922785,10.611079242452202,28.533400000000007,21.7415,-9.0366,-1.5899999999999999,9.175414953014387,35.87266003253732,0,04_105_106_4406_ego_105,0,4406,4406,4412,vehicle_vehicle,0.3897857090848505,1.631119280841061,1.261121522031067,12.982924586548288,15.0,3.0,3.5,0.8,0.8518036980431584,3.06649331295537
4,103,4378,244,61.5944,-43.4691,255.2905,2.0056,4.344,-1.2498,-5.9025,2.0524,-0.5528,6.0264,-0.2899,0.0135,-2.1255,car,105,50.1086,-45.5154,2.6422,-1.268,2.9231,0.2105,338.4827,2.930707225227385,10.550546010818588,11.485799999999998,2.0463000000000022,-3.892,-4.6345,6.051962842747797,11.666659561759738,0,04_105_106_4406_ego_105,0,4406,4406,4412,vehicle_vehicle,0.3897857090848505,1.631119280841061,1.261121522031067,12.982924586548288,15.0,3.0,3.5,0.8,0.8518036980431584,3.06649331295537
4,105,4378,154,50.1086,-45.5154,338.4827,1.9366,3.862,2.6422,-1.268,-0.7946,0.0239,2.9231,0.2105,-0.7479,0.2692,car,105,50.1086,-45.5154,2.6422,-1.268,2.9231,0.2105,338.4827,2.930707225227385,10.550546010818588,0.0,0.0,0.0,0.0,0.0,0.0,1,04_105_106_4406_ego_105,1,4406,4406,4412,vehicle_vehicle,0.3897857090848505,1.631119280841061,1.261121522031067,12.982924586548288,15.0,3.0,3.5,0.8,0.8518036980431584,3.06649331295537
4,106,4378,132,67.9282,-29.378,214.7222,2.0003,4.1329,-6.2581,-4.6108,1.4256,-1.9207,7.77,-0.2251,-0.0777,-2.3907,car,105,50.1086,-45.5154,2.6422,-1.268,2.9231,0.2105,338.4827,2.930707225227385,10.550546010818588,17.8196,16.1374,-8.9003,-3.3428000000000004,9.507347260408658,24.040670184501927,0,04_105_106_4406_ego_105,1,4406,4406,4412,vehicle_vehicle,0.3897857090848505,1.631119280841061,1.261121522031067,12.982924586548288,15.0,3.0,3.5,0.8,0.8518036980431584,3.06649331295537
4,107,4378,109,40.194,-41.8912,343.2642,2.0619,5.249,3.6981,-1.1972,-0.379,0.0651,3.8862,0.0816,-0.3817,0.0468,car,105,50.1086,-45.5154,2.6422,-1.268,2.9231,0.2105,338.4827,2.930707225227385,10.550546010818588,-9.9146,3.624200000000002,1.0559000000000003,0.07079999999999997,1.0582709719159835,10.556236014792395,0,04_105_106_4406_ego_105,0,4406,4406,4412,vehicle_vehicle,0.3897857090848505,1.631119280841061,1.261121522031067,12.982924586548288,15.0,3.0,3.5,0.8,0.8518036980431584,3.06649331295537
4,109,4378,68,78.2806,-23.8385,205.1016,1.9675,4.2148,-6.4129,-2.8963,-0.904,-1.0823,7.0359,0.0978,1.2777,-0.5966,car,105,50.1086,-45.5154,2.6422,-1.268,2.9231,0.2105,338.4827,2.930707225227385,10.550546010818588,28.172000000000004,21.6769,-9.0551,-1.6283,9.200336781879237,35.546442545070526,0,04_105_106_4406_ego_105,0,4406,4406,4412,vehicle_vehicle,0.3897857090848505,1.631119280841061,1.261121522031067,12.982924586548288,15.0,3.0,3.5,0.8,0.8518036980431584,3.06649331295537
4,103,4379,245,61.5468,-43.7065,256.0285,2.0056,4.344,-1.1678,-5.9227,2.0508,-0.5626,6.0294,-0.2967,0.0508,-2.126,car,105,50.2145,-45.5655,2.6193,-1.2729,2.9042,0.2151,338.3164,2.9122168360202854,10.483980609673027,11.332299999999996,1.8590000000000018,-3.7870999999999997,-4.6498,5.996896401473015,11.483766990408675,0,04_105_106_4406_ego_105,0,4406,4406,4412,vehicle_vehicle,0.3897857090848505,1.631119280841061,1.261121522031067,12.982924586548288,15.0,3.0,3.5,0.8,0.8518036980431584,3.06649331295537
4,105,4379,155,50.2145,-45.5655,338.3164,1.9366,3.862,2.6193,-1.2729,-0.8385,0.0519,2.9042,0.2151,-0.7983,0.2616,car,105,50.2145,-45.5655,2.6193,-1.2729,2.9042,0.2151,338.3164,2.9122168360202854,10.483980609673027,0.0,0.0,0.0,0.0,0.0,0.0,1,04_105_106_4406_ego_105,1,4406,4406,4412,vehicle_vehicle,0.3897857090848505,1.631119280841061,1.261121522031067,12.982924586548288,15.0,3.0,3.5,0.8,0.8518036980431584,3.06649331295537
4,106,4379,133,67.6795,-29.5645,215.4405,2.0003,4.1329,-6.1993,-4.6878,1.4848,-1.906,7.7689,-0.2245,-0.1045,-2.4138,car,105,50.2145,-45.5655,2.6193,-1.2729,2.9042,0.2151,338.3164,2.9122168360202854,10.483980609673027,17.465000000000003,16.001,-8.8186,-3.4149000000000003,9.456703863926373,23.686667684585775,0,04_105_106_4406_ego_105,1,4406,4406,4412,vehicle_vehicle,0.3897857090848505,1.631119280841061,1.261121522031067,12.982924586548288,15.0,3.0,3.5,0.8,0.8518036980431584,3.06649331295537
4,107,4379,110,40.3421,-41.9393,343.2363,2.0619,5.249,3.6842,-1.1951,-0.3834,0.0673,3.8723,0.0817,-0.3865,0.0461,car,105,50.2145,-45.5655,2.6193,-1.2729,2.9042,0.2151,338.3164,2.9122168360202854,10.483980609673027,-9.872399999999999,3.626199999999997,1.0649000000000002,0.07779999999999987,1.0677381935661945,10.517300423587793,0,04_105_106_4406_ego_105,0,4406,4406,4412,vehicle_vehicle,0.3897857090848505,1.631119280841061,1.261121522031067,12.982924586548288,15.0,3.0,3.5,0.8,0.8518036980431584,3.06649331295537
4,109,4379,69,78.0239,-23.9548,205.301,1.9675,4.2148,-6.4509,-2.9432,-0.8537,-1.1511,7.0899,0.0961,1.2638,-0.6759,car,105,50.2145,-45.5655,2.6193,-1.2729,2.9042,0.2151,338.3164,2.9122168360202854,10.483980609673027,27.809399999999997,21.6107,-9.0702,-1.6703000000000001,9.222712731620778,35.21910110792153,0,04_105_106_4406_ego_105,0,4406,4406,4412,vehicle_vehicle,0.3897857090848505,1.631119280841061,1.261121522031067,12.982924586548288,15.0,3.0,3.5,0.8,0.8518036980431584,3.06649331295537
4,103,4380,246,61.502,-43.9447,256.7475,2.0056,4.344,-1.086,-5.9428,2.0494,-0.5745,6.0335,-0.3052,0.0894,-2.1265,car,105,50.3197,-45.6159,2.5941,-1.2769,2.883,0.2198,338.1516,2.891336787716021,10.408812435777676,11.182300000000005,1.671200000000006,-3.6801000000000004,-4.665900000000001,5.94253807896929,11.306491176753296,0,04_105_106_4406_ego_105,0,4406,4406,4412,vehicle_vehicle,0.3897857090848505,1.631119280841061,1.261121522031067,12.982924586548288,15.0,3.0,3.5,0.8,0.8518036980431584,3.06649331295537
4,105,4380,156,50.3197,-45.6159,338.1516,1.9366,3.862,2.5941,-1.2769,-0.891,0.0859,2.883,0.2198,-0.859,0.2519,car,105,50.3197,-45.6159,2.5941,-1.2769,2.883,0.2198,338.1516,2.891336787716021,10.408812435777676,0.0,0.0,0.0,0.0,0.0,0.0,1,04_105_106_4406_ego_105,1,4406,4406,4412,vehicle_vehicle,0.3897857090848505,1.631119280841061,1.261121522031067,12.982924586548288,15.0,3.0,3.5,0.8,0.8518036980431584,3.06649331295537
4,106,4380,134,67.4336,-29.7544,216.1662,2.0003,4.1329,-6.1384,-4.7638,1.5424,-1.8914,7.7668,-0.2234,-0.1291,-2.4372,car,105,50.3197,-45.6159,2.5941,-1.2769,2.883,0.2198,338.1516,2.891336787716021,10.408812435777676,17.1139,15.861500000000003,-8.7325,-3.4869,9.402926558258338,23.333939990065975,0,04_105_106_4406_ego_105,1,4406,4406,4412,vehicle_vehicle,0.3897857090848505,1.631119280841061,1.261121522031067,12.982924586548288,15.0,3.0,3.5,0.8,0.8518036980431584,3.06649331295537
4,107,4380,111,40.4891,-41.987,343.2121,2.0619,5.249,3.6701,-1.1928,-0.389,0.0701,3.8582,0.0819,-0.3926,0.0453,car,105,50.3197,-45.6159,2.5941,-1.2769,2.883,0.2198,338.1516,2.891336787716021,10.408812435777676,-9.830599999999997,3.6289000000000016,1.076,0.08409999999999984,1.0792816175586426,10.479008138655105,0,04_105_106_4406_ego_105,0,4406,4406,4412,vehicle_vehicle,0.3897857090848505,1.631119280841061,1.261121522031067,12.982924586548288,15.0,3.0,3.5,0.8,0.8518036980431584,3.06649331295537
4,109,4380,70,77.7655,-24.073,205.5139,1.9675,4.2148,-6.487,-2.9931,-0.8015,-1.2162,7.1436,0.093,1.2472,-0.7523,car,105,50.3197,-45.6159,2.5941,-1.2769,2.883,0.2198,338.1516,2.891336787716021,10.408812435777676,27.445800000000006,21.542900000000003,-9.0811,-1.7162000000000002,9.241846116983337,34.89080793059972,0,04_105_106_4406_ego_105,0,4406,4406,4412,vehicle_vehicle,0.3897857090848505,1.631119280841061,1.261121522031067,12.982924586548288,15.0,3.0,3.5,0.8,0.8518036980431584,3.06649331295537
4,103,4381,247,61.4606,-44.1835,257.4539,2.0056,4.344,-1.0045,-5.9632,2.0483,-0.5889,6.039,-0.3149,0.1299,-2.1273,car,105,50.4244,-45.6665,2.5662,-1.2797,2.8587,0.2247,337.9897,2.867579908215288,10.323287669575038,11.036200000000001,1.482999999999997,-3.5706999999999995,-4.6834999999999996,5.889403258395539,11.135393995723726,0,04_105_106_4406_ego_105,0,4406,4406,4412,vehicle_vehicle,0.3897857090848505,1.631119280841061,1.261121522031067,12.982924586548288,15.0,3.0,3.5,0.8,0.8518036980431584,3.06649331295537
4,105,4381,157,50.4244,-45.6665,337.9897,1.9366,3.862,2.5662,-1.2797,-0.9516,0.126,2.8587,0.2247,-0.9295,0.2398,car,105,50.4244,-45.6665,2.5662,-1.2797,2.8587,0.2247,337.9897,2.867579908215288,10.323287669575038,0.0,0.0,0.0,0.0,0.0,0.0,1,04_105_106_4406_ego_105,1,4406,4406,4412,vehicle_vehicle,0.3897857090848505,1.631119280841061,1.261121522031067,12.982924586548288,15.0,3.0,3.5,0.8,0.8518036980431584,3.06649331295537
4,106,4381,135,67.1896,-29.9469,216.9098,2.0003,4.1329,-6.0754,-4.839,1.5986,-1.8771,7.7639,-0.2206,-0.1509,-2.461,car,105,50.4244,-45.6665,2.5662,-1.2797,2.8587,0.2247,337.9897,2.867579908215288,10.323287669575038,16.7652,15.7196,-8.6416,-3.5593000000000004,9.345901082827702,22.982118161736093,0,04_105_106_4406_ego_105,1,4406,4406,4412,vehicle_vehicle,0.3897857090848505,1.631119280841061,1.261121522031067,12.982924586548288,15.0,3.0,3.5,0.8,0.8518036980431584,3.06649331295537
4,107,4381,112,40.6362,-42.0346,343.1845,2.0619,5.249,3.6556,-1.1905,-0.3958,0.0732,3.8437,0.082,-0.4001,0.0444,car,105,50.4244,-45.6665,2.5662,-1.2797,2.8587,0.2247,337.9897,2.867579908215288,10.323287669575038,-9.788199999999996,3.6319000000000017,1.0894000000000004,0.08920000000000017,1.0930457446969,10.440285285853061,0,04_105_106_4406_ego_105,0,4406,4406,4412,vehicle_vehicle,0.3897857090848505,1.631119280841061,1.261121522031067,12.982924586548288,15.0,3.0,3.5,0.8,0.8518036980431584,3.06649331295537
4,109,4381,71,77.5054,-24.1932,205.7428,1.9675,4.2148,-6.5211,-3.0457,-0.7474,-1.2774,7.1968,0.0889,1.228,-0.826,car,105,50.4244,-45.6665,2.5662,-1.2797,2.8587,0.2247,337.9897,2.867579908215288,10.323287669575038,27.080999999999996,21.4733,-9.087299999999999,-1.766,9.257309397983844,34.561295894251415,0,04_105_106_4406_ego_105,0,4406,4406,4412,vehicle_vehicle,0.3897857090848505,1.631119280841061,1.261121522031067,12.982924586548288,15.0,3.0,3.5,0.8,0.8518036980431584,3.06649331295537
4,103,4382,248,61.4228,-44.4224,258.1482,2.0056,4.344,-0.9232,-5.9842,2.0478,-0.6059,6.0463,-0.3255,0.1724,-2.1285,car,105,50.5285,-45.7179,2.5349,-1.2807,2.8309,0.2287,337.8147,2.8400546649668557,10.224196793880681,10.894300000000001,1.295499999999997,-3.4581,-4.7035,5.837924961833614,10.971057047522814,0,04_105_106_4406_ego_105,0,4406,4406,4412,vehicle_vehicle,0.3897857090848505,1.631119280841061,1.261121522031067,12.982924586548288,15.0,3.0,3.5,0.8,0.8518036980431584,3.06649331295537
4,105,4382,158,50.5285,-45.7179,337.8147,1.9366,3.862,2.5349,-1.2807,-1.0195,0.1723,2.8309,0.2287,-1.0091,0.2254,car,105,50.5285,-45.7179,2.5349,-1.2807,2.8309,0.2287,337.8147,2.8400546649668557,10.224196793880681,0.0,0.0,0.0,0.0,0.0,0.0,1,04_105_106_4406_ego_105,1,4406,4406,4412,vehicle_vehicle,0.3897857090848505,1.631119280841061,1.261121522031067,12.982924586548288,15.0,3.0,3.5,0.8,0.8518036980431584,3.06649331295537
4,106,4382,136,66.9481,-30.1422,217.6395,2.0003,4.1329,-6.0102,-4.9136,1.6535,-1.8632,7.76,-0.2206,-0.1715,-2.4852,car,105,50.5285,-45.7179,2.5349,-1.2807,2.8309,0.2287,337.8147,2.8400546649668557,10.224196793880681,16.419599999999996,15.575700000000001,-8.5451,-3.6329,9.28529463291284,22.63196179410879,0,04_105_106_4406_ego_105,1,4406,4406,4412,vehicle_vehicle,0.3897857090848505,1.631119280841061,1.261121522031067,12.982924586548288,15.0,3.0,3.5,0.8,0.8518036980431584,3.06649331295537
4,107,4382,113,40.7829,-42.0821,343.1598,2.0619,5.249,3.6405,-1.188,-0.4035,0.0769,3.8286,0.0824,-0.4085,0.0433,car,105,50.5285,-45.7179,2.5349,-1.2807,2.8309,0.2287,337.8147,2.8400546649668557,10.224196793880681,-9.745600000000003,3.6358000000000033,1.1056,0.0927,1.109479450012482,10.40171913675812,0,04_105_106_4406_ego_105,0,4406,4406,4412,vehicle_vehicle,0.3897857090848505,1.631119280841061,1.261121522031067,12.982924586548288,15.0,3.0,3.5,0.8,0.8518036980431584,3.06649331295537
4,109,4382,72,77.2442,-24.3159,205.9569,1.9675,4.2148,-6.5531,-3.1009,-0.6912,-1.3345,7.2493,0.0802,1.2055,-0.8973,car,105,50.5285,-45.7179,2.5349,-1.2807,2.8309,0.2287,337.8147,2.8400546649668557,10.224196793880681,26.715700000000005,21.402,-9.088,-1.8202000000000003,9.268488120508112,34.231187979531185,0,04_105_106_4406_ego_105,0,4406,4406,4412,vehicle_vehicle,0.3897857090848505,1.631119280841061,1.261121522031067,12.982924586548288,15.0,3.0,3.5,0.8,0.8518036980431584,3.06649331295537
4,103,4383,249,61.3877,-44.6618,258.8393,2.0056,4.344,-0.842,-6.0061,2.0479,-0.6253,6.0555,-0.3364,0.2171,-2.1302,car,105,50.6316,-45.7697,2.5,-1.2796,2.7989,0.2319,337.6302,2.808447286313204,10.110410230727535,10.756100000000004,1.1079000000000008,-3.342,-4.7265,5.788675690518515,10.81300742716845,0,04_105_106_4406_ego_105,0,4406,4406,4412,vehicle_vehicle,0.3897857090848505,1.631119280841061,1.261121522031067,12.982924586548288,15.0,3.0,3.5,0.8,0.8518036980431584,3.06649331295537
4,105,4383,159,50.6316,-45.7697,337.6302,1.9366,3.862,2.5,-1.2796,-1.0937,0.2246,2.7989,0.2319,-1.0968,0.2085,car,105,50.6316,-45.7697,2.5,-1.2796,2.7989,0.2319,337.6302,2.808447286313204,10.110410230727535,0.0,0.0,0.0,0.0,0.0,0.0,1,04_105_106_4406_ego_105,1,4406,4406,4412,vehicle_vehicle,0.3897857090848505,1.631119280841061,1.261121522031067,12.982924586548288,15.0,3.0,3.5,0.8,0.8518036980431584,3.06649331295537
4,106,4383,137,66.7096,-30.3408,218.3859,2.0003,4.1329,-5.943,-4.9874,1.7073,-1.85,7.7554,-0.2191,-0.1895,-2.5103,car,105,50.6316,-45.7697,2.5,-1.2796,2.7989,0.2319,337.6302,2.808447286313204,10.110410230727535,16.077999999999996,15.428899999999999,-8.443,-3.7077999999999998,9.221281355646838,22.283470089059286,0,04_105_106_4406_ego_105,1,4406,4406,4412,vehicle_vehicle,0.3897857090848505,1.631119280841061,1.261121522031067,12.982924586548288,15.0,3.0,3.5,0.8,0.8518036980431584,3.06649331295537
4,107,4383,114,40.9287,-42.1294,343.1374,2.0619,5.249,3.6249,-1.1855,-0.4118,0.0811,3.813,0.0831,-0.4177,0.0419,car,105,50.6316,-45.7697,2.5,-1.2796,2.7989,0.2319,337.6302,2.808447286313204,10.110410230727535,-9.7029,3.6403000000000034,1.1248999999999998,0.09410000000000007,1.1288289595859948,10.363303165496994,0,04_105_106_4406_ego_105,0,4406,4406,4412,vehicle_vehicle,0.3897857090848505,1.631119280841061,1.261121522031067,12.982924586548288,15.0,3.0,3.5,0.8,0.8518036980431584,3.06649331295537
4,109,4383,73,76.9818,-24.4412,206.1784,1.9675,4.2148,-6.5829,-3.1583,-0.6328,-1.3875,7.301,0.0699,1.18,-0.966,car,105,50.6316,-45.7697,2.5,-1.2796,2.7989,0.2319,337.6302,2.808447286313204,10.110410230727535,26.350200000000008,21.328500000000002,-9.0829,-1.8787,9.275159626658725,33.9004122731568,0,04_105_106_4406_ego_105,0,4406,4406,4412,vehicle_vehicle,0.3897857090848505,1.631119280841061,1.261121522031067,12.982924586548288,15.0,3.0,3.5,0.8,0.8518036980431584,3.06649331295537
4,103,4384,250,61.3555,-44.902,259.5493,2.0056,4.344,-0.7608,-6.029,2.0488,-0.6469,6.067,-0.3454,0.2646,-2.1322,car,105,50.7332,-45.8222,2.4611,-1.2759,2.7623,0.2337,337.4336,2.772171354732604,9.979816877037374,10.622300000000003,0.9202000000000012,-3.2219,-4.7531,5.742177219487396,10.662083536063674,0,04_105_106_4406_ego_105,0,4406,4406,4412,vehicle_vehicle,0.3897857090848505,1.631119280841061,1.261121522031067,12.982924586548288,15.0,3.0,3.5,0.8,0.8518036980431584,3.06649331295537
4,105,4384,160,50.7332,-45.8222,337.4336,1.9366,3.862,2.4611,-1.2759,-1.1732,0.2824,2.7623,0.2337,-1.1917,0.1895,car,105,50.7332,-45.8222,2.4611,-1.2759,2.7623,0.2337,337.4336,2.772171354732604,9.979816877037374,0.0,0.0,0.0,0.0,0.0,0.0,1,04_105_106_4406_ego_105,1,4406,4406,4412,vehicle_vehicle,0.3897857090848505,1.631119280841061,1.261121522031067,12.982924586548288,15.0,3.0,3.5,0.8,0.8518036980431584,3.06649331295537
4,106,4384,138,66.4733,-30.542,219.1386,2.0003,4.1329,-5.8737,-5.0606,1.76,-1.8375,7.75,-0.2177,-0.2053,-2.5361,car,105,50.7332,-45.8222,2.4611,-1.2759,2.7623,0.2337,337.4336,2.772171354732604,9.979816877037374,15.740099999999998,15.2802,-8.334800000000001,-3.7847,9.153843189065455,21.937075011268025,0,04_105_106_4406_ego_105,1,4406,4406,4412,vehicle_vehicle,0.3897857090848505,1.631119280841061,1.261121522031067,12.982924586548288,15.0,3.0,3.5,0.8,0.8518036980431584,3.06649331295537
4,107,4384,115,41.0732,-42.1766,343.1182,2.0619,5.249,3.6091,-1.1829,-0.4208,0.0859,3.7971,0.0839,-0.4276,0.04,car,105,50.7332,-45.8222,2.4611,-1.2759,2.7623,0.2337,337.4336,2.772171354732604,9.979816877037374,-9.659999999999997,3.6456000000000017,1.1480000000000001,0.09299999999999997,1.151760825866204,10.325018128797641,0,04_105_106_4406_ego_105,0,4406,4406,4412,vehicle_vehicle,0.3897857090848505,1.631119280841061,1.261121522031067,12.982924586548288,15.0,3.0,3.5,0.8,0.8518036980431584,3.06649331295537
4,109,4384,74,76.7182,-24.5693,206.4046,1.9675,4.2148,-6.6105,-3.2175,-0.5722,-1.4368,7.3517,0.0579,1.1514,-1.0324,car,105,50.7332,-45.8222,2.4611,-1.2759,2.7623,0.2337,337.4336,2.772171354732604,9.979816877037374,25.985,21.252900000000004,-9.0716,-1.9415999999999998,9.277054334216222,33.56942036154333,0,04_105_106_4406_ego_105,0,4406,4406,4412,vehicle_vehicle,0.3897857090848505,1.631119280841061,1.261121522031067,12.982924586548288,15.0,3.0,3.5,0.8,0.8518036980431584,3.06649331295537
4,103,4385,251,61.3262,-45.1429,260.2645,2.0056,4.344,-0.6794,-6.0531,2.0503,-0.6706,6.0808,-0.354,0.3142,-2.1342,car,105,50.8333,-45.8753,2.418,-1.2689,2.7206,0.2346,337.2386,2.730719906910996,9.830591664879586,10.492899999999999,0.7324000000000055,-3.0974000000000004,-4.7842,5.699338242287433,10.518429548654114,0,04_105_106_4406_ego_105,0,4406,4406,4412,vehicle_vehicle,0.3897857090848505,1.631119280841061,1.261121522031067,12.982924586548288,15.0,3.0,3.5,0.8,0.8518036980431584,3.06649331295537
4,105,4385,161,50.8333,-45.8753,337.2386,1.9366,3.862,2.418,-1.2689,-1.2571,0.3449,2.7206,0.2346,-1.2926,0.1683,car,105,50.8333,-45.8753,2.418,-1.2689,2.7206,0.2346,337.2386,2.730719906910996,9.830591664879586,0.0,0.0,0.0,0.0,0.0,0.0,1,04_105_106_4406_ego_105,1,4406,4406,4412,vehicle_vehicle,0.3897857090848505,1.631119280841061,1.261121522031067,12.982924586548288,15.0,3.0,3.5,0.8,0.8518036980431584,3.06649331295537
4,106,4385,139,66.2395,-30.7461,219.8899,2.0003,4.1329,-5.8022,-5.1332,1.8117,-1.8258,7.7439,-0.2176,-0.2192,-2.5628,car,105,50.8333,-45.8753,2.418,-1.2689,2.7206,0.2346,337.2386,2.730719906910996,9.830591664879586,15.406200000000005,15.129200000000004,-8.2202,-3.8643000000000005,9.08319891502988,21.592676792838823,0,04_105_106_4406_ego_105,1,4406,4406,4412,vehicle_vehicle,0.3897857090848505,1.631119280841061,1.261121522031067,12.982924586548288,15.0,3.0,3.5,0.8,0.8518036980431584,3.06649331295537
4,107,4385,116,41.2165,-42.2239,343.0981,2.0619,5.249,3.5932,-1.1801,-0.4305,0.0913,3.781,0.0845,-0.4384,0.0378,car,105,50.8333,-45.8753,2.418,-1.2689,2.7206,0.2346,337.2386,2.730719906910996,9.830591664879586,-9.616799999999998,3.6514000000000024,1.1751999999999998,0.08879999999999999,1.178550160154416,10.286669247137285,0,04_105_106_4406_ego_105,0,4406,4406,4412,vehicle_vehicle,0.3897857090848505,1.631119280841061,1.261121522031067,12.982924586548288,15.0,3.0,3.5,0.8,0.8518036980431584,3.06649331295537
4,109,4385,75,76.4532,-24.6994,206.628,1.9675,4.2148,-6.6357,-3.2786,-0.5093,-1.4823,7.4013,0.0432,1.1196,-1.0968,car,105,50.8333,-45.8753,2.418,-1.2689,2.7206,0.2346,337.2386,2.730719906910996,9.830591664879586,25.619899999999994,21.175900000000002,-9.0537,-2.0097,9.274070184120886,33.23850202430909,0,04_105_106_4406_ego_105,0,4406,4406,4412,vehicle_vehicle,0.3897857090848505,1.631119280841061,1.261121522031067,12.982924586548288,15.0,3.0,3.5,0.8,0.8518036980431584,3.06649331295537
4,103,4386,252,61.3001,-45.3848,260.9768,2.0056,4.344,-0.5976,-6.0783,2.0522,-0.6959,6.0968,-0.3631,0.3654,-2.1359,car,105,50.932,-45.9288,2.3703,-1.2582,2.6733,0.2344,337.0509,2.6835404468723776,9.660745608740559,10.368099999999998,0.544000000000004,-2.9678999999999998,-4.8201,5.660547183797693,10.382361658601571,0,04_105_106_4406_ego_105,0,4406,4406,4412,vehicle_vehicle,0.3897857090848505,1.631119280841061,1.261121522031067,12.982924586548288,15.0,3.0,3.5,0.8,0.8518036980431584,3.06649331295537
4,105,4386,162,50.932,-45.9288,337.0509,1.9366,3.862,2.3703,-1.2582,-1.3441,0.4111,2.6733,0.2344,-1.3981,0.1455,car,105,50.932,-45.9288,2.3703,-1.2582,2.6733,0.2344,337.0509,2.6835404468723776,9.660745608740559,0.0,0.0,0.0,0.0,0.0,0.0,1,04_105_106_4406_ego_105,1,4406,4406,4412,vehicle_vehicle,0.3897857090848505,1.631119280841061,1.261121522031067,12.982924586548288,15.0,3.0,3.5,0.8,0.8518036980431584,3.06649331295537
4,106,4386,140,66.0084,-30.9529,220.642,2.0003,4.1329,-5.7284,-5.2054,1.8622,-1.8151,7.7371,-0.2187,-0.2308,-2.5902,car,105,50.932,-45.9288,2.3703,-1.2582,2.6733,0.2344,337.0509,2.6835404468723776,9.660745608740559,15.076399999999992,14.975900000000003,-8.0987,-3.9472,9.009402284835547,21.250303945355697,0,04_105_106_4406_ego_105,1,4406,4406,4412,vehicle_vehicle,0.3897857090848505,1.631119280841061,1.261121522031067,12.982924586548288,15.0,3.0,3.5,0.8,0.8518036980431584,3.06649331295537
4,107,4386,117,41.3595,-42.2714,343.0729,2.0619,5.249,3.577,-1.1769,-0.4411,0.0972,3.7647,0.0845,-0.4503,0.0355,car,105,50.932,-45.9288,2.3703,-1.2582,2.6733,0.2344,337.0509,2.6835404468723776,9.660745608740559,-9.572500000000005,3.6574000000000026,1.2067,0.08129999999999993,1.2094356452494692,10.247406062511631,0,04_105_106_4406_ego_105,0,4406,4406,4412,vehicle_vehicle,0.3897857090848505,1.631119280841061,1.261121522031067,12.982924586548288,15.0,3.0,3.5,0.8,0.8518036980431584,3.06649331295537
4,109,4386,76,76.1873,-24.8321,206.8703,1.9675,4.2148,-6.6583,-3.3414,-0.4442,-1.5243,7.4496,0.0288,1.0852,-1.159,car,105,50.932,-45.9288,2.3703,-1.2582,2.6733,0.2344,337.0509,2.6835404468723776,9.660745608740559,25.25529999999999,21.096700000000002,-9.028599999999999,-2.0832,9.265815679150972,32.90746008096036,0,04_105_106_4406_ego_105,0,4406,4406,4412,vehicle_vehicle,0.3897857090848505,1.631119280841061,1.261121522031067,12.982924586548288,15.0,3.0,3.5,0.8,0.8518036980431584,3.06649331295537
4,103,4387,253,61.2775,-45.6275,261.6967,2.0056,4.344,-0.5157,-6.1051,2.0542,-0.7226,6.1155,-0.3714,0.4183,-2.137,car,105,51.0286,-45.9822,2.318,-1.2435,2.62,0.2339,336.8914,2.6304783310265076,9.469721991695428,10.248900000000006,0.3547000000000011,-2.8337000000000003,-4.8616,5.627167160303664,10.255035997011426,0,04_105_106_4406_ego_105,0,4406,4406,4412,vehicle_vehicle,0.3897857090848505,1.631119280841061,1.261121522031067,12.982924586548288,15.0,3.0,3.5,0.8,0.8518036980431584,3.06649331295537
4,105,4387,163,51.0286,-45.9822,336.8914,1.9366,3.862,2.318,-1.2435,-1.4332,0.4798,2.62,0.2339,-1.5065,0.1212,car,105,51.0286,-45.9822,2.318,-1.2435,2.62,0.2339,336.8914,2.6304783310265076,9.469721991695428,0.0,0.0,0.0,0.0,0.0,0.0,1,04_105_106_4406_ego_105,1,4406,4406,4412,vehicle_vehicle,0.3897857090848505,1.631119280841061,1.261121522031067,12.982924586548288,15.0,3.0,3.5,0.8,0.8518036980431584,3.06649331295537
4,106,4387,141,65.7802,-31.1623,221.3938,2.0003,4.1329,-5.6524,-5.2772,1.9113,-1.8052,7.7298,-0.2213,-0.2402,-2.618,car,105,51.0286,-45.9822,2.318,-1.2435,2.62,0.2339,336.8914,2.6304783310265076,9.469721991695428,14.751599999999996,14.8199,-7.9704,-4.0337,8.932973292806825,20.910263952662095,0,04_105_106_4406_ego_105,1,4406,4406,4412,vehicle_vehicle,0.3897857090848505,1.631119280841061,1.261121522031067,12.982924586548288,15.0,3.0,3.5,0.8,0.8518036980431584,3.06649331295537
4,107,4387,118,41.5019,-42.3186,343.0504,2.0619,5.249,3.5605,-1.1734,-0.4529,0.1035,3.748,0.0844,-0.4634,0.033,car,105,51.0286,-45.9822,2.318,-1.2435,2.62,0.2339,336.8914,2.6304783310265076,9.469721991695428,-9.526699999999998,3.6635999999999953,1.2425000000000002,0.07010000000000005,1.2444758977175896,10.206859352905767,0,04_105_106_4406_ego_105,0,4406,4406,4412,vehicle_vehicle,0.3897857090848505,1.631119280841061,1.261121522031067,12.982924586548288,15.0,3.0,3.5,0.8,0.8518036980431584,3.06649331295537
4,109,4387,77,75.9206,-24.9672,207.151,1.9675,4.2148,-6.6782,-3.4057,-0.3768,-1.5628,7.4965,0.0171,1.0485,-1.2187,car,105,51.0286,-45.9822,2.318,-1.2435,2.62,0.2339,336.8914,2.6304783310265076,9.469721991695428,24.891999999999996,21.015,-8.9962,-2.1622,9.252390138769549,32.57670776797434,0,04_105_106_4406_ego_105,0,4406,4406,4412,vehicle_vehicle,0.3897857090848505,1.631119280841061,1.261121522031067,12.982924586548288,15.0,3.0,3.5,0.8,0.8518036980431584,3.06649331295537
4,103,4388,254,61.2579,-45.871,262.4406,2.0056,4.344,-0.4334,-6.1333,2.0563,-0.7501,6.137,-0.3772,0.473,-2.1371,car,105,51.124,-46.0344,2.2606,-1.2249,2.5605,0.233,336.7489,2.5711266732699114,9.25605602377168,10.133899999999997,0.16339999999999577,-2.694,-4.9084,5.599109443474025,10.135217253221558,0,04_105_106_4406_ego_105,0,4406,4406,4412,vehicle_vehicle,0.3897857090848505,1.631119280841061,1.261121522031067,12.982924586548288,15.0,3.0,3.5,0.8,0.8518036980431584,3.06649331295537
4,105,4388,164,51.124,-46.0344,336.7489,1.9366,3.862,2.2606,-1.2249,-1.523,0.5496,2.5605,0.233,-1.6162,0.0963,car,105,51.124,-46.0344,2.2606,-1.2249,2.5605,0.233,336.7489,2.5711266732699114,9.25605602377168,0.0,0.0,0.0,0.0,0.0,0.0,1,04_105_106_4406_ego_105,1,4406,4406,4412,vehicle_vehicle,0.3897857090848505,1.631119280841061,1.261121522031067,12.982924586548288,15.0,3.0,3.5,0.8,0.8518036980431584,3.06649331295537
4,106,4388,142,65.5548,-31.3745,222.1459,2.0003,4.1329,-5.5741,-5.3488,1.9587,-1.796,7.722,-0.2254,-0.2471,-2.6459,car,105,51.124,-46.0344,2.2606,-1.2249,2.5605,0.233,336.7489,2.5711266732699114,9.25605602377168,14.430799999999998,14.659899999999997,-7.8347,-4.1239,8.853760517429867,20.570869127239128,0,04_105_106_4406_ego_105,1,4406,4406,4412,vehicle_vehicle,0.3897857090848505,1.631119280841061,1.261121522031067,12.982924586548288,15.0,3.0,3.5,0.8,0.8518036980431584,3.06649331295537
4,107,4388,119,41.6431,-42.3654,343.035,2.0619,5.249,3.544,-1.1696,-0.4661,0.1103,3.731,0.0847,-0.478,0.0305,car,105,51.124,-46.0344,2.2606,-1.2249,2.5605,0.233,336.7489,2.5711266732699114,9.25605602377168,-9.480900000000005,3.668999999999997,1.2833999999999999,0.05530000000000013,1.284590849259016,10.16607229022104,0,04_105_106_4406_ego_105,0,4406,4406,4412,vehicle_vehicle,0.3897857090848505,1.631119280841061,1.261121522031067,12.982924586548288,15.0,3.0,3.5,0.8,0.8518036980431584,3.06649331295537
4,109,4388,78,75.6528,-25.1047,207.4548,1.9675,4.2148,-6.6954,-3.4716,-0.3074,-1.598,7.5419,0.0063,1.0095,-1.2763,car,105,51.124,-46.0344,2.2606,-1.2249,2.5605,0.233,336.7489,2.5711266732699114,9.25605602377168,24.528799999999997,20.929699999999997,-8.956,-2.2466999999999997,9.233504041803414,32.24460220765639,0,04_105_106_4406_ego_105,0,4406,4406,4412,vehicle_vehicle,0.3897857090848505,1.631119280841061,1.261121522031067,12.982924586548288,15.0,3.0,3.5,0.8,0.8518036980431584,3.06649331295537
4,103,4389,255,61.2416,-46.1158,263.1683,2.0056,4.344,-0.3508,-6.1632,2.0581,-0.778,6.1611,-0.3848,0.5276,-2.1361,car,105,51.2176,-46.0859,2.1978,-1.2023,2.4945,0.2308,336.6068,2.5051646911929764,9.018592888294716,10.024000000000001,-0.029899999999997817,-2.5486,-4.9609,5.577265528016395,10.024044593376468,0,04_105_106_4406_ego_105,0,4406,4406,4412,vehicle_vehicle,0.3897857090848505,1.631119280841061,1.261121522031067,12.982924586548288,15.0,3.0,3.5,0.8,0.8518036980431584,3.06649331295537
4,105,4389,165,51.2176,-46.0859,336.6068,1.9366,3.862,2.1978,-1.2023,-1.6118,0.6194,2.4945,0.2308,-1.7252,0.0715,car,105,51.2176,-46.0859,2.1978,-1.2023,2.4945,0.2308,336.6068,2.5051646911929764,9.018592888294716,0.0,0.0,0.0,0.0,0.0,0.0,1,04_105_106_4406_ego_105,1,4406,4406,4412,vehicle_vehicle,0.3897857090848505,1.631119280841061,1.261121522031067,12.982924586548288,15.0,3.0,3.5,0.8,0.8518036980431584,3.06649331295537
4,106,4389,143,65.3331,-31.5894,222.8976,2.0003,4.1329,-5.4938,-5.4202,2.0041,-1.7873,7.714,-0.2311,-0.2516,-2.6735,car,105,51.2176,-46.0859,2.1978,-1.2023,2.4945,0.2308,336.6068,2.5051646911929764,9.018592888294716,14.115500000000004,14.496500000000001,-7.6916,-4.2179,8.772194193586916,20.233532872437284,0,04_105_106_4406_ego_105,1,4406,4406,4412,vehicle_vehicle,0.3897857090848505,1.631119280841061,1.261121522031067,12.982924586548288,15.0,3.0,3.5,0.8,0.8518036980431584,3.06649331295537
4,107,4389,120,41.784,-42.4121,343.0266,2.0619,5.249,3.527,-1.1656,-0.4809,0.1174,3.7137,0.0852,-0.4942,0.0281,car,105,51.2176,-46.0859,2.1978,-1.2023,2.4945,0.2308,336.6068,2.5051646911929764,9.018592888294716,-9.433599999999998,3.6738,1.3292000000000002,0.036699999999999955,1.3297065578540253,10.123715493829327,0,04_105_106_4406_ego_105,0,4406,4406,4412,vehicle_vehicle,0.3897857090848505,1.631119280841061,1.261121522031067,12.982924586548288,15.0,3.0,3.5,0.8,0.8518036980431584,3.06649331295537
4,109,4389,79,75.3844,-25.2448,207.7712,1.9675,4.2148,-6.7096,-3.5389,-0.2359,-1.6298,7.5857,-0.005,0.9681,-1.3322,car,105,51.2176,-46.0859,2.1978,-1.2023,2.4945,0.2308,336.6068,2.5051646911929764,9.018592888294716,24.166800000000002,20.8411,-8.907399999999999,-2.3366,9.208771596689756,31.9121555437736,0,04_105_106_4406_ego_105,0,4406,4406,4412,vehicle_vehicle,0.3897857090848505,1.631119280841061,1.261121522031067,12.982924586548288,15.0,3.0,3.5,0.8,0.8518036980431584,3.06649331295537
4,103,4390,256,61.2287,-46.3619,263.8867,2.0056,4.344,-0.2679,-6.1945,2.0595,-0.8059,6.1878,-0.3933,0.5819,-2.1336,car,105,51.3093,-46.1369,2.1295,-1.1755,2.4218,0.2264,336.4406,2.432400152113135,8.756640547607287,9.919400000000003,-0.22500000000000142,-2.3974,-5.019,5.562183722244349,9.921951489500444,0,04_105_106_4406_ego_105,0,4406,4406,4412,vehicle_vehicle,0.3897857090848505,1.631119280841061,1.261121522031067,12.982924586548288,15.0,3.0,3.5,0.8,0.8518036980431584,3.06649331295537
4,105,4390,166,51.3093,-46.1369,336.4406,1.9366,3.862,2.1295,-1.1755,-1.6977,0.6879,2.4218,0.2264,-1.8312,0.0481,car,105,51.3093,-46.1369,2.1295,-1.1755,2.4218,0.2264,336.4406,2.432400152113135,8.756640547607287,0.0,0.0,0.0,0.0,0.0,0.0,1,04_105_106_4406_ego_105,1,4406,4406,4412,vehicle_vehicle,0.3897857090848505,1.631119280841061,1.261121522031067,12.982924586548288,15.0,3.0,3.5,0.8,0.8518036980431584,3.06649331295537
4,106,4390,144,65.1149,-31.8078,223.6624,2.0003,4.1329,-5.4116,-5.4911,2.0476,-1.7791,7.706,-0.2362,-0.253,-2.7008,car,105,51.3093,-46.1369,2.1295,-1.1755,2.4218,0.2264,336.4406,2.432400152113135,8.756640547607287,13.805600000000005,14.329099999999997,-7.5411,-4.3156,8.688647338337539,19.897680723390856,0,04_105_106_4406_ego_105,1,4406,4406,4412,vehicle_vehicle,0.3897857090848505,1.631119280841061,1.261121522031067,12.982924586548288,15.0,3.0,3.5,0.8,0.8518036980431584,3.06649331295537
4,107,4390,121,41.9245,-42.4588,343.0133,2.0619,5.249,3.5096,-1.1612,-0.4975,0.1249,3.6957,0.0852,-0.5122,0.0259,car,105,51.3093,-46.1369,2.1295,-1.1755,2.4218,0.2264,336.4406,2.432400152113135,8.756640547607287,-9.384799999999998,3.6781000000000006,1.3800999999999997,0.01429999999999998,1.380174083222837,10.0798259235961,0,04_105_106_4406_ego_105,0,4406,4406,4412,vehicle_vehicle,0.3897857090848505,1.631119280841061,1.261121522031067,12.982924586548288,15.0,3.0,3.5,0.8,0.8518036980431584,3.06649331295537
4,109,4390,80,75.1151,-25.3878,208.1158,1.9675,4.2148,-6.7207,-3.6075,-0.1626,-1.6582,7.6277,-0.0146,0.9248,-1.3859,car,105,51.3093,-46.1369,2.1295,-1.1755,2.4218,0.2264,336.4406,2.432400152113135,8.756640547607287,23.805799999999998,20.7491,-8.850200000000001,-2.432,9.178271299106386,31.579127037491073,0,04_105_106_4406_ego_105,0,4406,4406,4412,vehicle_vehicle,0.3897857090848505,1.631119280841061,1.261121522031067,12.982924586548288,15.0,3.0,3.5,0.8,0.8518036980431584,3.06649331295537
4,103,4391,257,61.2193,-46.6092,264.5949,2.0056,4.344,-0.1848,-6.2275,2.0603,-0.8333,6.2172,-0.4026,0.6355,-2.1296,car,105,51.3984,-46.1867,2.0556,-1.1447,2.3425,0.2203,336.2601,2.3528343439349912,8.47020363816597,9.820899999999995,-0.42249999999999943,-2.2404,-5.0828,5.554660025600127,9.82998387892879,0,04_105_106_4406_ego_105,0,4406,4406,4412,vehicle_vehicle,0.3897857090848505,1.631119280841061,1.261121522031067,12.982924586548288,15.0,3.0,3.5,0.8,0.8518036980431584,3.06649331295537
4,105,4391,167,51.3984,-46.1867,336.2601,1.9366,3.862,2.0556,-1.1447,-1.7788,0.7537,2.3425,0.2203,-1.9317,0.0261,car,105,51.3984,-46.1867,2.0556,-1.1447,2.3425,0.2203,336.2601,2.3528343439349912,8.47020363816597,0.0,0.0,0.0,0.0,0.0,0.0,1,04_105_106_4406_ego_105,1,4406,4406,4412,vehicle_vehicle,0.3897857090848505,1.631119280841061,1.261121522031067,12.982924586548288,15.0,3.0,3.5,0.8,0.8518036980431584,3.06649331295537
4,106,4391,145,64.8999,-32.0289,224.4428,2.0003,4.1329,-5.3277,-5.5617,2.0891,-1.7715,7.698,-0.2404,-0.2511,-2.7275,car,105,51.3984,-46.1867,2.0556,-1.1447,2.3425,0.2203,336.2601,2.3528343439349912,8.47020363816597,13.5015,14.157800000000002,-7.3833,-4.417,8.603662469553301,19.563583595292556,0,04_105_106_4406_ego_105,1,4406,4406,4412,vehicle_vehicle,0.3897857090848505,1.631119280841061,1.261121522031067,12.982924586548288,15.0,3.0,3.5,0.8,0.8518036980431584,3.06649331295537
4,107,4391,122,42.0649,-42.5054,342.9926,2.0619,5.249,3.4913,-1.1565,-0.5157,0.1326,3.6769,0.0847,-0.532,0.024,car,105,51.3984,-46.1867,2.0556,-1.1447,2.3425,0.2203,336.2601,2.3528343439349912,8.47020363816597,-9.3335,3.6813000000000002,1.4356999999999998,-0.011800000000000033,1.4357484912058935,10.033254304561408,0,04_105_106_4406_ego_105,0,4406,4406,4412,vehicle_vehicle,0.3897857090848505,1.631119280841061,1.261121522031067,12.982924586548288,15.0,3.0,3.5,0.8,0.8518036980431584,3.06649331295537
4,109,4391,81,74.8452,-25.5337,208.4925,1.9675,4.2148,-6.7285,-3.677,-0.0879,-1.6833,7.6676,-0.0219,0.8802,-1.4375,car,105,51.3984,-46.1867,2.0556,-1.1447,2.3425,0.2203,336.2601,2.3528343439349912,8.47020363816597,23.446800000000003,20.653000000000002,-8.7841,-2.5323,9.141824549836866,31.24578114305994,0,04_105_106_4406_ego_105,0,4406,4406,4412,vehicle_vehicle,0.3897857090848505,1.631119280841061,1.261121522031067,12.982924586548288,15.0,3.0,3.5,0.8,0.8518036980431584,3.06649331295537
4,103,4392,258,61.2132,-46.858,265.3093,2.0056,4.344,-0.1016,-6.2619,2.0603,-0.8598,6.2492,-0.4108,0.6884,-2.1237,car,105,51.4843,-46.235,1.9764,-1.1101,2.2568,0.213,336.0707,2.2668213361445138,8.16055681012025,9.728900000000003,-0.6229999999999976,-2.078,-5.1518,5.555099210635215,9.748826811981022,0,04_105_106_4406_ego_105,0,4406,4406,4412,vehicle_vehicle,0.3897857090848505,1.631119280841061,1.261121522031067,12.982924586548288,15.0,3.0,3.5,0.8,0.8518036980431584,3.06649331295537
4,105,4392,168,51.4843,-46.235,336.0707,1.9366,3.862,1.9764,-1.1101,-1.8528,0.8157,2.2568,0.213,-2.0244,0.0059,car,105,51.4843,-46.235,1.9764,-1.1101,2.2568,0.213,336.0707,2.2668213361445138,8.16055681012025,0.0,0.0,0.0,0.0,0.0,0.0,1,04_105_106_4406_ego_105,1,4406,4406,4412,vehicle_vehicle,0.3897857090848505,1.631119280841061,1.261121522031067,12.982924586548288,15.0,3.0,3.5,0.8,0.8518036980431584,3.06649331295537
4,106,4392,146,64.6888,-32.2531,225.2322,2.0003,4.1329,-5.2422,-5.632,2.1286,-1.7644,7.6902,-0.2444,-0.2463,-2.7538,car,105,51.4843,-46.235,1.9764,-1.1101,2.2568,0.213,336.0707,2.2668213361445138,8.16055681012025,13.204500000000003,13.981899999999996,-7.2186,-4.5219,8.517967220528616,19.231545644071357,0,04_105_106_4406_ego_105,1,4406,4406,4412,vehicle_vehicle,0.3897857090848505,1.631119280841061,1.261121522031067,12.982924586548288,15.0,3.0,3.5,0.8,0.8518036980431584,3.06649331295537
4,107,4392,123,42.2035,-42.5513,342.9674,2.0619,5.249,3.4726,-1.1515,-0.5358,0.1406,3.6576,0.0838,-0.5535,0.0225,car,105,51.4843,-46.235,1.9764,-1.1101,2.2568,0.213,336.0707,2.2668213361445138,8.16055681012025,-9.2808,3.6837000000000018,1.4962,-0.04139999999999988,1.496772661428582,9.985133666105828,0,04_105_106_4406_ego_105,0,4406,4406,4412,vehicle_vehicle,0.3897857090848505,1.631119280841061,1.261121522031067,12.982924586548288,15.0,3.0,3.5,0.8,0.8518036980431584,3.06649331295537
4,109,4392,82,74.575,-25.6822,208.8761,1.9675,4.2148,-6.7328,-3.7476,-0.0121,-1.7052,7.7055,-0.0302,0.834,-1.4874,car,105,51.4843,-46.235,1.9764,-1.1101,2.2568,0.213,336.0707,2.2668213361445138,8.16055681012025,23.090700000000005,20.552799999999998,-8.7092,-2.6374999999999997,9.099811585412084,30.91274841113291,0,04_105_106_4406_ego_105,0,4406,4406,4412,vehicle_vehicle,0.3897857090848505,1.631119280841061,1.261121522031067,12.982924586548288,15.0,3.0,3.5,0.8,0.8518036980431584,3.06649331295537
4,103,4393,259,61.2102,-47.1088,266.0352,2.0056,4.344,-0.0181,-6.2975,2.0593,-0.8851,6.2837,-0.4174,0.7406,-2.1156,car,105,51.566,-46.2812,1.8926,-1.0719,2.1655,0.2046,335.8723,2.1750642220403518,7.830231199345267,9.644199999999998,-0.8276000000000039,-1.9107,-5.2256,5.563961704577054,9.679644383963698,0,04_105_106_4406_ego_105,0,4406,4406,4412,vehicle_vehicle,0.3897857090848505,1.631119280841061,1.261121522031067,12.982924586548288,15.0,3.0,3.5,0.8,0.8518036980431584,3.06649331295537
4,105,4393,169,51.566,-46.2812,335.8723,1.9366,3.862,1.8926,-1.0719,-1.918,0.8727,2.1655,0.2046,-2.1072,-0.0124,car,105,51.566,-46.2812,1.8926,-1.0719,2.1655,0.2046,335.8723,2.1750642220403518,7.830231199345267,0.0,0.0,0.0,0.0,0.0,0.0,1,04_105_106_4406_ego_105,1,4406,4406,4412,vehicle_vehicle,0.3897857090848505,1.631119280841061,1.261121522031067,12.982924586548288,15.0,3.0,3.5,0.8,0.8518036980431584,3.06649331295537
4,106,4393,147,64.4811,-32.4797,226.0429,2.0003,4.1329,-5.1552,-5.7019,2.1662,-1.758,7.6829,-0.2468,-0.2381,-2.7796,car,105,51.566,-46.2812,1.8926,-1.0719,2.1655,0.2046,335.8723,2.1750642220403518,7.830231199345267,12.915099999999995,13.801499999999997,-7.0478,-4.63,8.43257877757451,18.901883775433596,0,04_105_106_4406_ego_105,1,4406,4406,4412,vehicle_vehicle,0.3897857090848505,1.631119280841061,1.261121522031067,12.982924586548288,15.0,3.0,3.5,0.8,0.8518036980431584,3.06649331295537
4,107,4393,124,42.3409,-42.5969,342.9383,2.0619,5.249,3.4535,-1.1463,-0.5579,0.149,3.6378,0.0826,-0.5771,0.0212,car,105,51.566,-46.2812,1.8926,-1.0719,2.1655,0.2046,335.8723,2.1750642220403518,7.830231199345267,-9.225100000000005,3.6843000000000004,1.5609,-0.07440000000000002,1.5626721249193638,9.93360641962425,0,04_105_106_4406_ego_105,0,4406,4406,4412,vehicle_vehicle,0.3897857090848505,1.631119280841061,1.261121522031067,12.982924586548288,15.0,3.0,3.5,0.8,0.8518036980431584,3.06649331295537
4,109,4393,83,74.305,-25.8343,209.2706,1.9675,4.2148,-6.7339,-3.8186,0.0645,-1.7241,7.7412,-0.0386,0.7867,-1.5355,car,105,51.566,-46.2812,1.8926,-1.0719,2.1655,0.2046,335.8723,2.1750642220403518,7.830231199345267,22.739000000000004,20.4469,-8.6265,-2.7466999999999997,9.053223908641606,30.580023554765294,0,04_105_106_4406_ego_105,0,4406,4406,4412,vehicle_vehicle,0.3897857090848505,1.631119280841061,1.261121522031067,12.982924586548288,15.0,3.0,3.5,0.8,0.8518036980431584,3.06649331295537
4,103,4394,260,61.2103,-47.3613,266.7814,2.0056,4.344,0.0657,-6.3342,2.0571,-0.9092,6.3205,-0.4212,0.7923,-2.1049,car,105,51.6438,-46.3255,1.8048,-1.0306,2.0692,0.1949,335.6531,2.0783261053068647,7.481973979104713,9.566499999999998,-1.0358000000000018,-1.7390999999999999,-5.3036,5.5814551659939005,9.622411542331784,0,04_105_106_4406_ego_105,0,4406,4406,4412,vehicle_vehicle,0.3897857090848505,1.631119280841061,1.261121522031067,12.982924586548288,15.0,3.0,3.5,0.8,0.8518036980431584,3.06649331295537
4,105,4394,170,51.6438,-46.3255,335.6531,1.9366,3.862,1.8048,-1.0306,-1.9728,0.9237,2.0692,0.1949,-2.1782,-0.0282,car,105,51.6438,-46.3255,1.8048,-1.0306,2.0692,0.1949,335.6531,2.0783261053068647,7.481973979104713,0.0,0.0,0.0,0.0,0.0,0.0,1,04_105_106_4406_ego_105,1,4406,4406,4412,vehicle_vehicle,0.3897857090848505,1.631119280841061,1.261121522031067,12.982924586548288,15.0,3.0,3.5,0.8,0.8518036980431584,3.06649331295537
4,106,4394,148,64.2766,-32.7085,226.8615,2.0003,4.1329,-5.0668,-5.7719,2.202,-1.7521,7.6762,-0.2494,-0.2271,-2.8048,car,105,51.6438,-46.3255,1.8048,-1.0306,2.0692,0.1949,335.6531,2.0783261053068647,7.481973979104713,12.632800000000003,13.616999999999997,-6.8716,-4.7413,8.348581451360465,18.574453554277177,0,04_105_106_4406_ego_105,1,4406,4406,4412,vehicle_vehicle,0.3897857090848505,1.631119280841061,1.261121522031067,12.982924586548288,15.0,3.0,3.5,0.8,0.8518036980431584,3.06649331295537
4,107,4394,125,42.4779,-42.6426,342.906,2.0619,5.249,3.4338,-1.1408,-0.5825,0.1579,3.6174,0.0811,-0.6032,0.0203,car,105,51.6438,-46.3255,1.8048,-1.0306,2.0692,0.1949,335.6531,2.0783261053068647,7.481973979104713,-9.1659,3.6828999999999965,1.6290000000000002,-0.11020000000000008,1.632723197605767,9.878131160295453,0,04_105_106_4406_ego_105,0,4406,4406,4412,vehicle_vehicle,0.3897857090848505,1.631119280841061,1.261121522031067,12.982924586548288,15.0,3.0,3.5,0.8,0.8518036980431584,3.06649331295537
4,109,4394,84,74.0348,-25.9889,209.6915,1.9675,4.2148,-6.7316,-3.8903,0.1414,-1.7402,7.7747,-0.0451,0.7392,-1.5818,car,105,51.6438,-46.3255,1.8048,-1.0306,2.0692,0.1949,335.6531,2.0783261053068647,7.481973979104713,22.391000000000005,20.336599999999997,-8.5364,-2.8597,9.00266677435081,30.247878943158973,0,04_105_106_4406_ego_105,0,4406,4406,4412,vehicle_vehicle,0.3897857090848505,1.631119280841061,1.261121522031067,12.982924586548288,15.0,3.0,3.5,0.8,0.8518036980431584,3.06649331295537
4,103,4395,261,61.2137,-47.6151,267.5259,2.0056,4.344,0.1497,-6.372,2.0533,-0.932,6.3595,-0.4247,0.8425,-2.0917,car,105,51.717,-46.3674,1.7138,-0.9867,1.9689,0.1844,335.4174,1.9775457845521554,7.119164824387759,9.496700000000004,-1.2476999999999947,-1.5641,-5.3853,5.60783959292703,9.578312282443084,0,04_105_106_4406_ego_105,0,4406,4406,4412,vehicle_vehicle,0.3897857090848505,1.631119280841061,1.261121522031067,12.982924586548288,15.0,3.0,3.5,0.8,0.8518036980431584,3.06649331295537
4,105,4395,171,51.717,-46.3674,335.4174,1.9366,3.862,1.7138,-0.9867,-2.016,0.968,1.9689,0.1844,-2.236,-0.0416,car,105,51.717,-46.3674,1.7138,-0.9867,1.9689,0.1844,335.4174,1.9775457845521554,7.119164824387759,0.0,0.0,0.0,0.0,0.0,0.0,1,04_105_106_4406_ego_105,1,4406,4406,4412,vehicle_vehicle,0.3897857090848505,1.631119280841061,1.261121522031067,12.982924586548288,15.0,3.0,3.5,0.8,0.8518036980431584,3.06649331295537
4,106,4395,149,64.0759,-32.9402,227.6711,2.0003,4.1329,-4.9769,-5.8419,2.236,-1.7464,7.6702,-0.2544,-0.2146,-2.829,car,105,51.717,-46.3674,1.7138,-0.9867,1.9689,0.1844,335.4174,1.9775457845521554,7.119164824387759,12.358900000000006,13.427200000000006,-6.6907,-4.8552,8.266706329004315,18.249167352238302,0,04_105_106_4406_ego_105,1,4406,4406,4412,vehicle_vehicle,0.3897857090848505,1.631119280841061,1.261121522031067,12.982924586548288,15.0,3.0,3.5,0.8,0.8518036980431584,3.06649331295537
4,107,4395,126,42.613,-42.6875,342.866,2.0619,5.249,3.4138,-1.1352,-0.6101,0.1673,3.5967,0.0791,-0.6323,0.0198,car,105,51.717,-46.3674,1.7138,-0.9867,1.9689,0.1844,335.4174,1.9775457845521554,7.119164824387759,-9.104,3.6799000000000035,1.7000000000000002,-0.14849999999999997,1.706473630033585,9.819596733573126,0,04_105_106_4406_ego_105,0,4406,4406,4412,vehicle_vehicle,0.3897857090848505,1.631119280841061,1.261121522031067,12.982924586548288,15.0,3.0,3.5,0.8,0.8518036980431584,3.06649331295537
4,109,4395,85,73.7652,-26.1466,210.1228,1.9675,4.2148,-6.726,-3.9623,0.2185,-1.7538,7.8062,-0.0517,0.6912,-1.6266,car,105,51.717,-46.3674,1.7138,-0.9867,1.9689,0.1844,335.4174,1.9775457845521554,7.119164824387759,22.048199999999994,20.220800000000004,-8.4398,-2.9756,8.948989853609177,29.916615381423078,0,04_105_106_4406_ego_105,0,4406,4406,4412,vehicle_vehicle,0.3897857090848505,1.631119280841061,1.261121522031067,12.982924586548288,15.0,3.0,3.5,0.8,0.8518036980431584,3.06649331295537
4,103,4396,262,61.2205,-47.8707,268.295,2.0056,4.344,0.234,-6.4107,2.0476,-0.9533,6.4009,-0.4246,0.892,-2.0751,car,105,51.786,-46.4075,1.6202,-0.9405,1.8653,0.1736,335.1792,1.873389519026943,6.744202268496995,9.4345,-1.4632000000000005,-1.3862,-5.4702,5.64310539330961,9.547289902899147,0,04_105_106_4406_ego_105,0,4406,4406,4412,vehicle_vehicle,0.3897857090848505,1.631119280841061,1.261121522031067,12.982924586548288,15.0,3.0,3.5,0.8,0.8518036980431584,3.06649331295537
4,105,4396,172,51.786,-46.4075,335.1792,1.9366,3.862,1.6202,-0.9405,-2.0466,1.0052,1.8653,0.1736,-2.2795,-0.0532,car,105,51.786,-46.4075,1.6202,-0.9405,1.8653,0.1736,335.1792,1.873389519026943,6.744202268496995,0.0,0.0,0.0,0.0,0.0,0.0,1,04_105_106_4406_ego_105,1,4406,4406,4412,vehicle_vehicle,0.3897857090848505,1.631119280841061,1.261121522031067,12.982924586548288,15.0,3.0,3.5,0.8,0.8518036980431584,3.06649331295537
4,106,4396,150,63.8792,-33.175,228.504,2.0003,4.1329,-4.886,-5.9117,2.2684,-1.7407,7.6652,-0.2573,-0.1991,-2.8524,car,105,51.786,-46.4075,1.6202,-0.9405,1.8653,0.1736,335.1792,1.873389519026943,6.744202268496995,12.093199999999996,13.232500000000002,-6.5062,-4.9712,8.188007564725376,17.926085531704906,0,04_105_106_4406_ego_105,1,4406,4406,4412,vehicle_vehicle,0.3897857090848505,1.631119280841061,1.261121522031067,12.982924586548288,15.0,3.0,3.5,0.8,0.8518036980431584,3.06649331295537
4,107,4396,127,42.7483,-42.7324,342.8211,2.0619,5.249,3.393,-1.1294,-0.6411,0.1775,3.5752,0.0768,-0.6649,0.0197,car,105,51.786,-46.4075,1.6202,-0.9405,1.8653,0.1736,335.1792,1.873389519026943,6.744202268496995,-9.037700000000001,3.6751000000000005,1.7727999999999997,-0.18889999999999996,1.782835676667931,9.756350818825654,0,04_105_106_4406_ego_105,0,4406,4406,4412,vehicle_vehicle,0.3897857090848505,1.631119280841061,1.261121522031067,12.982924586548288,15.0,3.0,3.5,0.8,0.8518036980431584,3.06649331295537
4,109,4396,86,73.4963,-26.3073,210.5631,1.9675,4.2148,-6.7173,-4.0345,0.2957,-1.7651,7.8356,-0.0583,0.643,-1.6702,car,105,51.786,-46.4075,1.6202,-0.9405,1.8653,0.1736,335.1792,1.873389519026943,6.744202268496995,21.710300000000004,20.100199999999997,-8.3375,-3.0940000000000003,8.893072711386093,29.586401709738208,0,04_105_106_4406_ego_105,0,4406,4406,4412,vehicle_vehicle,0.3897857090848505,1.631119280841061,1.261121522031067,12.982924586548288,15.0,3.0,3.5,0.8,0.8518036980431584,3.06649331295537
4,103,4397,263,61.2305,-48.1275,269.0697,2.0056,4.344,0.3183,-6.4503,2.0397,-0.9732,6.4443,-0.423,0.94,-2.0552,car,105,51.8502,-46.4454,1.5249,-0.8924,1.7594,0.1626,334.9429,1.7668326943997836,6.3605976998392215,9.380299999999998,-1.6820999999999984,-1.2066,-5.5579,5.687366347440615,9.529925944098409,0,04_105_106_4406_ego_105,0,4406,4406,4412,vehicle_vehicle,0.3897857090848505,1.631119280841061,1.261121522031067,12.982924586548288,15.0,3.0,3.5,0.8,0.8518036980431584,3.06649331295537
4,105,4397,173,51.8502,-46.4454,334.9429,1.9366,3.862,1.5249,-0.8924,-2.0641,1.0346,1.7594,0.1626,-2.308,-0.0631,car,105,51.8502,-46.4454,1.5249,-0.8924,1.7594,0.1626,334.9429,1.7668326943997836,6.3605976998392215,0.0,0.0,0.0,0.0,0.0,0.0,1,04_105_106_4406_ego_105,1,4406,4406,4412,vehicle_vehicle,0.3897857090848505,1.631119280841061,1.261121522031067,12.982924586548288,15.0,3.0,3.5,0.8,0.8518036980431584,3.06649331295537
4,106,4397,151,63.6862,-33.4125,229.3472,2.0003,4.1329,-4.794,-5.9815,2.2993,-1.735,7.6611,-0.2597,-0.1817,-2.8748,car,105,51.8502,-46.4454,1.5249,-0.8924,1.7594,0.1626,334.9429,1.7668326943997836,6.3605976998392215,11.835999999999999,13.032899999999998,-6.318899999999999,-5.089099999999999,8.113410874595221,17.605322445499258,0,04_105_106_4406_ego_105,1,4406,4406,4412,vehicle_vehicle,0.3897857090848505,1.631119280841061,1.261121522031067,12.982924586548288,15.0,3.0,3.5,0.8,0.8518036980431584,3.06649331295537
4,107,4397,128,42.8829,-42.7766,342.7784,2.0619,5.249,3.3712,-1.1235,-0.6758,0.1888,3.5527,0.075,-0.7014,0.0197,car,105,51.8502,-46.4454,1.5249,-0.8924,1.7594,0.1626,334.9429,1.7668326943997836,6.3605976998392215,-8.967300000000002,3.6687999999999974,1.8463,-0.23109999999999997,1.8607070967779964,9.688785410462966,0,04_105_106_4406_ego_105,0,4406,4406,4412,vehicle_vehicle,0.3897857090848505,1.631119280841061,1.261121522031067,12.982924586548288,15.0,3.0,3.5,0.8,0.8518036980431584,3.06649331295537
4,109,4397,87,73.2272,-26.4698,211.031,1.9675,4.2148,-6.7053,-4.1073,0.3727,-1.7744,7.863,-0.0629,0.5953,-1.7126,car,105,51.8502,-46.4454,1.5249,-0.8924,1.7594,0.1626,334.9429,1.7668326943997836,6.3605976998392215,21.376999999999995,19.9756,-8.2302,-3.2149000000000005,8.835823337414574,29.257490055710516,0,04_105_106_4406_ego_105,0,4406,4406,4412,vehicle_vehicle,0.3897857090848505,1.631119280841061,1.261121522031067,12.982924586548288,15.0,3.0,3.5,0.8,0.8518036980431584,3.06649331295537
4,103,4398,264,61.2437,-48.3863,269.847,2.0056,4.344,0.4029,-6.4908,2.029,-0.9915,6.4897,-0.4202,0.9861,-2.0316,car,105,51.9098,-46.4807,1.4289,-0.8429,1.652,0.1523,334.7305,1.6589863230298194,5.97235076290735,9.3339,-1.9055999999999997,-1.026,-5.6479,5.74033539176937,9.526436929408602,0,04_105_106_4406_ego_105,0,4406,4406,4412,vehicle_vehicle,0.3897857090848505,1.631119280841061,1.261121522031067,12.982924586548288,15.0,3.0,3.5,0.8,0.8518036980431584,3.06649331295537
4,105,4398,174,51.9098,-46.4807,334.7305,1.9366,3.862,1.4289,-0.8429,-2.0681,1.056,1.652,0.1523,-2.321,-0.0722,car,105,51.9098,-46.4807,1.4289,-0.8429,1.652,0.1523,334.7305,1.6589863230298194,5.97235076290735,0.0,0.0,0.0,0.0,0.0,0.0,1,04_105_106_4406_ego_105,1,4406,4406,4412,vehicle_vehicle,0.3897857090848505,1.631119280841061,1.261121522031067,12.982924586548288,15.0,3.0,3.5,0.8,0.8518036980431584,3.06649331295537
4,106,4398,152,63.4966,-33.6529,230.2121,2.0003,4.1329,-4.7009,-6.0511,2.3291,-1.7291,7.6581,-0.2601,-0.1618,-2.8963,car,105,51.9098,-46.4807,1.4289,-0.8429,1.652,0.1523,334.7305,1.6589863230298194,5.97235076290735,11.586800000000004,12.827799999999996,-6.1297999999999995,-5.2082,8.043618295269859,17.28601709706432,0,04_105_106_4406_ego_105,1,4406,4406,4412,vehicle_vehicle,0.3897857090848505,1.631119280841061,1.261121522031067,12.982924586548288,15.0,3.0,3.5,0.8,0.8518036980431584,3.06649331295537
4,107,4398,129,43.0169,-42.8209,342.7408,2.0619,5.249,3.3482,-1.1173,-0.7145,0.2013,3.5289,0.0736,-0.742,0.0197,car,105,51.9098,-46.4807,1.4289,-0.8429,1.652,0.1523,334.7305,1.6589863230298194,5.97235076290735,-8.892899999999997,3.659799999999997,1.9192999999999998,-0.2744,1.9388160949404147,9.616538173896048,0,04_105_106_4406_ego_105,0,4406,4406,4412,vehicle_vehicle,0.3897857090848505,1.631119280841061,1.261121522031067,12.982924586548288,15.0,3.0,3.5,0.8,0.8518036980431584,3.06649331295537
4,109,4398,88,72.9581,-26.6349,211.5155,1.9675,4.2148,-6.6897,-4.1807,0.4494,-1.7813,7.8883,-0.0672,0.548,-1.7534,car,105,51.9098,-46.4807,1.4289,-0.8429,1.652,0.1523,334.7305,1.6589863230298194,5.97235076290735,21.048300000000005,19.8458,-8.1186,-3.3377999999999997,8.777959603461388,28.9289942882569,0,04_105_106_4406_ego_105,0,4406,4406,4412,vehicle_vehicle,0.3897857090848505,1.631119280841061,1.261121522031067,12.982924586548288,15.0,3.0,3.5,0.8,0.8518036980431584,3.06649331295537
4,103,4399,265,61.2598,-48.647,270.6295,2.0056,4.344,0.4877,-6.5319,2.015,-1.0084,6.5369,-0.4159,1.0305,-2.0038,car,105,51.965,-46.5133,1.3328,-0.7927,1.5441,0.143,334.5485,1.5507189074748524,5.5825880669094685,9.294799999999995,-2.1336999999999975,-0.8451,-5.7392,5.801087023136268,9.536560319633065,0,04_105_106_4406_ego_105,0,4406,4406,4412,vehicle_vehicle,0.3897857090848505,1.631119280841061,1.261121522031067,12.982924586548288,15.0,3.0,3.5,0.8,0.8518036980431584,3.06649331295537
4,105,4399,175,51.965,-46.5133,334.5485,1.9366,3.862,1.3328,-0.7927,-2.0587,1.0694,1.5441,0.143,-2.3185,-0.0809,car,105,51.965,-46.5133,1.3328,-0.7927,1.5441,0.143,334.5485,1.5507189074748524,5.5825880669094685,0.0,0.0,0.0,0.0,0.0,0.0,1,04_105_106_4406_ego_105,1,4406,4406,4412,vehicle_vehicle,0.3897857090848505,1.631119280841061,1.261121522031067,12.982924586548288,15.0,3.0,3.5,0.8,0.8518036980431584,3.06649331295537
4,106,4399,153,63.3107,-33.8955,231.0877,2.0003,4.1329,-4.6067,-6.1208,2.3579,-1.7228,7.6563,-0.2602,-0.1405,-2.9168,car,105,51.965,-46.5133,1.3328,-0.7927,1.5441,0.143,334.5485,1.5507189074748524,5.5825880669094685,11.345699999999994,12.617800000000003,-5.9395,-5.3281,7.979117110307381,16.968611767908413,0,04_105_106_4406_ego_105,1,4406,4406,4412,vehicle_vehicle,0.3897857090848505,1.631119280841061,1.261121522031067,12.982924586548288,15.0,3.0,3.5,0.8,0.8518036980431584,3.06649331295537
4,107,4399,130,43.1503,-42.8651,342.7066,2.0619,5.249,3.3236,-1.1108,-0.7571,0.2153,3.5035,0.0726,-0.7869,0.0195,car,105,51.965,-46.5133,1.3328,-0.7927,1.5441,0.143,334.5485,1.5507189074748524,5.5825880669094685,-8.814700000000002,3.6482000000000028,1.9908,-0.31810000000000005,2.01605363271913,9.539827007341383,0,04_105_106_4406_ego_105,0,4406,4406,4412,vehicle_vehicle,0.3897857090848505,1.631119280841061,1.261121522031067,12.982924586548288,15.0,3.0,3.5,0.8,0.8518036980431584,3.06649331295537
4,109,4399,89,72.6901,-26.8032,212.0271,1.9675,4.2148,-6.6707,-4.2545,0.5252,-1.7856,7.9117,-0.0694,0.5017,-1.7924,car,105,51.965,-46.5133,1.3328,-0.7927,1.5441,0.143,334.5485,1.5507189074748524,5.5825880669094685,20.725099999999998,19.7101,-8.0035,-3.4618,8.720095841789815,28.601010681792346,0,04_105_106_4406_ego_105,0,4406,4406,4412,vehicle_vehicle,0.3897857090848505,1.631119280841061,1.261121522031067,12.982924586548288,15.0,3.0,3.5,0.8,0.8518036980431584,3.06649331295537
4,103,4400,266,61.2793,-48.9094,271.407,2.0056,4.344,0.5725,-6.5735,1.997,-1.0238,6.5856,-0.4109,1.0726,-1.9713,car,105,52.0157,-46.5436,1.2374,-0.7422,1.4367,0.1339,334.3716,1.4429205106311296,5.194513838272067,9.263599999999997,-2.3658,-0.6649,-5.831300000000001,5.869084400483606,9.560925405001335,0,04_105_106_4406_ego_105,0,4406,4406,4412,vehicle_vehicle,0.3897857090848505,1.631119280841061,1.261121522031067,12.982924586548288,15.0,3.0,3.5,0.8,0.8518036980431584,3.06649331295537
4,105,4400,176,52.0157,-46.5436,334.3716,1.9366,3.862,1.2374,-0.7422,-2.0361,1.0749,1.4367,0.1339,-2.3007,-0.0885,car,105,52.0157,-46.5436,1.2374,-0.7422,1.4367,0.1339,334.3716,1.4429205106311296,5.194513838272067,0.0,0.0,0.0,0.0,0.0,0.0,1,04_105_106_4406_ego_105,1,4406,4406,4412,vehicle_vehicle,0.3897857090848505,1.631119280841061,1.261121522031067,12.982924586548288,15.0,3.0,3.5,0.8,0.8518036980431584,3.06649331295537
4,106,4400,154,63.1285,-34.141,231.9876,2.0003,4.1329,-4.5114,-6.1906,2.3856,-1.7158,7.6557,-0.2579,-0.1173,-2.9362,car,105,52.0157,-46.5436,1.2374,-0.7422,1.4367,0.1339,334.3716,1.4429205106311296,5.194513838272067,11.1128,12.4026,-5.7488,-5.4483999999999995,7.920464885346061,16.65289195905624,0,04_105_106_4406_ego_105,1,4406,4406,4412,vehicle_vehicle,0.3897857090848505,1.631119280841061,1.261121522031067,12.982924586548288,15.0,3.0,3.5,0.8,0.8518036980431584,3.06649331295537
4,107,4400,131,43.2834,-42.9094,342.6709,2.0619,5.249,3.2969,-1.1037,-0.8036,0.2309,3.476,0.0715,-0.8359,0.019,car,105,52.0157,-46.5436,1.2374,-0.7422,1.4367,0.1339,334.3716,1.4429205106311296,5.194513838272067,-8.732300000000002,3.6342,2.0595,-0.36149999999999993,2.090986011430971,9.458354662942178,0,04_105_106_4406_ego_105,0,4406,4406,4412,vehicle_vehicle,0.3897857090848505,1.631119280841061,1.261121522031067,12.982924586548288,15.0,3.0,3.5,0.8,0.8518036980431584,3.06649331295537
4,109,4400,90,72.423,-26.9744,212.553,1.9675,4.2148,-6.6484,-4.3287,0.5999,-1.7874,7.9331,-0.0713,0.4561,-1.8293,car,105,52.0157,-46.5436,1.2374,-0.7422,1.4367,0.1339,334.3716,1.4429205106311296,5.194513838272067,20.4073,19.5692,-7.8858,-3.5865000000000005,8.663072427839905,28.273865705453154,0,04_105_106_4406_ego_105,0,4406,4406,4412,vehicle_vehicle,0.3897857090848505,1.631119280841061,1.261121522031067,12.982924586548288,15.0,3.0,3.5,0.8,0.8518036980431584,3.06649331295537
4,103,4401,267,61.3021,-49.1735,272.2009,2.0056,4.344,0.6573,-6.6157,1.9745,-1.0381,6.636,-0.4028,1.1131,-1.9332,car,105,52.0618,-46.5719,1.1437,-0.6916,1.3307,0.1249,334.1995,1.336547885412266,4.8115723874841585,9.240300000000005,-2.6015999999999977,-0.48639999999999994,-5.9241,5.944034469112709,9.599555544398921,0,04_105_106_4406_ego_105,0,4406,4406,4412,vehicle_vehicle,0.3897857090848505,1.631119280841061,1.261121522031067,12.982924586548288,15.0,3.0,3.5,0.8,0.8518036980431584,3.06649331295537
4,105,4401,177,52.0618,-46.5719,334.1995,1.9366,3.862,1.1437,-0.6916,-2.0009,1.0728,1.3307,0.1249,-2.2684,-0.095,car,105,52.0618,-46.5719,1.1437,-0.6916,1.3307,0.1249,334.1995,1.336547885412266,4.8115723874841585,0.0,0.0,0.0,0.0,0.0,0.0,1,04_105_106_4406_ego_105,1,4406,4406,4412,vehicle_vehicle,0.3897857090848505,1.631119280841061,1.261121522031067,12.982924586548288,15.0,3.0,3.5,0.8,0.8518036980431584,3.06649331295537
4,106,4401,155,62.9504,-34.3896,232.8874,2.0003,4.1329,-4.4152,-6.2602,2.4125,-1.7079,7.6563,-0.2564,-0.0936,-2.9544,car,105,52.0618,-46.5719,1.1437,-0.6916,1.3307,0.1249,334.1995,1.336547885412266,4.8115723874841585,10.888600000000004,12.182299999999998,-5.5588999999999995,-5.5686,7.86833369716867,16.33921795099141,0,04_105_106_4406_ego_105,1,4406,4406,4412,vehicle_vehicle,0.3897857090848505,1.631119280841061,1.261121522031067,12.982924586548288,15.0,3.0,3.5,0.8,0.8518036980431584,3.06649331295537
4,107,4401,132,43.4148,-42.9532,342.6402,2.0619,5.249,3.2684,-1.096,-0.8537,0.2479,3.4465,0.0709,-0.8888,0.0181,car,105,52.0618,-46.5719,1.1437,-0.6916,1.3307,0.1249,334.1995,1.336547885412266,4.8115723874841585,-8.646999999999998,3.618699999999997,2.1247000000000003,-0.4044000000000001,2.1628429092284995,9.373665168438649,0,04_105_106_4406_ego_105,0,4406,4406,4412,vehicle_vehicle,0.3897857090848505,1.631119280841061,1.261121522031067,12.982924586548288,15.0,3.0,3.5,0.8,0.8518036980431584,3.06649331295537
4,109,4401,91,72.1571,-27.1489,213.0971,1.9675,4.2148,-6.623,-4.403,0.6732,-1.7863,7.9527,-0.072,0.4115,-1.8641,car,105,52.0618,-46.5719,1.1437,-0.6916,1.3307,0.1249,334.1995,1.336547885412266,4.8115723874841585,20.0953,19.423,-7.7667,-3.7113999999999994,8.607910248718907,27.947701356104407,0,04_105_106_4406_ego_105,0,4406,4406,4412,vehicle_vehicle,0.3897857090848505,1.631119280841061,1.261121522031067,12.982924586548288,15.0,3.0,3.5,0.8,0.8518036980431584,3.06649331295537
4,103,4402,268,61.3285,-49.4395,272.9932,2.0056,4.344,0.7418,-6.6582,1.9468,-1.0512,6.6878,-0.3932,1.1514,-1.8892,car,105,52.1037,-46.598,1.0523,-0.6414,1.2269,0.1164,334.057,1.2323673356592992,4.436522408373477,9.224799999999995,-2.8415000000000035,-0.3105,-6.0168,6.024806427595827,9.652515593874993,0,04_105_106_4406_ego_105,0,4406,4406,4412,vehicle_vehicle,0.3897857090848505,1.631119280841061,1.261121522031067,12.982924586548288,15.0,3.0,3.5,0.8,0.8518036980431584,3.06649331295537
4,105,4402,178,52.1037,-46.598,334.057,1.9366,3.862,1.0523,-0.6414,-1.9539,1.0633,1.2269,0.1164,-2.2221,-0.1014,car,105,52.1037,-46.598,1.0523,-0.6414,1.2269,0.1164,334.057,1.2323673356592992,4.436522408373477,0.0,0.0,0.0,0.0,0.0,0.0,1,04_105_106_4406_ego_105,1,4406,4406,4412,vehicle_vehicle,0.3897857090848505,1.631119280841061,1.261121522031067,12.982924586548288,15.0,3.0,3.5,0.8,0.8518036980431584,3.06649331295537
4,106,4402,156,62.7765,-34.6413,233.7892,2.0003,4.1329,-4.3183,-6.3295,2.4387,-1.699,7.658,-0.255,-0.0698,-2.9714,car,105,52.1037,-46.598,1.0523,-0.6414,1.2269,0.1164,334.057,1.2323673356592992,4.436522408373477,10.672799999999995,11.956699999999998,-5.3706,-5.6881,7.8229039346012685,16.027206079975382,0,04_105_106_4406_ego_105,1,4406,4406,4412,vehicle_vehicle,0.3897857090848505,1.631119280841061,1.261121522031067,12.982924586548288,15.0,3.0,3.5,0.8,0.8518036980431584,3.06649331295537
4,107,4402,133,43.5451,-42.9971,342.616,2.0619,5.249,3.2377,-1.0876,-0.9073,0.2665,3.4148,0.0705,-0.9455,0.0167,car,105,52.1037,-46.598,1.0523,-0.6414,1.2269,0.1164,334.057,1.2323673356592992,4.436522408373477,-8.558600000000006,3.6008999999999958,2.1853999999999996,-0.44619999999999993,2.2304859560194497,9.28526331182913,0,04_105_106_4406_ego_105,0,4406,4406,4412,vehicle_vehicle,0.3897857090848505,1.631119280841061,1.261121522031067,12.982924586548288,15.0,3.0,3.5,0.8,0.8518036980431584,3.06649331295537
4,109,4402,92,71.8925,-27.3267,213.6649,1.9675,4.2148,-6.5946,-4.4771,0.745,-1.7826,7.9704,-0.0707,0.368,-1.8966,car,105,52.1037,-46.598,1.0523,-0.6414,1.2269,0.1164,334.057,1.2323673356592992,4.436522408373477,19.788799999999995,19.2713,-7.6469,-3.8357,8.554979491500841,27.622085531871047,0,04_105_106_4406_ego_105,0,4406,4406,4412,vehicle_vehicle,0.3897857090848505,1.631119280841061,1.261121522031067,12.982924586548288,15.0,3.0,3.5,0.8,0.8518036980431584,3.06649331295537
4,103,4403,269,61.3587,-49.7072,273.7933,2.0056,4.344,0.8256,-6.7009,1.9133,-1.0635,6.7409,-0.3805,1.1878,-1.8387,car,105,52.1414,-46.6221,0.9639,-0.5919,1.126,0.1079,333.9228,1.1311272342225696,4.072058043201251,9.217300000000002,-3.085099999999997,-0.13829999999999998,-6.109,6.110565267632775,9.719900272122137,0,04_105_106_4406_ego_105,0,4406,4406,4412,vehicle_vehicle,0.3897857090848505,1.631119280841061,1.261121522031067,12.982924586548288,15.0,3.0,3.5,0.8,0.8518036980431584,3.06649331295537
4,105,4403,179,52.1414,-46.6221,333.9228,1.9366,3.862,0.9639,-0.5919,-1.8961,1.0466,1.126,0.1079,-2.1631,-0.1066,car,105,52.1414,-46.6221,0.9639,-0.5919,1.126,0.1079,333.9228,1.1311272342225696,4.072058043201251,0.0,0.0,0.0,0.0,0.0,0.0,1,04_105_106_4406_ego_105,1,4406,4406,4412,vehicle_vehicle,0.3897857090848505,1.631119280841061,1.261121522031067,12.982924586548288,15.0,3.0,3.5,0.8,0.8518036980431584,3.06649331295537
4,106,4403,157,62.6057,-34.8957,234.7127,2.0003,4.1329,-4.2203,-6.3986,2.4645,-1.6891,7.6609,-0.2515,-0.045,-2.9874,car,105,52.1414,-46.6221,0.9639,-0.5919,1.126,0.1079,333.9228,1.1311272342225696,4.072058043201251,10.464300000000001,11.726400000000005,-5.1842,-5.8067,7.784195175482177,15.716552785200708,0,04_105_106_4406_ego_105,1,4406,4406,4412,vehicle_vehicle,0.3897857090848505,1.631119280841061,1.261121522031067,12.982924586548288,15.0,3.0,3.5,0.8,0.8518036980431584,3.06649331295537
4,107,4403,134,43.6747,-43.0407,342.5922,2.0619,5.249,3.2046,-1.0783,-0.9642,0.2865,3.3804,0.0702,-1.0058,0.0151,car,105,52.1414,-46.6221,0.9639,-0.5919,1.126,0.1079,333.9228,1.1311272342225696,4.072058043201251,-8.466699999999996,3.581400000000002,2.2407000000000004,-0.48640000000000005,2.292884962225537,9.193010108228966,0,04_105_106_4406_ego_105,0,4406,4406,4412,vehicle_vehicle,0.3897857090848505,1.631119280841061,1.261121522031067,12.982924586548288,15.0,3.0,3.5,0.8,0.8518036980431584,3.06649331295537
4,109,4403,93,71.6289,-27.5075,214.2402,1.9675,4.2148,-6.5631,-4.5509,0.8153,-1.7762,7.9862,-0.0694,0.3254,-1.9271,car,105,52.1414,-46.6221,0.9639,-0.5919,1.126,0.1079,333.9228,1.1311272342225696,4.072058043201251,19.487500000000004,19.114600000000003,-7.527,-3.9590000000000005,8.504669893652546,27.297080235988616,0,04_105_106_4406_ego_105,0,4406,4406,4412,vehicle_vehicle,0.3897857090848505,1.631119280841061,1.261121522031067,12.982924586548288,15.0,3.0,3.5,0.8,0.8518036980431584,3.06649331295537
4,103,4404,270,61.3923,-49.9766,274.594,2.0056,4.344,0.9085,-6.7441,1.8737,-1.0752,6.7952,-0.3654,1.2218,-1.7815,car,105,52.1752,-46.6437,0.8791,-0.5436,1.0288,0.0997,333.8077,1.03359458686663,3.7209405127198685,9.217100000000002,-3.332899999999995,0.02939999999999998,-6.200500000000001,6.200569700438824,9.801181297170256,0,04_105_106_4406_ego_105,0,4406,4406,4412,vehicle_vehicle,0.3897857090848505,1.631119280841061,1.261121522031067,12.982924586548288,15.0,3.0,3.5,0.8,0.8518036980431584,3.06649331295537
4,105,4404,180,52.1752,-46.6437,333.8077,1.9366,3.862,0.8791,-0.5436,-1.8286,1.0232,1.0288,0.0997,-2.0925,-0.111,car,105,52.1752,-46.6437,0.8791,-0.5436,1.0288,0.0997,333.8077,1.03359458686663,3.7209405127198685,0.0,0.0,0.0,0.0,0.0,0.0,1,04_105_106_4406_ego_105,1,4406,4406,4412,vehicle_vehicle,0.3897857090848505,1.631119280841061,1.261121522031067,12.982924586548288,15.0,3.0,3.5,0.8,0.8518036980431584,3.06649331295537
4,106,4404,158,62.4389,-35.153,235.6415,2.0003,4.1329,-4.1212,-6.4672,2.4899,-1.678,7.6648,-0.2477,-0.0199,-3.0025,car,105,52.1752,-46.6437,0.8791,-0.5436,1.0288,0.0997,333.8077,1.03359458686663,3.7209405127198685,10.2637,11.490700000000004,-5.0003,-5.9236,7.751905381904503,15.407132250357304,0,04_105_106_4406_ego_105,1,4406,4406,4412,vehicle_vehicle,0.3897857090848505,1.631119280841061,1.261121522031067,12.982924586548288,15.0,3.0,3.5,0.8,0.8518036980431584,3.06649331295537
4,107,4404,135,43.8036,-43.0841,342.5672,2.0619,5.249,3.1686,-1.0679,-1.024,0.3078,3.343,0.0696,-1.0692,0.0132,car,105,52.1752,-46.6437,0.8791,-0.5436,1.0288,0.0997,333.8077,1.03359458686663,3.7209405127198685,-8.371599999999994,3.559600000000003,2.2895000000000003,-0.5243000000000001,2.348765790793114,9.096946670174555,0,04_105_106_4406_ego_105,0,4406,4406,4412,vehicle_vehicle,0.3897857090848505,1.631119280841061,1.261121522031067,12.982924586548288,15.0,3.0,3.5,0.8,0.8518036980431584,3.06649331295537
4,109,4404,94,71.3668,-27.6916,214.8276,1.9675,4.2148,-6.5287,-4.6243,0.8838,-1.7674,8.0002,-0.0674,0.2839,-1.9556,car,105,52.1752,-46.6437,0.8791,-0.5436,1.0288,0.0997,333.8077,1.03359458686663,3.7209405127198685,19.1916,18.9521,-7.4078,-4.0807,8.457399915458652,26.972200595613256,0,04_105_106_4406_ego_105,0,4406,4406,4412,vehicle_vehicle,0.3897857090848505,1.631119280841061,1.261121522031067,12.982924586548288,15.0,3.0,3.5,0.8,0.8518036980431584,3.06649331295537
4,103,4405,271,61.4297,-50.2482,275.3844,2.0056,4.344,0.9899,-6.7872,1.8277,-1.0865,6.8502,-0.3486,1.2532,-1.7177,car,105,52.2054,-46.6635,0.7985,-0.4966,0.9358,0.0915,333.7062,0.9403264379990599,3.385175176796616,9.2243,-3.584699999999998,0.19140000000000001,-6.2906,6.293511128138252,9.896352084480421,0,04_105_106_4406_ego_105,0,4406,4406,4412,vehicle_vehicle,0.3897857090848505,1.631119280841061,1.261121522031067,12.982924586548288,15.0,3.0,3.5,0.8,0.8518036980431584,3.06649331295537
4,105,4405,181,52.2054,-46.6635,333.7062,1.9366,3.862,0.7985,-0.4966,-1.753,0.9935,0.9358,0.0915,-2.0117,-0.1142,car,105,52.2054,-46.6635,0.7985,-0.4966,0.9358,0.0915,333.7062,0.9403264379990599,3.385175176796616,0.0,0.0,0.0,0.0,0.0,0.0,1,04_105_106_4406_ego_105,1,4406,4406,4412,vehicle_vehicle,0.3897857090848505,1.631119280841061,1.261121522031067,12.982924586548288,15.0,3.0,3.5,0.8,0.8518036980431584,3.06649331295537
4,106,4405,159,62.2763,-35.4129,236.5832,2.0003,4.1329,-4.0213,-6.5355,2.5148,-1.6659,7.6697,-0.2427,0.0055,-3.0165,car,105,52.2054,-46.6635,0.7985,-0.4966,0.9358,0.0915,333.7062,0.9403264379990599,3.385175176796616,10.070900000000002,11.250599999999999,-4.8198,-6.0389,7.7264988998899105,15.099636656886814,0,04_105_106_4406_ego_105,1,4406,4406,4412,vehicle_vehicle,0.3897857090848505,1.631119280841061,1.261121522031067,12.982924586548288,15.0,3.0,3.5,0.8,0.8518036980431584,3.06649331295537
4,107,4405,136,43.932,-43.1276,342.5393,2.0619,5.249,3.1292,-1.0564,-1.0859,0.33,3.302,0.0688,-1.1349,0.0111,car,105,52.2054,-46.6635,0.7985,-0.4966,0.9358,0.0915,333.7062,0.9403264379990599,3.385175176796616,-8.273399999999995,3.535899999999998,2.3307,-0.5598000000000001,2.3969853003303965,8.997318287689945,0,04_105_106_4406_ego_105,0,4406,4406,4412,vehicle_vehicle,0.3897857090848505,1.631119280841061,1.261121522031067,12.982924586548288,15.0,3.0,3.5,0.8,0.8518036980431584,3.06649331295537
4,109,4405,95,71.1063,-27.8783,215.4404,1.9675,4.2148,-6.4915,-4.6972,0.9505,-1.7564,8.0125,-0.0627,0.2441,-1.9821,car,105,52.2054,-46.6635,0.7985,-0.4966,0.9358,0.0915,333.7062,0.9403264379990599,3.385175176796616,18.900900000000007,18.7852,-7.29,-4.2006,8.41362825183048,26.648222451976046,0,04_105_106_4406_ego_105,0,4406,4406,4412,vehicle_vehicle,0.3897857090848505,1.631119280841061,1.261121522031067,12.982924586548288,15.0,3.0,3.5,0.8,0.8518036980431584,3.06649331295537
4,103,4406,272,61.4708,-50.5216,276.1525,2.0056,4.344,1.0695,-6.8304,1.7752,-1.0978,6.9057,-0.3313,1.2818,-1.6473,car,105,52.2323,-46.6807,0.7223,-0.4515,0.8477,0.0834,333.603,0.8518036980431584,3.06649331295537,9.238499999999995,-3.8408999999999978,0.34719999999999984,-6.3789,6.388341964078003,10.005118443077018,0,04_105_106_4406_ego_105,0,4406,4406,4412,vehicle_vehicle,0.3897857090848505,1.631119280841061,1.261121522031067,12.982924586548288,15.0,3.0,3.5,0.8,0.8518036980431584,3.06649331295537
4,105,4406,182,52.2323,-46.6807,333.603,1.9366,3.862,0.7223,-0.4515,-1.6705,0.9582,0.8477,0.0834,-1.9223,-0.1156,car,105,52.2323,-46.6807,0.7223,-0.4515,0.8477,0.0834,333.603,0.8518036980431584,3.06649331295537,0.0,0.0,0.0,0.0,0.0,0.0,1,04_105_106_4406_ego_105,1,4406,4406,4412,vehicle_vehicle,0.3897857090848505,1.631119280841061,1.261121522031067,12.982924586548288,15.0,3.0,3.5,0.8,0.8518036980431584,3.06649331295537
4,106,4406,160,62.118,-35.6757,237.5156,2.0003,4.1329,-3.9206,-6.6033,2.5395,-1.6526,7.6757,-0.2393,0.0302,-3.0297,car,105,52.2323,-46.6807,0.7223,-0.4515,0.8477,0.0834,333.603,0.8518036980431584,3.06649331295537,9.8857,11.005000000000003,-4.6429,-6.1518,7.707215038520724,14.79314332689304,0,04_105_106_4406_ego_105,1,4406,4406,4412,vehicle_vehicle,0.3897857090848505,1.631119280841061,1.261121522031067,12.982924586548288,15.0,3.0,3.5,0.8,0.8518036980431584,3.06649331295537
4,107,4406,137,44.0585,-43.1704,342.5136,2.0619,5.249,3.0864,-1.0436,-1.1489,0.3527,3.2574,0.0679,-1.2018,0.0088,car,105,52.2323,-46.6807,0.7223,-0.4515,0.8477,0.0834,333.603,0.8518036980431584,3.06649331295537,-8.1738,3.510300000000001,2.3640999999999996,-0.5921000000000001,2.4371194513195285,8.895685051191954,0,04_105_106_4406_ego_105,0,4406,4406,4412,vehicle_vehicle,0.3897857090848505,1.631119280841061,1.261121522031067,12.982924586548288,15.0,3.0,3.5,0.8,0.8518036980431584,3.06649331295537
4,109,4406,96,70.8474,-28.068,216.0501,1.9675,4.2148,-6.4517,-4.7694,1.0154,-1.7433,8.023,-0.0593,0.205,-2.007,car,105,52.2323,-46.6807,0.7223,-0.4515,0.8477,0.0834,333.603,0.8518036980431584,3.06649331295537,18.61509999999999,18.6127,-7.1739999999999995,-4.3179,8.373203473581661,26.32402988335942,0,04_105_106_4406_ego_105,0,4406,4406,4412,vehicle_vehicle,0.3897857090848505,1.631119280841061,1.261121522031067,12.982924586548288,15.0,3.0,3.5,0.8,0.8518036980431584,3.06649331295537
4,103,4407,273,61.5152,-50.7967,276.8825,2.0056,4.344,1.1469,-6.8737,1.7163,-1.1096,6.9616,-0.315,1.3073,-1.5709,car,105,52.2561,-46.6956,0.6509,-0.4089,0.7649,0.0756,333.5065,0.7686807009415548,2.7672505233895976,9.259099999999997,-4.101100000000002,0.496,-6.4648,6.483799429346963,10.126695118349321,0,04_105_106_4406_ego_105,0,4406,4406,4412,vehicle_vehicle,0.3897857090848505,1.631119280841061,1.261121522031067,12.982924586548288,15.0,3.0,3.5,0.8,0.8518036980431584,3.06649331295537
4,105,4407,183,52.2561,-46.6956,333.5065,1.9366,3.862,0.6509,-0.4089,-1.5827,0.918,0.7649,0.0756,-1.826,-0.1155,car,105,52.2561,-46.6956,0.6509,-0.4089,0.7649,0.0756,333.5065,0.7686807009415548,2.7672505233895976,0.0,0.0,0.0,0.0,0.0,0.0,1,04_105_106_4406_ego_105,1,4406,4406,4412,vehicle_vehicle,0.3897857090848505,1.631119280841061,1.261121522031067,12.982924586548288,15.0,3.0,3.5,0.8,0.8518036980431584,3.06649331295537
4,106,4407,161,61.9637,-35.9411,238.4262,2.0003,4.1329,-3.8191,-6.6705,2.5642,-1.6382,7.6827,-0.2389,0.0531,-3.0424,car,105,52.2561,-46.6956,0.6509,-0.4089,0.7649,0.0756,333.5065,0.7686807009415548,2.7672505233895976,9.7076,10.7545,-4.470000000000001,-6.2616,7.693408513786331,14.487814466302362,0,04_105_106_4406_ego_105,1,4406,4406,4412,vehicle_vehicle,0.3897857090848505,1.631119280841061,1.261121522031067,12.982924586548288,15.0,3.0,3.5,0.8,0.8518036980431584,3.06649331295537
4,107,4407,138,44.1833,-43.2129,342.4902,2.0619,5.249,3.0403,-1.0295,-1.2122,0.3757,3.2091,0.067,-1.269,0.0064,car,105,52.2561,-46.6956,0.6509,-0.4089,0.7649,0.0756,333.5065,0.7686807009415548,2.7672505233895976,-8.0728,3.4827000000000012,2.3893999999999997,-0.6206,2.468679144805983,8.79200199783872,0,04_105_106_4406_ego_105,0,4406,4406,4412,vehicle_vehicle,0.3897857090848505,1.631119280841061,1.261121522031067,12.982924586548288,15.0,3.0,3.5,0.8,0.8518036980431584,3.06649331295537
4,109,4407,97,70.59,-28.2608,216.6507,1.9675,4.2148,-6.4092,-4.8409,1.0784,-1.7283,8.0318,-0.058,0.1665,-2.0303,car,105,52.2561,-46.6956,0.6509,-0.4089,0.7649,0.0756,333.5065,0.7686807009415548,2.7672505233895976,18.3339,18.4348,-7.0601,-4.432,8.33592442444148,25.999494999903362,0,04_105_106_4406_ego_105,0,4406,4406,4412,vehicle_vehicle,0.3897857090848505,1.631119280841061,1.261121522031067,12.982924586548288,15.0,3.0,3.5,0.8,0.8518036980431584,3.06649331295537
4,103,4408,274,61.5627,-51.0736,277.5957,2.0056,4.344,1.2219,-6.917,1.651,-1.1223,7.0178,-0.2968,1.3307,-1.4881,car,105,52.277,-46.7088,0.5845,-0.3688,0.6878,0.0684,333.4294,0.6911249452884768,2.4880498030385163,9.285699999999999,-4.3648000000000025,0.6374,-6.5482,6.579149033119708,10.260394901269638,0,04_105_106_4406_ego_105,0,4406,4406,4412,vehicle_vehicle,0.3897857090848505,1.631119280841061,1.261121522031067,12.982924586548288,15.0,3.0,3.5,0.8,0.8518036980431584,3.06649331295537
4,105,4408,184,52.277,-46.7088,333.4294,1.9366,3.862,0.5845,-0.3688,-1.4911,0.8739,0.6878,0.0684,-1.7246,-0.1147,car,105,52.277,-46.7088,0.5845,-0.3688,0.6878,0.0684,333.4294,0.6911249452884768,2.4880498030385163,0.0,0.0,0.0,0.0,0.0,0.0,1,04_105_106_4406_ego_105,1,4406,4406,4412,vehicle_vehicle,0.3897857090848505,1.631119280841061,1.261121522031067,12.982924586548288,15.0,3.0,3.5,0.8,0.8518036980431584,3.06649331295537
4,106,4408,162,61.8131,-36.2089,239.338,2.0003,4.1329,-3.7166,-6.7373,2.589,-1.6226,7.6908,-0.2388,0.0754,-3.0545,car,105,52.277,-46.7088,0.5845,-0.3688,0.6878,0.0684,333.4294,0.6911249452884768,2.4880498030385163,9.536099999999998,10.499899999999997,-4.3011,-6.3685,7.684871726971115,14.183973463737157,0,04_105_106_4406_ego_105,1,4406,4406,4412,vehicle_vehicle,0.3897857090848505,1.631119280841061,1.261121522031067,12.982924586548288,15.0,3.0,3.5,0.8,0.8518036980431584,3.06649331295537
4,107,4408,139,44.3062,-43.2547,342.4683,2.0619,5.249,2.9907,-1.0141,-1.2748,0.3985,3.1573,0.0661,-1.3356,0.004,car,105,52.277,-46.7088,0.5845,-0.3688,0.6878,0.0684,333.4294,0.6911249452884768,2.4880498030385163,-7.970800000000004,3.454099999999997,2.4062,-0.6453,2.4912267118831237,8.687028228916954,0,04_105_106_4406_ego_105,0,4406,4406,4412,vehicle_vehicle,0.3897857090848505,1.631119280841061,1.261121522031067,12.982924586548288,15.0,3.0,3.5,0.8,0.8518036980431584,3.06649331295537
4,109,4408,98,70.3343,-28.4564,217.2655,1.9675,4.2148,-6.3641,-4.9116,1.1395,-1.7116,8.0388,-0.0553,0.1295,-2.0522,car,105,52.277,-46.7088,0.5845,-0.3688,0.6878,0.0684,333.4294,0.6911249452884768,2.4880498030385163,18.057299999999998,18.252399999999998,-6.9486,-4.5428,8.301811477021145,25.675205725563327,0,04_105_106_4406_ego_105,0,4406,4406,4412,vehicle_vehicle,0.3897857090848505,1.631119280841061,1.261121522031067,12.982924586548288,15.0,3.0,3.5,0.8,0.8518036980431584,3.06649331295537
4,103,4409,275,61.6139,-51.3521,278.2989,2.0056,4.344,1.2938,-6.9604,1.5796,-1.1363,7.0743,-0.2756,1.3524,-1.3991,car,105,52.2955,-46.7206,0.5233,-0.3314,0.6164,0.0614,333.3502,0.6194100822556895,2.2298762961204823,9.318400000000004,-4.631500000000003,0.7705000000000001,-6.629,6.673628042526793,10.405929598551015,0,04_105_106_4406_ego_105,0,4406,4406,4412,vehicle_vehicle,0.3897857090848505,1.631119280841061,1.261121522031067,12.982924586548288,15.0,3.0,3.5,0.8,0.8518036980431584,3.06649331295537
4,105,4409,185,52.2955,-46.7206,333.3502,1.9366,3.862,0.5233,-0.3314,-1.3973,0.827,0.6164,0.0614,-1.6198,-0.1124,car,105,52.2955,-46.7206,0.5233,-0.3314,0.6164,0.0614,333.3502,0.6194100822556895,2.2298762961204823,0.0,0.0,0.0,0.0,0.0,0.0,1,04_105_106_4406_ego_105,1,4406,4406,4412,vehicle_vehicle,0.3897857090848505,1.631119280841061,1.261121522031067,12.982924586548288,15.0,3.0,3.5,0.8,0.8518036980431584,3.06649331295537
4,106,4409,163,61.6661,-36.4797,240.255,2.0003,4.1329,-3.613,-6.8035,2.6138,-1.6056,7.6997,-0.2385,0.0973,-3.066,car,105,52.2955,-46.7206,0.5233,-0.3314,0.6164,0.0614,333.3502,0.6194100822556895,2.2298762961204823,9.370600000000003,10.240899999999996,-4.1363,-6.472099999999999,7.680954113910588,13.881072623180097,0,04_105_106_4406_ego_105,1,4406,4406,4412,vehicle_vehicle,0.3897857090848505,1.631119280841061,1.261121522031067,12.982924586548288,15.0,3.0,3.5,0.8,0.8518036980431584,3.06649331295537
4,107,4409,140,44.4271,-43.2959,342.4458,2.0619,5.249,2.9377,-0.9974,-1.3358,0.4207,3.1017,0.0649,-1.4005,0.0018,car,105,52.2955,-46.7206,0.5233,-0.3314,0.6164,0.0614,333.3502,0.6194100822556895,2.2298762961204823,-7.868399999999994,3.4246999999999943,2.4144,-0.6659999999999999,2.5045724904661872,8.581391999553444,0,04_105_106_4406_ego_105,0,4406,4406,4412,vehicle_vehicle,0.3897857090848505,1.631119280841061,1.261121522031067,12.982924586548288,15.0,3.0,3.5,0.8,0.8518036980431584,3.06649331295537
4,109,4409,99,70.0806,-28.6547,217.8983,1.9675,4.2148,-6.3166,-4.9814,1.1987,-1.6935,8.0443,-0.0508,0.0943,-2.0727,car,105,52.2955,-46.7206,0.5233,-0.3314,0.6164,0.0614,333.3502,0.6194100822556895,2.2298762961204823,17.785100000000007,18.0659,-6.8399,-4.6499999999999995,8.270836234021322,25.351262785510315,0,04_105_106_4406_ego_105,0,4406,4406,4412,vehicle_vehicle,0.3897857090848505,1.631119280841061,1.261121522031067,12.982924586548288,15.0,3.0,3.5,0.8,0.8518036980431584,3.06649331295537
4,103,4410,276,61.6679,-51.6319,278.967,2.0056,4.344,1.3625,-7.0042,1.5025,-1.1518,7.131,-0.2541,1.3719,-1.3047,car,105,52.3117,-46.7311,0.4673,-0.2967,0.5508,0.0548,333.2699,0.5535342627155071,1.9927233457758255,9.356200000000001,-4.900800000000004,0.8952,-6.7075,6.766974160583148,10.56202249003476,0,04_105_106_4406_ego_105,0,4406,4406,4412,vehicle_vehicle,0.3897857090848505,1.631119280841061,1.261121522031067,12.982924586548288,15.0,3.0,3.5,0.8,0.8518036980431584,3.06649331295537
4,105,4410,186,52.3117,-46.7311,333.2699,1.9366,3.862,0.4673,-0.2967,-1.3025,0.778,0.5508,0.0548,-1.5133,-0.109,car,105,52.3117,-46.7311,0.4673,-0.2967,0.5508,0.0548,333.2699,0.5535342627155071,1.9927233457758255,0.0,0.0,0.0,0.0,0.0,0.0,1,04_105_106_4406_ego_105,1,4406,4406,4412,vehicle_vehicle,0.3897857090848505,1.631119280841061,1.261121522031067,12.982924586548288,15.0,3.0,3.5,0.8,0.8518036980431584,3.06649331295537
4,106,4410,164,61.5234,-36.753,241.167,2.0003,4.1329,-3.5083,-6.8691,2.6385,-1.5874,7.7094,-0.2393,0.1182,-3.0769,car,105,52.3117,-46.7311,0.4673,-0.2967,0.5508,0.0548,333.2699,0.5535342627155071,1.9927233457758255,9.2117,9.978099999999998,-3.9756,-6.5724,7.681265333263784,13.580055099299118,0,04_105_106_4406_ego_105,1,4406,4406,4412,vehicle_vehicle,0.3897857090848505,1.631119280841061,1.261121522031067,12.982924586548288,15.0,3.0,3.5,0.8,0.8518036980431584,3.06649331295537
4,107,4410,141,44.5456,-43.3362,342.4256,2.0619,5.249,2.8814,-0.9795,-1.3944,0.442,3.0427,0.0638,-1.4628,-0.0004,car,105,52.3117,-46.7311,0.4673,-0.2967,0.5508,0.0548,333.2699,0.5535342627155071,1.9927233457758255,-7.766100000000002,3.3949,2.4141000000000004,-0.6828000000000001,2.508803429924314,8.475709717775851,0,04_105_106_4406_ego_105,0,4406,4406,4412,vehicle_vehicle,0.3897857090848505,1.631119280841061,1.261121522031067,12.982924586548288,15.0,3.0,3.5,0.8,0.8518036980431584,3.06649331295537
4,109,4410,100,69.8291,-28.8557,218.5304,1.9675,4.2148,-6.2667,-5.0503,1.256,-1.6742,8.0483,-0.047,0.0604,-2.0921,car,105,52.3117,-46.7311,0.4673,-0.2967,0.5508,0.0548,333.2699,0.5535342627155071,1.9927233457758255,17.517399999999995,17.8754,-6.734,-4.7536,8.242782840764397,25.02776913590182,0,04_105_106_4406_ego_105,0,4406,4406,4412,vehicle_vehicle,0.3897857090848505,1.631119280841061,1.261121522031067,12.982924586548288,15.0,3.0,3.5,0.8,0.8518036980431584,3.06649331295537
4,103,4411,277,61.7243,-51.9132,279.6079,2.0056,4.344,1.4278,-7.0485,1.4201,-1.169,7.188,-0.2313,1.3896,-1.2051,car,105,52.3263,-46.7404,0.4163,-0.2647,0.4909,0.0486,333.2087,0.49332725446705256,1.7759781160813892,9.397999999999996,-5.172800000000002,1.0114999999999998,-6.783799999999999,6.858795425583125,10.7275469628429,0,04_105_106_4406_ego_105,0,4406,4406,4412,vehicle_vehicle,0.3897857090848505,1.631119280841061,1.261121522031067,12.982924586548288,15.0,3.0,3.5,0.8,0.8518036980431584,3.06649331295537
4,105,4411,187,52.3263,-46.7404,333.2087,1.9366,3.862,0.4163,-0.2647,-1.2083,0.7278,0.4909,0.0486,-1.4066,-0.105,car,105,52.3263,-46.7404,0.4163,-0.2647,0.4909,0.0486,333.2087,0.49332725446705256,1.7759781160813892,0.0,0.0,0.0,0.0,0.0,0.0,1,04_105_106_4406_ego_105,1,4406,4406,4412,vehicle_vehicle,0.3897857090848505,1.631119280841061,1.261121522031067,12.982924586548288,15.0,3.0,3.5,0.8,0.8518036980431584,3.06649331295537
4,106,4411,165,61.3852,-37.0287,242.087,2.0003,4.1329,-3.4027,-6.934,2.663,-1.5678,7.7202,-0.2392,0.1387,-3.0871,car,105,52.3263,-46.7404,0.4163,-0.2647,0.4909,0.0486,333.2087,0.49332725446705256,1.7759781160813892,9.058899999999994,9.7117,-3.819,-6.6693,7.6853317098222895,13.280842823405445,0,04_105_106_4406_ego_105,1,4406,4406,4412,vehicle_vehicle,0.3897857090848505,1.631119280841061,1.261121522031067,12.982924586548288,15.0,3.0,3.5,0.8,0.8518036980431584,3.06649331295537
4,107,4411,142,44.6606,-43.3754,342.4119,2.0619,5.249,2.8224,-0.9606,-1.45,0.4622,2.9808,0.0629,-1.5219,-0.0025,car,105,52.3263,-46.7404,0.4163,-0.2647,0.4909,0.0486,333.2087,0.49332725446705256,1.7759781160813892,-7.665700000000001,3.365000000000002,2.4061,-0.6959,2.504714358963912,8.371749010212861,0,04_105_106_4406_ego_105,0,4406,4406,4412,vehicle_vehicle,0.3897857090848505,1.631119280841061,1.261121522031067,12.982924586548288,15.0,3.0,3.5,0.8,0.8518036980431584,3.06649331295537
4,109,4411,101,69.5795,-29.0594,219.1698,1.9675,4.2148,-6.2146,-5.1183,1.3114,-1.6537,8.0509,-0.0428,0.0278,-2.1104,car,105,52.3263,-46.7404,0.4163,-0.2647,0.4909,0.0486,333.2087,0.49332725446705256,1.7759781160813892,17.253199999999993,17.681,-6.6309,-4.853599999999999,8.217436812656365,24.704061836872082,0,04_105_106_4406_ego_105,0,4406,4406,4412,vehicle_vehicle,0.3897857090848505,1.631119280841061,1.261121522031067,12.982924586548288,15.0,3.0,3.5,0.8,0.8518036980431584,3.06649331295537
4,103,4412,278,61.7837,-52.1958,280.2124,2.0056,4.344,1.4894,-7.0937,1.3327,-1.1879,7.2453,-0.2081,1.4053,-1.101,car,105,52.3392,-46.7483,0.3702,-0.2356,0.4367,0.043,333.1516,0.43881134898723845,1.5797208563540583,9.444500000000005,-5.447499999999998,1.1192000000000002,-6.8581,6.948823227712732,10.902927886581661,0,04_105_106_4406_ego_105,0,4406,4406,4412,vehicle_vehicle,0.3897857090848505,1.631119280841061,1.261121522031067,12.982924586548288,15.0,3.0,3.5,0.8,0.8518036980431584,3.06649331295537
4,105,4412,188,52.3392,-46.7483,333.1516,1.9366,3.862,0.3702,-0.2356,-1.1157,0.6771,0.4367,0.043,-1.3012,-0.1003,car,105,52.3392,-46.7483,0.3702,-0.2356,0.4367,0.043,333.1516,0.43881134898723845,1.5797208563540583,0.0,0.0,0.0,0.0,0.0,0.0,1,04_105_106_4406_ego_105,1,4406,4406,4412,vehicle_vehicle,0.3897857090848505,1.631119280841061,1.261121522031067,12.982924586548288,15.0,3.0,3.5,0.8,0.8518036980431584,3.06649331295537
4,106,4412,166,61.2511,-37.3072,242.9978,2.0003,4.1329,-3.2959,-6.9982,2.6875,-1.5467,7.7318,-0.2407,0.1579,-3.0967,car,105,52.3392,-46.7483,0.3702,-0.2356,0.4367,0.043,333.1516,0.43881134898723845,1.5797208563540583,8.911900000000003,9.441099999999999,-3.6661,-6.7626,7.692401963626186,12.982924586548288,0,04_105_106_4406_ego_105,1,4406,4406,4412,vehicle_vehicle,0.3897857090848505,1.631119280841061,1.261121522031067,12.982924586548288,15.0,3.0,3.5,0.8,0.8518036980431584,3.06649331295537
4,107,4412,143,44.7732,-43.4137,342.398,2.0619,5.249,2.7609,-0.9408,-1.5022,0.4812,2.9161,0.0619,-1.5774,-0.0044,car,105,52.3392,-46.7483,0.3702,-0.2356,0.4367,0.043,333.1516,0.43881134898723845,1.5797208563540583,-7.565999999999995,3.334600000000002,2.3907,-0.7051999999999999,2.492539574410003,8.268247284642612,0,04_105_106_4406_ego_105,0,4406,4406,4412,vehicle_vehicle,0.3897857090848505,1.631119280841061,1.261121522031067,12.982924586548288,15.0,3.0,3.5,0.8,0.8518036980431584,3.06649331295537
4,109,4412,102,69.3321,-29.2662,219.807,1.9675,4.2148,-6.1604,-5.1852,1.3649,-1.6323,8.0521,-0.0394,-0.0035,-2.1278,car,105,52.3392,-46.7483,0.3702,-0.2356,0.4367,0.043,333.1516,0.43881134898723845,1.5797208563540583,16.9929,17.4821,-6.5306,-4.9496,8.194344178761348,24.379960435160676,0,04_105_106_4406_ego_105,0,4406,4406,4412,vehicle_vehicle,0.3897857090848505,1.631119280841061,1.261121522031067,12.982924586548288,15.0,3.0,3.5,0.8,0.8518036980431584,3.06649331295537
4,103,4413,279,61.8455,-52.48,280.7667,2.0056,4.344,1.547,-7.1398,1.2407,-1.2083,7.3031,-0.1859,1.4188,-0.9932,car,105,52.3509,-46.7553,0.3286,-0.2093,0.3878,0.038,333.1107,0.3895952386772713,1.4025428592381768,9.494599999999998,-5.724699999999999,1.2184,-6.9305,7.036783982047481,11.086912070094177,0,04_105_106_4406_ego_105,0,4406,4406,4412,vehicle_vehicle,0.3897857090848505,1.631119280841061,1.261121522031067,12.982924586548288,15.0,3.0,3.5,0.8,0.8518036980431584,3.06649331295537
4,105,4413,189,52.3509,-46.7553,333.1107,1.9366,3.862,0.3286,-0.2093,-1.0257,0.6269,0.3878,0.038,-1.1983,-0.0952,car,105,52.3509,-46.7553,0.3286,-0.2093,0.3878,0.038,333.1107,0.3895952386772713,1.4025428592381768,0.0,0.0,0.0,0.0,0.0,0.0,1,04_105_106_4406_ego_105,1,4406,4406,4412,vehicle_vehicle,0.3897857090848505,1.631119280841061,1.261121522031067,12.982924586548288,15.0,3.0,3.5,0.8,0.8518036980431584,3.06649331295537
4,106,4413,167,61.1212,-37.588,243.895,2.0003,4.1329,-3.1882,-7.0618,2.7117,-1.524,7.7442,-0.2444,0.1753,-3.1056,car,105,52.3509,-46.7553,0.3286,-0.2093,0.3878,0.038,333.1107,0.3895952386772713,1.4025428592381768,8.770299999999999,9.167299999999997,-3.5168,-6.8525,7.702248924177924,12.68690472022234,0,04_105_106_4406_ego_105,1,4406,4406,4412,vehicle_vehicle,0.3897857090848505,1.631119280841061,1.261121522031067,12.982924586548288,15.0,3.0,3.5,0.8,0.8518036980431584,3.06649331295537
4,107,4413,144,44.8835,-43.4513,342.3883,2.0619,5.249,2.6968,-0.9202,-1.5506,0.4988,2.8488,0.0611,-1.6289,-0.0062,car,105,52.3509,-46.7553,0.3286,-0.2093,0.3878,0.038,333.1107,0.3895952386772713,1.4025428592381768,-7.467400000000005,3.303999999999995,2.3682,-0.7109,2.4725998564264295,8.16568911727602,0,04_105_106_4406_ego_105,0,4406,4406,4412,vehicle_vehicle,0.3897857090848505,1.631119280841061,1.261121522031067,12.982924586548288,15.0,3.0,3.5,0.8,0.8518036980431584,3.06649331295537
4,109,4413,103,69.0868,-29.4755,220.4513,1.9675,4.2148,-6.104,-5.2511,1.4167,-1.6103,8.0518,-0.0356,-0.0333,-2.1445,car,105,52.3509,-46.7553,0.3286,-0.2093,0.3878,0.038,333.1107,0.3895952386772713,1.4025428592381768,16.735899999999994,17.279799999999998,-6.4326,-5.0418,8.17300984949853,24.055806717921552,0,04_105_106_4406_ego_105,0,4406,4406,4412,vehicle_vehicle,0.3897857090848505,1.631119280841061,1.261121522031067,12.982924586548288,15.0,3.0,3.5,0.8,0.8518036980431584,3.06649331295537
4,103,4414,280,61.9101,-52.7657,281.2656,2.0056,4.344,1.6002,-7.187,1.1448,-1.2299,7.3611,-0.1653,1.4299,-0.8825,car,105,52.3615,-46.7615,0.2914,-0.1856,0.3439,0.0336,333.0809,0.3454870764587295,1.2437534752514263,9.5486,-6.004200000000004,1.3088000000000002,-7.0014,7.122679229054191,11.279458302595922,0,04_105_106_4406_ego_105,0,4406,4406,4412,vehicle_vehicle,0.3897857090848505,1.631119280841061,1.261121522031067,12.982924586548288,15.0,3.0,3.5,0.8,0.8518036980431584,3.06649331295537
4,105,4414,190,52.3615,-46.7615,333.0809,1.9366,3.862,0.2914,-0.1856,-0.9392,0.5777,0.3439,0.0336,-1.099,-0.0899,car,105,52.3615,-46.7615,0.2914,-0.1856,0.3439,0.0336,333.0809,0.3454870764587295,1.2437534752514263,0.0,0.0,0.0,0.0,0.0,0.0,1,04_105_106_4406_ego_105,1,4406,4406,4412,vehicle_vehicle,0.3897857090848505,1.631119280841061,1.261121522031067,12.982924586548288,15.0,3.0,3.5,0.8,0.8518036980431584,3.06649331295537
4,106,4414,168,60.9959,-37.8714,244.7939,2.0003,4.1329,-3.0794,-7.1245,2.7356,-1.4996,7.7576,-0.2479,0.1918,-3.1137,car,105,52.3615,-46.7615,0.2914,-0.1856,0.3439,0.0336,333.0809,0.3454870764587295,1.2437534752514263,8.6344,8.890099999999997,-3.3708,-6.9389,7.714313051075902,12.39301179576619,0,04_105_106_4406_ego_105,1,4406,4406,4412,vehicle_vehicle,0.3897857090848505,1.631119280841061,1.261121522031067,12.982924586548288,15.0,3.0,3.5,0.8,0.8518036980431584,3.06649331295537
4,107,4414,145,44.9908,-43.4878,342.373,2.0619,5.249,2.6306,-0.8987,-1.595,0.5149,2.7792,0.0599,-1.676,-0.0078,car,105,52.3615,-46.7615,0.2914,-0.1856,0.3439,0.0336,333.0809,0.3454870764587295,1.2437534752514263,-7.370699999999999,3.273699999999998,2.3392,-0.7131000000000001,2.445479145280123,8.065006520766117,0,04_105_106_4406_ego_105,0,4406,4406,4412,vehicle_vehicle,0.3897857090848505,1.631119280841061,1.261121522031067,12.982924586548288,15.0,3.0,3.5,0.8,0.8518036980431584,3.06649331295537
4,109,4414,104,68.844,-29.6874,221.0802,1.9675,4.2148,-6.0456,-5.3158,1.4667,-1.5879,8.0502,-0.0343,-0.0622,-2.1607,car,105,52.3615,-46.7615,0.2914,-0.1856,0.3439,0.0336,333.0809,0.3454870764587295,1.2437534752514263,16.482499999999995,17.074099999999998,-6.337000000000001,-5.1302,8.153313500657264,23.73178663859929,0,04_105_106_4406_ego_105,0,4406,4406,4412,vehicle_vehicle,0.3897857090848505,1.631119280841061,1.261121522031067,12.982924586548288,15.0,3.0,3.5,0.8,0.8518036980431584,3.06649331295537
4,103,4415,281,61.9768,-53.0528,281.6809,2.0056,4.344,1.6489,-7.2357,1.0457,-1.2524,7.4196,-0.1498,1.4382,-0.7705,car,105,52.3709,-46.7669,0.2582,-0.1646,0.3048,0.0296,333.0474,0.3062032005058079,1.1023315218209084,9.605899999999998,-6.285899999999998,1.3907,-7.0710999999999995,7.206559629948259,11.47980198522605,0,04_105_106_4406_ego_105,0,4406,4406,4412,vehicle_vehicle,0.3897857090848505,1.631119280841061,1.261121522031067,12.982924586548288,15.0,3.0,3.5,0.8,0.8518036980431584,3.06649331295537
4,105,4415,191,52.3709,-46.7669,333.0474,1.9366,3.862,0.2582,-0.1646,-0.8568,0.5303,0.3048,0.0296,-1.0041,-0.0843,car,105,52.3709,-46.7669,0.2582,-0.1646,0.3048,0.0296,333.0474,0.3062032005058079,1.1023315218209084,0.0,0.0,0.0,0.0,0.0,0.0,1,04_105_106_4406_ego_105,1,4406,4406,4412,vehicle_vehicle,0.3897857090848505,1.631119280841061,1.261121522031067,12.982924586548288,15.0,3.0,3.5,0.8,0.8518036980431584,3.06649331295537
4,106,4415,169,60.875,-38.1574,245.7075,2.0003,4.1329,-2.9698,-7.1863,2.7592,-1.4734,7.7718,-0.2496,0.2078,-3.1211,car,105,52.3709,-46.7669,0.2582,-0.1646,0.3048,0.0296,333.0474,0.3062032005058079,1.1023315218209084,8.504100000000001,8.609499999999997,-3.228,-7.0217,7.72814692471617,12.101372114764505,0,04_105_106_4406_ego_105,1,4406,4406,4412,vehicle_vehicle,0.3897857090848505,1.631119280841061,1.261121522031067,12.982924586548288,15.0,3.0,3.5,0.8,0.8518036980431584,3.06649331295537
4,107,4415,146,45.0957,-43.523,342.3575,2.0619,5.249,2.5622,-0.8768,-1.6349,0.5297,2.7074,0.059,-1.7185,-0.0093,car,105,52.3709,-46.7669,0.2582,-0.1646,0.3048,0.0296,333.0474,0.3062032005058079,1.1023315218209084,-7.275199999999998,3.2438999999999965,2.304,-0.7122,2.411564811486517,7.965640102967241,0,04_105_106_4406_ego_105,0,4406,4406,4412,vehicle_vehicle,0.3897857090848505,1.631119280841061,1.261121522031067,12.982924586548288,15.0,3.0,3.5,0.8,0.8518036980431584,3.06649331295537
4,109,4415,105,68.6036,-29.9019,221.7107,1.9675,4.2148,-5.9854,-5.3793,1.5151,-1.5653,8.0474,-0.0333,-0.0895,-2.1766,car,105,52.3709,-46.7669,0.2582,-0.1646,0.3048,0.0296,333.0474,0.3062032005058079,1.1023315218209084,16.2327,16.865,-6.243600000000001,-5.2147,8.134840935752832,23.407878466234397,0,04_105_106_4406_ego_105,0,4406,4406,4412,vehicle_vehicle,0.3897857090848505,1.631119280841061,1.261121522031067,12.982924586548288,15.0,3.0,3.5,0.8,0.8518036980431584,3.06649331295537
4,103,4416,282,62.0453,-53.3421,282.052,2.0056,4.344,1.6929,-7.2857,0.944,-1.2752,7.4786,-0.1344,1.4442,-0.6569,car,105,52.3793,-46.7719,0.2289,-0.1459,0.2701,0.0261,333.0105,0.27144432209939484,0.9771995595578215,9.665999999999997,-6.5702,1.464,-7.1398,7.288349610165528,11.687561081765518,0,04_105_106_4406_ego_105,0,4406,4406,4412,vehicle_vehicle,0.3897857090848505,1.631119280841061,1.261121522031067,12.982924586548288,15.0,3.0,3.5,0.8,0.8518036980431584,3.06649331295537
4,105,4416,192,52.3793,-46.7719,333.0105,1.9366,3.862,0.2289,-0.1459,-0.7791,0.4851,0.2701,0.0261,-0.9144,-0.0787,car,105,52.3793,-46.7719,0.2289,-0.1459,0.2701,0.0261,333.0105,0.27144432209939484,0.9771995595578215,0.0,0.0,0.0,0.0,0.0,0.0,1,04_105_106_4406_ego_105,1,4406,4406,4412,vehicle_vehicle,0.3897857090848505,1.631119280841061,1.261121522031067,12.982924586548288,15.0,3.0,3.5,0.8,0.8518036980431584,3.06649331295537
4,106,4416,170,60.7577,-38.446,246.6217,2.0003,4.1329,-2.8589,-7.2471,2.7825,-1.4453,7.7866,-0.2515,0.2226,-3.1276,car,105,52.3793,-46.7719,0.2289,-0.1459,0.2701,0.0261,333.0105,0.27144432209939484,0.9771995595578215,8.3784,8.325900000000004,-3.0878,-7.1011999999999995,7.743484375912435,11.811782141997034,0,04_105_106_4406_ego_105,1,4406,4406,4412,vehicle_vehicle,0.3897857090848505,1.631119280841061,1.261121522031067,12.982924586548288,15.0,3.0,3.5,0.8,0.8518036980431584,3.06649331295537
4,107,4416,147,45.1978,-43.5578,342.3453,2.0619,5.249,2.4918,-0.8542,-1.6701,0.543,2.6335,0.0583,-1.7561,-0.011,car,105,52.3793,-46.7719,0.2289,-0.1459,0.2701,0.0261,333.0105,0.27144432209939484,0.9771995595578215,-7.1815,3.214100000000002,2.2629,-0.7082999999999999,2.371161171240791,7.867933722394972,0,04_105_106_4406_ego_105,0,4406,4406,4412,vehicle_vehicle,0.3897857090848505,1.631119280841061,1.261121522031067,12.982924586548288,15.0,3.0,3.5,0.8,0.8518036980431584,3.06649331295537
4,109,4416,106,68.3655,-30.1185,222.3272,1.9675,4.2148,-5.9232,-5.4419,1.5619,-1.5427,8.0435,-0.0348,-0.1159,-2.1922,car,105,52.3793,-46.7719,0.2289,-0.1459,0.2701,0.0261,333.0105,0.27144432209939484,0.9771995595578215,15.986199999999997,16.6534,-6.1521,-5.296,8.117632069144301,23.084503936623804,0,04_105_106_4406_ego_105,0,4406,4406,4412,vehicle_vehicle,0.3897857090848505,1.631119280841061,1.261121522031067,12.982924586548288,15.0,3.0,3.5,0.8,0.8518036980431584,3.06649331295537
4,103,4417,283,62.1154,-53.6334,282.3708,2.0056,4.344,1.7322,-7.3371,0.8404,-1.2978,7.5378,-0.1201,1.4477,-0.5428,car,105,52.3869,-46.7769,0.203,-0.1291,0.2395,0.0228,332.9815,0.2405739179545447,0.8660661046363609,9.728500000000004,-6.856500000000004,1.5292,-7.208,7.368427012599093,11.901903398196447,0,04_105_106_4406_ego_105,0,4406,4406,4412,vehicle_vehicle,0.3897857090848505,1.631119280841061,1.261121522031067,12.982924586548288,15.0,3.0,3.5,0.8,0.8518036980431584,3.06649331295537
4,105,4417,193,52.3869,-46.7769,332.9815,1.9366,3.862,0.203,-0.1291,-0.7064,0.4426,0.2395,0.0228,-0.8304,-0.0733,car,105,52.3869,-46.7769,0.203,-0.1291,0.2395,0.0228,332.9815,0.2405739179545447,0.8660661046363609,0.0,0.0,0.0,0.0,0.0,0.0,1,04_105_106_4406_ego_105,1,4406,4406,4412,vehicle_vehicle,0.3897857090848505,1.631119280841061,1.261121522031067,12.982924586548288,15.0,3.0,3.5,0.8,0.8518036980431584,3.06649331295537
4,106,4417,171,60.6449,-38.737,247.5415,2.0003,4.1329,-2.7468,-7.3068,2.8052,-1.4154,7.8019,-0.2528,0.2365,-3.1331,car,105,52.3869,-46.7769,0.203,-0.1291,0.2395,0.0228,332.9815,0.2405739179545447,0.8660661046363609,8.258000000000003,8.039899999999996,-2.9497999999999998,-7.1777,7.76019956766577,11.525387455959994,0,04_105_106_4406_ego_105,1,4406,4406,4412,vehicle_vehicle,0.3897857090848505,1.631119280841061,1.261121522031067,12.982924586548288,15.0,3.0,3.5,0.8,0.8518036980431584,3.06649331295537
4,107,4417,148,45.2967,-43.5918,342.3291,2.0619,5.249,2.4198,-0.831,-1.7001,0.5549,2.5578,0.0572,-1.7883,-0.0127,car,105,52.3869,-46.7769,0.203,-0.1291,0.2395,0.0228,332.9815,0.2405739179545447,0.8660661046363609,-7.090199999999996,3.1850999999999985,2.2168,-0.7019,2.325266834150438,7.772760002084197,0,04_105_106_4406_ego_105,0,4406,4406,4412,vehicle_vehicle,0.3897857090848505,1.631119280841061,1.261121522031067,12.982924586548288,15.0,3.0,3.5,0.8,0.8518036980431584,3.06649331295537
4,109,4417,107,68.1304,-30.3378,222.9537,1.9675,4.2148,-5.8594,-5.5034,1.6072,-1.5202,8.0386,-0.0354,-0.1404,-2.2078,car,105,52.3869,-46.7769,0.203,-0.1291,0.2395,0.0228,332.9815,0.2405739179545447,0.8660661046363609,15.743499999999997,16.439099999999996,-6.0624,-5.3743,8.101592081189969,22.761849684504988,0,04_105_106_4406_ego_105,0,4406,4406,4412,vehicle_vehicle,0.3897857090848505,1.631119280841061,1.261121522031067,12.982924586548288,15.0,3.0,3.5,0.8,0.8518036980431584,3.06649331295537
4,103,4418,284,62.1867,-53.9265,282.6507,2.0056,4.344,1.7669,-7.3899,0.7355,-1.3198,7.5974,-0.1055,1.4489,-0.4286,car,105,52.3939,-46.7819,0.1802,-0.114,0.2123,0.0196,332.9509,0.21323236152141636,0.7676365014770989,9.7928,-7.144599999999997,1.5867,-7.2759,7.446901214599264,12.122055972482553,0,04_105_106_4406_ego_105,0,4406,4406,4412,vehicle_vehicle,0.3897857090848505,1.631119280841061,1.261121522031067,12.982924586548288,15.0,3.0,3.5,0.8,0.8518036980431584,3.06649331295537
4,105,4418,194,52.3939,-46.7819,332.9509,1.9366,3.862,0.1802,-0.114,-0.6391,0.4026,0.2123,0.0196,-0.7523,-0.0679,car,105,52.3939,-46.7819,0.1802,-0.114,0.2123,0.0196,332.9509,0.21323236152141636,0.7676365014770989,0.0,0.0,0.0,0.0,0.0,0.0,1,04_105_106_4406_ego_105,1,4406,4406,4412,vehicle_vehicle,0.3897857090848505,1.631119280841061,1.261121522031067,12.982924586548288,15.0,3.0,3.5,0.8,0.8518036980431584,3.06649331295537
4,106,4418,172,60.5364,-39.0301,248.4452,2.0003,4.1329,-2.6335,-7.3654,2.8269,-1.3836,7.8179,-0.2567,0.2482,-3.1375,car,105,52.3939,-46.7819,0.1802,-0.114,0.2123,0.0196,332.9509,0.21323236152141636,0.7676365014770989,8.142499999999998,7.751800000000003,-2.8137000000000003,-7.2514,7.778155928624728,11.24236227356155,0,04_105_106_4406_ego_105,1,4406,4406,4412,vehicle_vehicle,0.3897857090848505,1.631119280841061,1.261121522031067,12.982924586548288,15.0,3.0,3.5,0.8,0.8518036980431584,3.06649331295537
4,107,4418,149,45.3923,-43.6248,342.3093,2.0619,5.249,2.3465,-0.8072,-1.7249,0.5653,2.4808,0.056,-1.8151,-0.0144,car,105,52.3939,-46.7819,0.1802,-0.114,0.2123,0.0196,332.9509,0.21323236152141636,0.7676365014770989,-7.001600000000003,3.1571,2.1662999999999997,-0.6932,2.274506964157287,7.680474137056907,0,04_105_106_4406_ego_105,0,4406,4406,4412,vehicle_vehicle,0.3897857090848505,1.631119280841061,1.261121522031067,12.982924586548288,15.0,3.0,3.5,0.8,0.8518036980431584,3.06649331295537
4,109,4418,108,67.8975,-30.559,223.589,1.9675,4.2148,-5.7938,-5.5641,1.6512,-1.4979,8.0329,-0.0354,-0.1632,-2.2234,car,105,52.3939,-46.7819,0.1802,-0.114,0.2123,0.0196,332.9509,0.21323236152141636,0.7676365014770989,15.503599999999992,16.2229,-5.974,-5.4501,8.086548460870064,22.439788264821033,0,04_105_106_4406_ego_105,0,4406,4406,4412,vehicle_vehicle,0.3897857090848505,1.631119280841061,1.261121522031067,12.982924586548288,15.0,3.0,3.5,0.8,0.8518036980431584,3.06649331295537
4,103,4419,285,62.2594,-54.2221,282.8731,2.0056,4.344,1.7967,-7.444,0.63,-1.3407,7.6572,-0.0931,1.4473,-0.3154,car,105,52.4004,-46.7861,0.1602,-0.1006,0.1884,0.0167,332.9337,0.18916765051139162,0.6810035418410099,9.859000000000002,-7.436,1.6364999999999998,-7.3434,7.523540111543236,12.34884516867873,0,04_105_106_4406_ego_105,0,4406,4406,4412,vehicle_vehicle,0.3897857090848505,1.631119280841061,1.261121522031067,12.982924586548288,15.0,3.0,3.5,0.8,0.8518036980431584,3.06649331295537
4,105,4419,195,52.4004,-46.7861,332.9337,1.9366,3.862,0.1602,-0.1006,-0.5773,0.3653,0.1884,0.0167,-0.6803,-0.0626,car,105,52.4004,-46.7861,0.1602,-0.1006,0.1884,0.0167,332.9337,0.18916765051139162,0.6810035418410099,0.0,0.0,0.0,0.0,0.0,0.0,1,04_105_106_4406_ego_105,1,4406,4406,4412,vehicle_vehicle,0.3897857090848505,1.631119280841061,1.261121522031067,12.982924586548288,15.0,3.0,3.5,0.8,0.8518036980431584,3.06649331295537
4,106,4419,173,60.4327,-39.3257,249.3516,2.0003,4.1329,-2.5191,-7.4228,2.8473,-1.3497,7.8343,-0.2603,0.2589,-3.1404,car,105,52.4004,-46.7861,0.1602,-0.1006,0.1884,0.0167,332.9337,0.18916765051139162,0.6810035418410099,8.0323,7.4604,-2.6793,-7.3222,7.79700335577714,10.962454627044073,0,04_105_106_4406_ego_105,1,4406,4406,4412,vehicle_vehicle,0.3897857090848505,1.631119280841061,1.261121522031067,12.982924586548288,15.0,3.0,3.5,0.8,0.8518036980431584,3.06649331295537
4,107,4419,150,45.4846,-43.6565,342.2935,2.0619,5.249,2.2723,-0.783,-1.7445,0.5741,2.4028,0.0548,-1.8364,-0.0163,car,105,52.4004,-46.7861,0.1602,-0.1006,0.1884,0.0167,332.9337,0.18916765051139162,0.6810035418410099,-6.915799999999997,3.1295999999999964,2.1121,-0.6824,2.219602705440773,7.590960795577852,0,04_105_106_4406_ego_105,0,4406,4406,4412,vehicle_vehicle,0.3897857090848505,1.631119280841061,1.261121522031067,12.982924586548288,15.0,3.0,3.5,0.8,0.8518036980431584,3.06649331295537
4,109,4419,109,67.6676,-30.7831,224.2385,1.9675,4.2148,-5.7267,-5.6238,1.6941,-1.4757,8.0263,-0.0339,-0.1842,-2.2392,car,105,52.4004,-46.7861,0.1602,-0.1006,0.1884,0.0167,332.9337,0.18916765051139162,0.6810035418410099,15.267199999999995,16.002999999999997,-5.8869,-5.5232,8.072256800300643,22.117490925509607,0,04_105_106_4406_ego_105,0,4406,4406,4412,vehicle_vehicle,0.3897857090848505,1.631119280841061,1.261121522031067,12.982924586548288,15.0,3.0,3.5,0.8,0.8518036980431584,3.06649331295537
4,103,4420,286,62.3329,-54.5203,283.0536,2.0056,4.344,1.8219,-7.4993,0.5242,-1.36,7.717,-0.081,1.4433,-0.2034,car,105,52.4063,-46.7899,0.1427,-0.0885,0.1673,0.0139,332.9275,0.16791527625561647,0.6044949945202194,9.9266,-7.730399999999996,1.6792,-7.4108,7.598662334911323,12.581592574869047,0,04_105_106_4406_ego_105,0,4406,4406,4412,vehicle_vehicle,0.3897857090848505,1.631119280841061,1.261121522031067,12.982924586548288,15.0,3.0,3.5,0.8,0.8518036980431584,3.06649331295537
4,105,4420,196,52.4063,-46.7899,332.9275,1.9366,3.862,0.1427,-0.0885,-0.5211,0.3306,0.1673,0.0139,-0.6145,-0.0572,car,105,52.4063,-46.7899,0.1427,-0.0885,0.1673,0.0139,332.9275,0.16791527625561647,0.6044949945202194,0.0,0.0,0.0,0.0,0.0,0.0,1,04_105_106_4406_ego_105,1,4406,4406,4412,vehicle_vehicle,0.3897857090848505,1.631119280841061,1.261121522031067,12.982924586548288,15.0,3.0,3.5,0.8,0.8518036980431584,3.06649331295537
4,106,4420,174,60.334,-39.6241,250.2449,2.0003,4.1329,-2.4037,-7.4787,2.8664,-1.3139,7.851,-0.2655,0.2677,-3.1418,car,105,52.4063,-46.7899,0.1427,-0.0885,0.1673,0.0139,332.9275,0.16791527625561647,0.6044949945202194,7.9277000000000015,7.165800000000004,-2.5464,-7.3902,7.816598301051424,10.686305111215948,0,04_105_106_4406_ego_105,1,4406,4406,4412,vehicle_vehicle,0.3897857090848505,1.631119280841061,1.261121522031067,12.982924586548288,15.0,3.0,3.5,0.8,0.8518036980431584,3.06649331295537
4,107,4420,151,45.5734,-43.6874,342.2778,2.0619,5.249,2.1976,-0.7585,-1.759,0.5813,2.3242,0.0536,-1.8525,-0.0183,car,105,52.4063,-46.7899,0.1427,-0.0885,0.1673,0.0139,332.9275,0.16791527625561647,0.6044949945202194,-6.832900000000002,3.1025000000000063,2.0549,-0.6699999999999999,2.161368550247736,7.504267363307365,0,04_105_106_4406_ego_105,0,4406,4406,4412,vehicle_vehicle,0.3897857090848505,1.631119280841061,1.261121522031067,12.982924586548288,15.0,3.0,3.5,0.8,0.8518036980431584,3.06649331295537
4,109,4420,110,67.4402,-31.0094,224.8876,1.9675,4.2148,-5.6581,-5.6825,1.736,-1.4539,8.0189,-0.033,-0.204,-2.2552,car,105,52.4063,-46.7899,0.1427,-0.0885,0.1673,0.0139,332.9275,0.16791527625561647,0.6044949945202194,15.033900000000003,15.780500000000004,-5.8008,-5.594,8.058667175159922,21.795465800482454,0,04_105_106_4406_ego_105,0,4406,4406,4412,vehicle_vehicle,0.3897857090848505,1.631119280841061,1.261121522031067,12.982924586548288,15.0,3.0,3.5,0.8,0.8518036980431584,3.06649331295537
4,103,4421,287,62.4069,-54.8206,283.1878,2.0056,4.344,1.8426,-7.5556,0.4185,-1.3776,7.7768,-0.0702,1.4367,-0.0932,car,105,52.412,-46.7933,0.1273,-0.0778,0.1487,0.0114,332.9316,0.1491915882347259,0.5370897176450132,9.994900000000001,-8.027299999999997,1.7153,-7.4778,7.672010618475446,12.819343637643854,0,04_105_106_4406_ego_105,0,4406,4406,4412,vehicle_vehicle,0.3897857090848505,1.631119280841061,1.261121522031067,12.982924586548288,15.0,3.0,3.5,0.8,0.8518036980431584,3.06649331295537
4,105,4421,197,52.412,-46.7933,332.9316,1.9366,3.862,0.1273,-0.0778,-0.4704,0.2985,0.1487,0.0114,-0.5547,-0.0517,car,105,52.412,-46.7933,0.1273,-0.0778,0.1487,0.0114,332.9316,0.1491915882347259,0.5370897176450132,0.0,0.0,0.0,0.0,0.0,0.0,1,04_105_106_4406_ego_105,1,4406,4406,4412,vehicle_vehicle,0.3897857090848505,1.631119280841061,1.261121522031067,12.982924586548288,15.0,3.0,3.5,0.8,0.8518036980431584,3.06649331295537
4,106,4421,175,60.2401,-39.9247,251.1456,2.0003,4.1329,-2.2876,-7.5329,2.884,-1.2762,7.868,-0.2695,0.2758,-3.1417,car,105,52.412,-46.7933,0.1273,-0.0778,0.1487,0.0114,332.9316,0.1491915882347259,0.5370897176450132,7.828099999999999,6.868600000000001,-2.4149,-7.4551,7.836469742173448,10.414260202722035,0,04_105_106_4406_ego_105,1,4406,4406,4412,vehicle_vehicle,0.3897857090848505,1.631119280841061,1.261121522031067,12.982924586548288,15.0,3.0,3.5,0.8,0.8518036980431584,3.06649331295537
4,107,4421,152,45.6598,-43.7176,342.2673,2.0619,5.249,2.1224,-0.7336,-1.7686,0.587,2.245,0.0523,-1.8634,-0.0204,car,105,52.412,-46.7933,0.1273,-0.0778,0.1487,0.0114,332.9316,0.1491915882347259,0.5370897176450132,-6.752200000000002,3.0757000000000048,1.9950999999999999,-0.6558,2.1001184847527057,7.419712617750101,0,04_105_106_4406_ego_105,0,4406,4406,4412,vehicle_vehicle,0.3897857090848505,1.631119280841061,1.261121522031067,12.982924586548288,15.0,3.0,3.5,0.8,0.8518036980431584,3.06649331295537
4,109,4421,111,67.2156,-31.2379,225.5275,1.9675,4.2148,-5.5879,-5.7403,1.7771,-1.4323,8.0109,-0.0341,-0.2229,-2.2715,car,105,52.412,-46.7933,0.1273,-0.0778,0.1487,0.0114,332.9316,0.1491915882347259,0.5370897176450132,14.803599999999996,15.555400000000002,-5.7152,-5.6625000000000005,8.045335126021786,21.473635978101147,0,04_105_106_4406_ego_105,0,4406,4406,4412,vehicle_vehicle,0.3897857090848505,1.631119280841061,1.261121522031067,12.982924586548288,15.0,3.0,3.5,0.8,0.8518036980431584,3.06649331295537
4,103,4422,288,62.4816,-55.1235,283.285,2.0056,4.344,1.8588,-7.6128,0.3133,-1.3931,7.8362,-0.0596,1.4278,0.0152,car,105,52.4172,-46.7963,0.1137,-0.0684,0.1323,0.0092,332.9416,0.13268854509715597,0.4776787623497615,10.0644,-8.327199999999998,1.7451,-7.5444,7.743600284751274,13.062710560982355,0,04_105_106_4406_ego_105,0,4406,4406,4412,vehicle_vehicle,0.3897857090848505,1.631119280841061,1.261121522031067,12.982924586548288,15.0,3.0,3.5,0.8,0.8518036980431584,3.06649331295537
4,105,4422,198,52.4172,-46.7963,332.9416,1.9366,3.862,0.1137,-0.0684,-0.425,0.2688,0.1323,0.0092,-0.5008,-0.0461,car,105,52.4172,-46.7963,0.1137,-0.0684,0.1323,0.0092,332.9416,0.13268854509715597,0.4776787623497615,0.0,0.0,0.0,0.0,0.0,0.0,1,04_105_106_4406_ego_105,1,4406,4406,4412,vehicle_vehicle,0.3897857090848505,1.631119280841061,1.261121522031067,12.982924586548288,15.0,3.0,3.5,0.8,0.8518036980431584,3.06649331295537
4,106,4422,176,60.1514,-40.2275,252.051,2.0003,4.1329,-2.1709,-7.5855,2.9002,-1.237,7.8853,-0.2723,0.2831,-3.1402,car,105,52.4172,-46.7963,0.1137,-0.0684,0.1323,0.0092,332.9416,0.13268854509715597,0.4776787623497615,7.734200000000001,6.568800000000003,-2.2846,-7.5171,7.85660165529601,10.147264807818907,0,04_105_106_4406_ego_105,1,4406,4406,4412,vehicle_vehicle,0.3897857090848505,1.631119280841061,1.261121522031067,12.982924586548288,15.0,3.0,3.5,0.8,0.8518036980431584,3.06649331295537
4,107,4422,153,45.7429,-43.7466,342.2487,2.0619,5.249,2.0469,-0.7084,-1.7734,0.5909,2.1654,0.0506,-1.8692,-0.022,car,105,52.4172,-46.7963,0.1137,-0.0684,0.1323,0.0092,332.9416,0.13268854509715597,0.4776787623497615,-6.674300000000002,3.0497000000000014,1.9332,-0.64,2.0363846002167665,7.338048145113252,0,04_105_106_4406_ego_105,0,4406,4406,4412,vehicle_vehicle,0.3897857090848505,1.631119280841061,1.261121522031067,12.982924586548288,15.0,3.0,3.5,0.8,0.8518036980431584,3.06649331295537
4,109,4422,112,66.9938,-31.4692,226.1655,1.9675,4.2148,-5.5161,-5.7971,1.8174,-1.4112,8.002,-0.0359,-0.2407,-2.2884,car,105,52.4172,-46.7963,0.1137,-0.0684,0.1323,0.0092,332.9416,0.13268854509715597,0.4776787623497615,14.576599999999992,15.327100000000002,-5.6297999999999995,-5.728700000000001,8.031976825788282,21.151767348616517,0,04_105_106_4406_ego_105,0,4406,4406,4412,vehicle_vehicle,0.3897857090848505,1.631119280841061,1.261121522031067,12.982924586548288,15.0,3.0,3.5,0.8,0.8518036980431584,3.06649331295537
4,103,4423,289,62.5564,-55.4288,283.358,2.0056,4.344,1.8707,-7.6708,0.2087,-1.4065,7.8954,-0.0478,1.4167,0.122,car,105,52.422,-46.7987,0.1017,-0.0602,0.1179,0.0074,332.9585,0.1181817667832056,0.4254543604195402,10.1344,-8.630100000000006,1.7690000000000001,-7.6106,7.813487912577839,13.311073937515339,0,04_105_106_4406_ego_105,0,4406,4406,4412,vehicle_vehicle,0.3897857090848505,1.631119280841061,1.261121522031067,12.982924586548288,15.0,3.0,3.5,0.8,0.8518036980431584,3.06649331295537
4,105,4423,199,52.422,-46.7987,332.9585,1.9366,3.862,0.1017,-0.0602,-0.3848,0.2417,0.1179,0.0074,-0.4526,-0.0404,car,105,52.422,-46.7987,0.1017,-0.0602,0.1179,0.0074,332.9585,0.1181817667832056,0.4254543604195402,0.0,0.0,0.0,0.0,0.0,0.0,1,04_105_106_4406_ego_105,1,4406,4406,4412,vehicle_vehicle,0.3897857090848505,1.631119280841061,1.261121522031067,12.982924586548288,15.0,3.0,3.5,0.8,0.8518036980431584,3.06649331295537
4,106,4423,177,60.0669,-40.5321,252.9552,2.0003,4.1329,-2.0537,-7.6364,2.9151,-1.1963,7.903,-0.2749,0.2893,-3.1377,car,105,52.422,-46.7987,0.1017,-0.0602,0.1179,0.0074,332.9585,0.1181817667832056,0.4254543604195402,7.6449,6.266599999999997,-2.1554,-7.5762,7.876836649315511,9.885078227813878,0,04_105_106_4406_ego_105,1,4406,4406,4412,vehicle_vehicle,0.3897857090848505,1.631119280841061,1.261121522031067,12.982924586548288,15.0,3.0,3.5,0.8,0.8518036980431584,3.06649331295537
4,107,4423,154,45.8232,-43.7746,342.2255,2.0619,5.249,1.9713,-0.6829,-1.7736,0.593,2.0857,0.0485,-1.8699,-0.0233,car,105,52.422,-46.7987,0.1017,-0.0602,0.1179,0.0074,332.9585,0.1181817667832056,0.4254543604195402,-6.598799999999997,3.024099999999997,1.8696000000000002,-0.6226999999999999,1.970573381023909,7.258742470290563,0,04_105_106_4406_ego_105,0,4406,4406,4412,vehicle_vehicle,0.3897857090848505,1.631119280841061,1.261121522031067,12.982924586548288,15.0,3.0,3.5,0.8,0.8518036980431584,3.06649331295537
4,109,4423,113,66.7749,-31.7025,226.792,1.9675,4.2148,-5.4428,-5.8528,1.8571,-1.3907,7.9924,-0.04,-0.2578,-2.3058,car,105,52.422,-46.7987,0.1017,-0.0602,0.1179,0.0074,332.9585,0.1181817667832056,0.4254543604195402,14.352900000000005,15.096199999999996,-5.5445,-5.7926,8.01845964072901,20.830290272821454,0,04_105_106_4406_ego_105,0,4406,4406,4412,vehicle_vehicle,0.3897857090848505,1.631119280841061,1.261121522031067,12.982924586548288,15.0,3.0,3.5,0.8,0.8518036980431584,3.06649331295537
4,103,4424,290,62.6314,-55.7364,283.3984,2.0056,4.344,1.8784,-7.7294,0.1047,-1.4177,7.9543,-0.0362,1.4033,0.2267,car,105,52.4264,-46.8006,0.091,-0.0532,0.1052,0.006,332.9623,0.10540986671085396,0.37947552015907426,10.204999999999998,-8.9358,1.7874,-7.6762,7.881550938742958,13.564311506302115,0,04_105_106_4406_ego_105,0,4406,4406,4412,vehicle_vehicle,0.3897857090848505,1.631119280841061,1.261121522031067,12.982924586548288,15.0,3.0,3.5,0.8,0.8518036980431584,3.06649331295537
4,105,4424,200,52.4264,-46.8006,332.9623,1.9366,3.862,0.091,-0.0532,-0.3494,0.2172,0.1052,0.006,-0.41,-0.0347,car,105,52.4264,-46.8006,0.091,-0.0532,0.1052,0.006,332.9623,0.10540986671085396,0.37947552015907426,0.0,0.0,0.0,0.0,0.0,0.0,1,04_105_106_4406_ego_105,1,4406,4406,4412,vehicle_vehicle,0.3897857090848505,1.631119280841061,1.261121522031067,12.982924586548288,15.0,3.0,3.5,0.8,0.8518036980431584,3.06649331295537
4,106,4424,178,59.9874,-40.8385,253.8482,2.0003,4.1329,-1.9359,-7.6857,2.9288,-1.1541,7.9209,-0.2785,0.2938,-3.1343,car,105,52.4264,-46.8006,0.091,-0.0532,0.1052,0.006,332.9623,0.10540986671085396,0.37947552015907426,7.561,5.9620999999999995,-2.0269,-7.632499999999999,7.897048806991127,9.628881420497398,0,04_105_106_4406_ego_105,1,4406,4406,4412,vehicle_vehicle,0.3897857090848505,1.631119280841061,1.261121522031067,12.982924586548288,15.0,3.0,3.5,0.8,0.8518036980431584,3.06649331295537
4,107,4424,155,45.9001,-43.8013,342.2105,2.0619,5.249,1.8959,-0.6575,-1.7691,0.5934,2.0061,0.0468,-1.8658,-0.0245,car,105,52.4264,-46.8006,0.091,-0.0532,0.1052,0.006,332.9623,0.10540986671085396,0.37947552015907426,-6.526299999999999,2.999300000000005,1.8049,-0.6043,1.9033766048788137,7.182505981897963,0,04_105_106_4406_ego_105,0,4406,4406,4412,vehicle_vehicle,0.3897857090848505,1.631119280841061,1.261121522031067,12.982924586548288,15.0,3.0,3.5,0.8,0.8518036980431584,3.06649331295537
4,109,4424,114,66.5591,-31.9381,227.4122,1.9675,4.2148,-5.3682,-5.9077,1.8964,-1.371,7.9822,-0.0456,-0.2739,-2.324,car,105,52.4264,-46.8006,0.091,-0.0532,0.1052,0.006,332.9623,0.10540986671085396,0.37947552015907426,14.1327,14.862500000000004,-5.4592,-5.8545,8.004875694849982,20.509195877459458,0,04_105_106_4406_ego_105,0,4406,4406,4412,vehicle_vehicle,0.3897857090848505,1.631119280841061,1.261121522031067,12.982924586548288,15.0,3.0,3.5,0.8,0.8518036980431584,3.06649331295537
4,103,4425,291,62.7064,-56.0467,283.4083,2.0056,4.344,1.882,-7.7885,0.0013,-1.4264,8.0126,-0.0246,1.3878,0.3295,car,105,52.4308,-46.8021,0.0814,-0.0473,0.094,0.0051,332.9549,0.09414483522743029,0.33892140681874905,10.275600000000004,-9.244599999999998,1.8006,-7.7412,7.947851143548173,13.82210492363591,0,04_105_106_4406_ego_105,0,4406,4406,4412,vehicle_vehicle,0.3897857090848505,1.631119280841061,1.261121522031067,12.982924586548288,15.0,3.0,3.5,0.8,0.8518036980431584,3.06649331295537
4,105,4425,201,52.4308,-46.8021,332.9549,1.9366,3.862,0.0814,-0.0473,-0.3185,0.1954,0.094,0.0051,-0.3726,-0.0292,car,105,52.4308,-46.8021,0.0814,-0.0473,0.094,0.0051,332.9549,0.09414483522743029,0.33892140681874905,0.0,0.0,0.0,0.0,0.0,0.0,1,04_105_106_4406_ego_105,1,4406,4406,4412,vehicle_vehicle,0.3897857090848505,1.631119280841061,1.261121522031067,12.982924586548288,15.0,3.0,3.5,0.8,0.8518036980431584,3.06649331295537
4,106,4425,179,59.9124,-41.147,254.7421,2.0003,4.1329,-1.8176,-7.7333,2.9414,-1.1106,7.939,-0.2815,0.2973,-3.13,car,105,52.4308,-46.8021,0.0814,-0.0473,0.094,0.0051,332.9549,0.09414483522743029,0.33892140681874905,7.4816,5.6551000000000045,-1.899,-7.686,7.917120499272447,9.378405758443172,0,04_105_106_4406_ego_105,1,4406,4406,4412,vehicle_vehicle,0.3897857090848505,1.631119280841061,1.261121522031067,12.982924586548288,15.0,3.0,3.5,0.8,0.8518036980431584,3.06649331295537
4,107,4425,156,45.9744,-43.8268,342.202,2.0619,5.249,1.8207,-0.6322,-1.7602,0.5921,1.9268,0.0454,-1.857,-0.0257,car,105,52.4308,-46.8021,0.0814,-0.0473,0.094,0.0051,332.9549,0.09414483522743029,0.33892140681874905,-6.456399999999995,2.9753000000000043,1.7393,-0.5849,1.8350129427336475,7.108973980118366,0,04_105_106_4406_ego_105,0,4406,4406,4412,vehicle_vehicle,0.3897857090848505,1.631119280841061,1.261121522031067,12.982924586548288,15.0,3.0,3.5,0.8,0.8518036980431584,3.06649331295537
4,109,4425,115,66.3463,-32.1757,228.0205,1.9675,4.2148,-5.2921,-5.9616,1.9353,-1.3521,7.9715,-0.0535,-0.2893,-2.343,car,105,52.4308,-46.8021,0.0814,-0.0473,0.094,0.0051,332.9549,0.09414483522743029,0.33892140681874905,13.915500000000002,14.626400000000004,-5.3735,-5.9143,7.990835171620048,20.188430280980246,0,04_105_106_4406_ego_105,0,4406,4406,4412,vehicle_vehicle,0.3897857090848505,1.631119280841061,1.261121522031067,12.982924586548288,15.0,3.0,3.5,0.8,0.8518036980431584,3.06649331295537
4,103,4426,292,62.7821,-56.3595,283.3886,2.0056,4.344,1.8813,-7.8479,-0.1015,-1.4327,8.0702,-0.013,1.3703,0.4305,car,105,52.4351,-46.8033,0.0724,-0.0425,0.0838,0.0049,332.9364,0.08395242700482221,0.30222873721735993,10.347000000000001,-9.556199999999997,1.8089,-7.8054,8.012264871433045,14.084792062362865,0,04_105_106_4406_ego_105,0,4406,4406,4412,vehicle_vehicle,0.3897857090848505,1.631119280841061,1.261121522031067,12.982924586548288,15.0,3.0,3.5,0.8,0.8518036980431584,3.06649331295537
4,105,4426,202,52.4351,-46.8033,332.9364,1.9366,3.862,0.0724,-0.0425,-0.2917,0.1766,0.0838,0.0049,-0.3401,-0.0246,car,105,52.4351,-46.8033,0.0724,-0.0425,0.0838,0.0049,332.9364,0.08395242700482221,0.30222873721735993,0.0,0.0,0.0,0.0,0.0,0.0,1,04_105_106_4406_ego_105,1,4406,4406,4412,vehicle_vehicle,0.3897857090848505,1.631119280841061,1.261121522031067,12.982924586548288,15.0,3.0,3.5,0.8,0.8518036980431584,3.06649331295537
4,106,4426,180,59.842,-41.4571,255.6249,2.0003,4.1329,-1.6988,-7.7791,2.9529,-1.0655,7.9574,-0.2857,0.2991,-3.125,car,105,52.4351,-46.8033,0.0724,-0.0425,0.0838,0.0049,332.9364,0.08395242700482221,0.30222873721735993,7.4069,5.346200000000003,-1.7712,-7.736599999999999,7.93675809131159,9.134769950578944,0,04_105_106_4406_ego_105,1,4406,4406,4412,vehicle_vehicle,0.3897857090848505,1.631119280841061,1.261121522031067,12.982924586548288,15.0,3.0,3.5,0.8,0.8518036980431584,3.06649331295537
4,107,4426,157,46.0452,-43.8512,342.1946,2.0619,5.249,1.7461,-0.607,-1.747,0.5893,1.8481,0.044,-1.8436,-0.0269,car,105,52.4351,-46.8033,0.0724,-0.0425,0.0838,0.0049,332.9364,0.08395242700482221,0.30222873721735993,-6.389899999999997,2.9521000000000015,1.6737,-0.5645,1.7663329074667662,7.038871814431626,0,04_105_106_4406_ego_105,0,4406,4406,4412,vehicle_vehicle,0.3897857090848505,1.631119280841061,1.261121522031067,12.982924586548288,15.0,3.0,3.5,0.8,0.8518036980431584,3.06649331295537
4,109,4426,116,66.1363,-32.4152,228.6297,1.9675,4.2148,-5.2145,-6.0148,1.974,-1.3341,7.9602,-0.0621,-0.3035,-2.3631,car,105,52.4351,-46.8033,0.0724,-0.0425,0.0838,0.0049,332.9364,0.08395242700482221,0.30222873721735993,13.701200000000007,14.388100000000001,-5.2869,-5.9723,7.976194512422575,19.86807245431726,0,04_105_106_4406_ego_105,0,4406,4406,4412,vehicle_vehicle,0.3897857090848505,1.631119280841061,1.261121522031067,12.982924586548288,15.0,3.0,3.5,0.8,0.8518036980431584,3.06649331295537
4,103,4427,293,62.8573,-56.6746,283.3229,2.0056,4.344,1.8765,-7.9075,-0.2035,-1.4368,8.1271,-0.0038,1.3512,0.5292,car,105,52.4389,-46.8057,0.0641,-0.0382,0.0744,0.0048,332.9214,0.07461936745912552,0.26862972285285186,10.418400000000005,-9.868899999999996,1.8124,-7.8693,8.075312764840753,14.350548622613703,0,04_105_106_4406_ego_105,0,4406,4406,4412,vehicle_vehicle,0.3897857090848505,1.631119280841061,1.261121522031067,12.982924586548288,15.0,3.0,3.5,0.8,0.8518036980431584,3.06649331295537
4,105,4427,203,52.4389,-46.8057,332.9214,1.9366,3.862,0.0641,-0.0382,-0.2685,0.1607,0.0744,0.0048,-0.3122,-0.0208,car,105,52.4389,-46.8057,0.0641,-0.0382,0.0744,0.0048,332.9214,0.07461936745912552,0.26862972285285186,0.0,0.0,0.0,0.0,0.0,0.0,1,04_105_106_4406_ego_105,1,4406,4406,4412,vehicle_vehicle,0.3897857090848505,1.631119280841061,1.261121522031067,12.982924586548288,15.0,3.0,3.5,0.8,0.8518036980431584,3.06649331295537
4,106,4427,181,59.7764,-41.7687,256.4883,2.0003,4.1329,-1.5796,-7.8234,2.9632,-1.019,7.9759,-0.292,0.2985,-3.1193,car,105,52.4389,-46.8057,0.0641,-0.0382,0.0744,0.0048,332.9214,0.07461936745912552,0.26862972285285186,7.337500000000006,5.036999999999999,-1.6437,-7.785200000000001,7.956826548945252,8.900015463469718,0,04_105_106_4406_ego_105,1,4406,4406,4412,vehicle_vehicle,0.3897857090848505,1.631119280841061,1.261121522031067,12.982924586548288,15.0,3.0,3.5,0.8,0.8518036980431584,3.06649331295537
4,107,4427,158,46.1128,-43.8747,342.1794,2.0619,5.249,1.6724,-0.5821,-1.7299,0.5852,1.7703,0.0424,-1.8259,-0.0277,car,105,52.4389,-46.8057,0.0641,-0.0382,0.0744,0.0048,332.9214,0.07461936745912552,0.26862972285285186,-6.326099999999997,2.9310000000000045,1.6083,-0.5438999999999999,1.6977797560343333,6.972108878237631,0,04_105_106_4406_ego_105,0,4406,4406,4412,vehicle_vehicle,0.3897857090848505,1.631119280841061,1.261121522031067,12.982924586548288,15.0,3.0,3.5,0.8,0.8518036980431584,3.06649331295537
4,109,4427,117,65.9294,-32.6567,229.2452,1.9675,4.2148,-5.1354,-6.0674,2.0126,-1.3169,7.9486,-0.0708,-0.3163,-2.3843,car,105,52.4389,-46.8057,0.0641,-0.0382,0.0744,0.0048,332.9214,0.07461936745912552,0.26862972285285186,13.490500000000004,14.149000000000001,-5.1995,-6.0292,7.961535837387156,19.549623813516213,0,04_105_106_4406_ego_105,0,4406,4406,4412,vehicle_vehicle,0.3897857090848505,1.631119280841061,1.261121522031067,12.982924586548288,15.0,3.0,3.5,0.8,0.8518036980431584,3.06649331295537
4,103,4428,294,62.9315,-56.9922,283.2252,2.0056,4.344,1.868,-7.9672,-0.305,-1.4386,8.1833,0.0043,1.3306,0.626,car,105,52.4424,-46.8082,0.0562,-0.034,0.0655,0.0047,332.9154,0.06568439692956007,0.23646382894641627,10.4891,-10.183999999999997,1.8118,-7.9332,8.137461611583799,14.619681077574844,0,04_105_106_4406_ego_105,0,4406,4406,4412,vehicle_vehicle,0.3897857090848505,1.631119280841061,1.261121522031067,12.982924586548288,15.0,3.0,3.5,0.8,0.8518036980431584,3.06649331295537
4,105,4428,204,52.4424,-46.8082,332.9154,1.9366,3.862,0.0562,-0.034,-0.2484,0.1472,0.0655,0.0047,-0.2881,-0.018,car,105,52.4424,-46.8082,0.0562,-0.034,0.0655,0.0047,332.9154,0.06568439692956007,0.23646382894641627,0.0,0.0,0.0,0.0,0.0,0.0,1,04_105_106_4406_ego_105,1,4406,4406,4412,vehicle_vehicle,0.3897857090848505,1.631119280841061,1.261121522031067,12.982924586548288,15.0,3.0,3.5,0.8,0.8518036980431584,3.06649331295537
4,106,4428,182,59.7147,-42.0827,257.3352,2.0003,4.1329,-1.4596,-7.8656,2.9722,-0.9709,7.9943,-0.3004,0.2957,-3.1128,car,105,52.4424,-46.8082,0.0562,-0.034,0.0655,0.0047,332.9154,0.06568439692956007,0.23646382894641627,7.272300000000001,4.725499999999997,-1.5158,-7.8316,7.976942283857895,8.672756052143978,0,04_105_106_4406_ego_105,1,4406,4406,4412,vehicle_vehicle,0.3897857090848505,1.631119280841061,1.261121522031067,12.982924586548288,15.0,3.0,3.5,0.8,0.8518036980431584,3.06649331295537
4,107,4428,159,46.1769,-43.8973,342.1671,2.0619,5.249,1.6,-0.5575,-1.7091,0.5797,1.6938,0.0407,-1.8045,-0.0284,car,105,52.4424,-46.8082,0.0562,-0.034,0.0655,0.0047,332.9154,0.06568439692956007,0.23646382894641627,-6.265499999999996,2.910899999999998,1.5438,-0.5235,1.6301443770414938,6.908677808379831,0,04_105_106_4406_ego_105,0,4406,4406,4412,vehicle_vehicle,0.3897857090848505,1.631119280841061,1.261121522031067,12.982924586548288,15.0,3.0,3.5,0.8,0.8518036980431584,3.06649331295537
4,109,4428,118,65.7252,-32.9,229.8678,1.9675,4.2148,-5.0546,-6.1194,2.051,-1.3004,7.9366,-0.0797,-0.3278,-2.4063,car,105,52.4424,-46.8082,0.0562,-0.034,0.0655,0.0047,332.9154,0.06568439692956007,0.23646382894641627,13.282800000000002,13.9082,-5.110799999999999,-6.0854,7.946846531801151,19.232025454434073,0,04_105_106_4406_ego_105,0,4406,4406,4412,vehicle_vehicle,0.3897857090848505,1.631119280841061,1.261121522031067,12.982924586548288,15.0,3.0,3.5,0.8,0.8518036980431584,3.06649331295537
4,103,4429,295,63.005,-57.3124,283.0881,2.0056,4.344,1.8557,-8.0269,-0.4062,-1.4382,8.2386,0.0102,1.3088,0.7213,car,105,52.4456,-46.8105,0.0487,-0.03,0.057,0.0045,332.8992,0.05719868879616035,0.20591527966617726,10.559400000000004,-10.5019,1.807,-7.996899999999999,8.198515634552392,14.892643552103168,0,04_105_106_4406_ego_105,0,4406,4406,4412,vehicle_vehicle,0.3897857090848505,1.631119280841061,1.261121522031067,12.982924586548288,15.0,3.0,3.5,0.8,0.8518036980431584,3.06649331295537
4,105,4429,205,52.4456,-46.8105,332.8992,1.9366,3.862,0.0487,-0.03,-0.2309,0.1358,0.057,0.0045,-0.2674,-0.0157,car,105,52.4456,-46.8105,0.0487,-0.03,0.057,0.0045,332.8992,0.05719868879616035,0.20591527966617726,0.0,0.0,0.0,0.0,0.0,0.0,1,04_105_106_4406_ego_105,1,4406,4406,4412,vehicle_vehicle,0.3897857090848505,1.631119280841061,1.261121522031067,12.982924586548288,15.0,3.0,3.5,0.8,0.8518036980431584,3.06649331295537
4,106,4429,183,59.6581,-42.3983,258.1839,2.0003,4.1329,-1.339,-7.9059,2.9797,-0.9214,8.0125,-0.3083,0.2917,-3.1052,car,105,52.4456,-46.8105,0.0487,-0.03,0.057,0.0045,332.8992,0.05719868879616035,0.20591527966617726,7.212499999999999,4.412199999999999,-1.3877,-7.8759,7.997219022885393,8.455037852665118,0,04_105_106_4406_ego_105,1,4406,4406,4412,vehicle_vehicle,0.3897857090848505,1.631119280841061,1.261121522031067,12.982924586548288,15.0,3.0,3.5,0.8,0.8518036980431584,3.06649331295537
4,107,4429,160,46.2384,-43.9188,342.1485,2.0619,5.249,1.5288,-0.5332,-1.6853,0.5731,1.6186,0.0389,-1.7799,-0.0288,car,105,52.4456,-46.8105,0.0487,-0.03,0.057,0.0045,332.8992,0.05719868879616035,0.20591527966617726,-6.2072,2.8917,1.4801,-0.5032,1.5632997953047905,6.847719381662774,0,04_105_106_4406_ego_105,0,4406,4406,4412,vehicle_vehicle,0.3897857090848505,1.631119280841061,1.261121522031067,12.982924586548288,15.0,3.0,3.5,0.8,0.8518036980431584,3.06649331295537
4,109,4429,119,65.5242,-33.1451,230.5133,1.9675,4.2148,-4.9721,-6.1711,2.0891,-1.2844,7.9245,-0.0868,-0.3372,-2.429,car,105,52.4456,-46.8105,0.0487,-0.03,0.057,0.0045,332.8992,0.05719868879616035,0.20591527966617726,13.078599999999994,13.665399999999998,-5.0208,-6.1411,7.9323099945728295,18.915415277492585,0,04_105_106_4406_ego_105,0,4406,4406,4412,vehicle_vehicle,0.3897857090848505,1.631119280841061,1.261121522031067,12.982924586548288,15.0,3.0,3.5,0.8,0.8518036980431584,3.06649331295537
4,103,4430,296,63.0787,-57.6349,282.9189,2.0056,4.344,1.8395,-8.0864,-0.5074,-1.4357,8.293,0.015,1.2859,0.8155,car,105,52.4483,-46.8124,0.0415,-0.0261,0.0488,0.0043,332.8905,0.049025095614389176,0.17649034421180104,10.630399999999995,-10.822500000000005,1.7979999999999998,-8.0603,8.258404209652129,15.170099222154086,0,04_105_106_4406_ego_105,0,4406,4406,4412,vehicle_vehicle,0.3897857090848505,1.631119280841061,1.261121522031067,12.982924586548288,15.0,3.0,3.5,0.8,0.8518036980431584,3.06649331295537
4,105,4430,206,52.4483,-46.8124,332.8905,1.9366,3.862,0.0415,-0.0261,-0.2156,0.1261,0.0488,0.0043,-0.2494,-0.014,car,105,52.4483,-46.8124,0.0415,-0.0261,0.0488,0.0043,332.8905,0.049025095614389176,0.17649034421180104,0.0,0.0,0.0,0.0,0.0,0.0,1,04_105_106_4406_ego_105,1,4406,4406,4412,vehicle_vehicle,0.3897857090848505,1.631119280841061,1.261121522031067,12.982924586548288,15.0,3.0,3.5,0.8,0.8518036980431584,3.06649331295537
4,106,4430,184,59.6066,-42.7159,259.0206,2.0003,4.1329,-1.218,-7.9439,2.9853,-0.8706,8.0305,-0.3173,0.2861,-3.0965,car,105,52.4483,-46.8124,0.0415,-0.0261,0.0488,0.0043,332.8905,0.049025095614389176,0.17649034421180104,7.158299999999997,4.096499999999999,-1.2595,-7.917800000000001,8.017349754750631,8.247579714073696,0,04_105_106_4406_ego_105,1,4406,4406,4412,vehicle_vehicle,0.3897857090848505,1.631119280841061,1.261121522031067,12.982924586548288,15.0,3.0,3.5,0.8,0.8518036980431584,3.06649331295537
4,107,4430,161,46.2973,-43.9394,342.122,2.0619,5.249,1.4589,-0.5093,-1.6589,0.5654,1.5448,0.0368,-1.7524,-0.0288,car,105,52.4483,-46.8124,0.0415,-0.0261,0.0488,0.0043,332.8905,0.049025095614389176,0.17649034421180104,-6.151000000000003,2.8729999999999976,1.4174,-0.48319999999999996,1.4974995826376714,6.788882824147138,0,04_105_106_4406_ego_105,0,4406,4406,4412,vehicle_vehicle,0.3897857090848505,1.631119280841061,1.261121522031067,12.982924586548288,15.0,3.0,3.5,0.8,0.8518036980431584,3.06649331295537
4,109,4430,120,65.3264,-33.3923,231.167,1.9675,4.2148,-4.8879,-6.2224,2.1265,-1.2686,7.9121,-0.0942,-0.3452,-2.452,car,105,52.4483,-46.8124,0.0415,-0.0261,0.0488,0.0043,332.8905,0.049025095614389176,0.17649034421180104,12.878100000000003,13.420099999999998,-4.9294,-6.196300000000001,7.917898588009321,18.599584501273142,0,04_105_106_4406_ego_105,0,4406,4406,4412,vehicle_vehicle,0.3897857090848505,1.631119280841061,1.261121522031067,12.982924586548288,15.0,3.0,3.5,0.8,0.8518036980431584,3.06649331295537
4,103,4431,297,63.1519,-57.9603,282.7188,2.0056,4.344,1.8192,-8.1455,-0.6086,-1.4314,8.3462,0.0188,1.2623,0.9088,car,105,52.4507,-46.8142,0.0346,-0.0223,0.0409,0.0041,332.8826,0.04116369759873376,0.14818931135544156,10.7012,-11.146099999999997,1.7846,-8.1232,8.316921028842344,15.451576833773306,0,04_105_106_4406_ego_105,0,4406,4406,4412,vehicle_vehicle,0.3897857090848505,1.631119280841061,1.261121522031067,12.982924586548288,15.0,3.0,3.5,0.8,0.8518036980431584,3.06649331295537
4,105,4431,207,52.4507,-46.8142,332.8826,1.9366,3.862,0.0346,-0.0223,-0.2022,0.1178,0.0409,0.0041,-0.2337,-0.0127,car,105,52.4507,-46.8142,0.0346,-0.0223,0.0409,0.0041,332.8826,0.04116369759873376,0.14818931135544156,0.0,0.0,0.0,0.0,0.0,0.0,1,04_105_106_4406_ego_105,1,4406,4406,4412,vehicle_vehicle,0.3897857090848505,1.631119280841061,1.261121522031067,12.982924586548288,15.0,3.0,3.5,0.8,0.8518036980431584,3.06649331295537
4,106,4431,185,59.5601,-43.0351,259.8365,2.0003,4.1329,-1.0966,-7.9796,2.9891,-0.8187,8.0479,-0.3286,0.2784,-3.0866,car,105,52.4507,-46.8142,0.0346,-0.0223,0.0409,0.0041,332.8826,0.04116369759873376,0.14818931135544156,7.109400000000001,3.7790999999999997,-1.1312,-7.957299999999999,8.037302826819454,8.051407651460707,0,04_105_106_4406_ego_105,1,4406,4406,4412,vehicle_vehicle,0.3897857090848505,1.631119280841061,1.261121522031067,12.982924586548288,15.0,3.0,3.5,0.8,0.8518036980431584,3.06649331295537
4,107,4431,162,46.3535,-43.9592,342.0889,2.0619,5.249,1.3904,-0.4857,-1.6302,0.5568,1.4724,0.0346,-1.7225,-0.0284,car,105,52.4507,-46.8142,0.0346,-0.0223,0.0409,0.0041,332.8826,0.04116369759873376,0.14818931135544156,-6.097200000000001,2.854999999999997,1.3558000000000001,-0.46340000000000003,1.4328060580553115,6.732523512027269,0,04_105_106_4406_ego_105,0,4406,4406,4412,vehicle_vehicle,0.3897857090848505,1.631119280841061,1.261121522031067,12.982924586548288,15.0,3.0,3.5,0.8,0.8518036980431584,3.06649331295537
4,109,4431,121,65.1312,-33.6414,231.8155,1.9675,4.2148,-4.8016,-6.2734,2.163,-1.2527,7.8994,-0.104,-0.3525,-2.4746,car,105,52.4507,-46.8142,0.0346,-0.0223,0.0409,0.0041,332.8826,0.04116369759873376,0.14818931135544156,12.68050000000001,13.172800000000002,-4.8362,-6.251099999999999,7.903485411513074,18.284357798128987,0,04_105_106_4406_ego_105,0,4406,4406,4412,vehicle_vehicle,0.3897857090848505,1.631119280841061,1.261121522031067,12.982924586548288,15.0,3.0,3.5,0.8,0.8518036980431584,3.06649331295537
4,103,4432,298,63.2242,-58.2882,282.5108,2.0056,4.344,1.7948,-8.2041,-0.7098,-1.4256,8.3981,0.025,1.238,1.0018,car,105,52.4528,-46.8156,0.0278,-0.0185,0.0332,0.0038,332.8747,0.033392963330618024,0.12021466799022489,10.7714,-11.4726,1.767,-8.1856,8.374146903416491,15.736696245400429,0,04_105_106_4406_ego_105,0,4406,4406,4412,vehicle_vehicle,0.3897857090848505,1.631119280841061,1.261121522031067,12.982924586548288,15.0,3.0,3.5,0.8,0.8518036980431584,3.06649331295537
4,105,4432,208,52.4528,-46.8156,332.8747,1.9366,3.862,0.0278,-0.0185,-0.1903,0.1105,0.0332,0.0038,-0.2198,-0.0116,car,105,52.4528,-46.8156,0.0278,-0.0185,0.0332,0.0038,332.8747,0.033392963330618024,0.12021466799022489,0.0,0.0,0.0,0.0,0.0,0.0,1,04_105_106_4406_ego_105,1,4406,4406,4412,vehicle_vehicle,0.3897857090848505,1.631119280841061,1.261121522031067,12.982924586548288,15.0,3.0,3.5,0.8,0.8518036980431584,3.06649331295537
4,106,4432,186,59.5183,-43.3557,260.6393,2.0003,4.1329,-0.975,-8.013,2.9909,-0.7661,8.0648,-0.3413,0.2695,-3.0756,car,105,52.4528,-46.8156,0.0278,-0.0185,0.0332,0.0038,332.8747,0.033392963330618024,0.12021466799022489,7.0655,3.4599000000000046,-1.0028,-7.9944999999999995,8.057148260395858,7.867159478490317,0,04_105_106_4406_ego_105,1,4406,4406,4412,vehicle_vehicle,0.3897857090848505,1.631119280841061,1.261121522031067,12.982924586548288,15.0,3.0,3.5,0.8,0.8518036980431584,3.06649331295537
4,107,4432,163,46.407,-43.9781,342.0566,2.0619,5.249,1.3234,-0.4626,-1.5996,0.5472,1.4016,0.0324,-1.6904,-0.0278,car,105,52.4528,-46.8156,0.0278,-0.0185,0.0332,0.0038,332.8747,0.033392963330618024,0.12021466799022489,-6.045800000000007,2.8375000000000057,1.2955999999999999,-0.4441,1.3696000036507008,6.6785555242133094,0,04_105_106_4406_ego_105,0,4406,4406,4412,vehicle_vehicle,0.3897857090848505,1.631119280841061,1.261121522031067,12.982924586548288,15.0,3.0,3.5,0.8,0.8518036980431584,3.06649331295537
4,109,4432,122,64.9399,-33.8931,232.477,1.9675,4.2148,-4.7134,-6.3239,2.1981,-1.2366,7.8864,-0.1135,-0.3581,-2.4965,car,105,52.4528,-46.8156,0.0278,-0.0185,0.0332,0.0038,332.8747,0.033392963330618024,0.12021466799022489,12.487099999999991,12.922500000000007,-4.7412,-6.3054,7.8890459879506345,17.969938026047835,0,04_105_106_4406_ego_105,0,4406,4406,4412,vehicle_vehicle,0.3897857090848505,1.631119280841061,1.261121522031067,12.982924586548288,15.0,3.0,3.5,0.8,0.8518036980431584,3.06649331295537
4,103,4433,299,63.2952,-58.619,282.2876,2.0056,4.344,1.7665,-8.2618,-0.811,-1.4188,8.4485,0.0322,1.2137,1.0944,car,105,52.4547,-46.8169,0.0211,-0.0148,0.0255,0.0035,332.8675,0.025773047937719746,0.09278297257579109,10.840499999999999,-11.802100000000003,1.7454,-8.247,8.429675566710737,16.02516785122702,0,04_105_106_4406_ego_105,0,4406,4406,4412,vehicle_vehicle,0.3897857090848505,1.631119280841061,1.261121522031067,12.982924586548288,15.0,3.0,3.5,0.8,0.8518036980431584,3.06649331295537
4,105,4433,209,52.4547,-46.8169,332.8675,1.9366,3.862,0.0211,-0.0148,-0.1796,0.1041,0.0255,0.0035,-0.2073,-0.0108,car,105,52.4547,-46.8169,0.0211,-0.0148,0.0255,0.0035,332.8675,0.025773047937719746,0.09278297257579109,0.0,0.0,0.0,0.0,0.0,0.0,1,04_105_106_4406_ego_105,1,4406,4406,4412,vehicle_vehicle,0.3897857090848505,1.631119280841061,1.261121522031067,12.982924586548288,15.0,3.0,3.5,0.8,0.8518036980431584,3.06649331295537
4,106,4433,187,59.482,-43.6777,261.43,2.0003,4.1329,-0.8535,-8.0438,2.9907,-0.7131,8.0812,-0.3547,0.2595,-3.0635,car,105,52.4547,-46.8169,0.0211,-0.0148,0.0255,0.0035,332.8675,0.025773047937719746,0.09278297257579109,7.027299999999997,3.1391999999999953,-0.8746,-8.029,8.076494670338116,7.696591578744446,0,04_105_106_4406_ego_105,1,4406,4406,4412,vehicle_vehicle,0.3897857090848505,1.631119280841061,1.261121522031067,12.982924586548288,15.0,3.0,3.5,0.8,0.8518036980431584,3.06649331295537
4,107,4433,164,46.4575,-43.9957,342.027,2.0619,5.249,1.2581,-0.44,-1.5674,0.5369,1.3325,0.0303,-1.6566,-0.027,car,105,52.4547,-46.8169,0.0211,-0.0148,0.0255,0.0035,332.8675,0.025773047937719746,0.09278297257579109,-5.997199999999999,2.8211999999999975,1.237,-0.4252,1.3080382410312017,6.627637382959329,0,04_105_106_4406_ego_105,0,4406,4406,4412,vehicle_vehicle,0.3897857090848505,1.631119280841061,1.261121522031067,12.982924586548288,15.0,3.0,3.5,0.8,0.8518036980431584,3.06649331295537
4,109,4433,123,64.7524,-34.1471,233.1508,1.9675,4.2148,-4.6236,-6.3737,2.2314,-1.22,7.8731,-0.1225,-0.3619,-2.5172,car,105,52.4547,-46.8169,0.0211,-0.0148,0.0255,0.0035,332.8675,0.025773047937719746,0.09278297257579109,12.297699999999992,12.669799999999995,-4.644699999999999,-6.3589,7.87456965808291,17.656649096869984,0,04_105_106_4406_ego_105,0,4406,4406,4412,vehicle_vehicle,0.3897857090848505,1.631119280841061,1.261121522031067,12.982924586548288,15.0,3.0,3.5,0.8,0.8518036980431584,3.06649331295537
4,103,4434,300,63.3653,-58.9515,282.0448,2.0056,4.344,1.7342,-8.3189,-0.9124,-1.4114,8.4976,0.04,1.19,1.1868,car,105,52.456,-46.8178,0.0146,-0.0111,0.0181,0.0032,332.8558,0.018340392580312996,0.06602541328912678,10.909299999999995,-12.133700000000005,1.7196,-8.307799999999999,8.483900341234566,16.316847188718782,0,04_105_106_4406_ego_105,0,4406,4406,4412,vehicle_vehicle,0.3897857090848505,1.631119280841061,1.261121522031067,12.982924586548288,15.0,3.0,3.5,0.8,0.8518036980431584,3.06649331295537
4,105,4434,210,52.456,-46.8178,332.8558,1.9366,3.862,0.0146,-0.0111,-0.1696,0.0983,0.0181,0.0032,-0.1958,-0.0101,car,105,52.456,-46.8178,0.0146,-0.0111,0.0181,0.0032,332.8558,0.018340392580312996,0.06602541328912678,0.0,0.0,0.0,0.0,0.0,0.0,1,04_105_106_4406_ego_105,1,4406,4406,4412,vehicle_vehicle,0.3897857090848505,1.631119280841061,1.261121522031067,12.982924586548288,15.0,3.0,3.5,0.8,0.8518036980431584,3.06649331295537
4,106,4434,188,59.4505,-44.0008,262.2109,2.0003,4.1329,-0.732,-8.0723,2.9886,-0.66,8.097,-0.3688,0.2489,-3.0505,car,105,52.456,-46.8178,0.0146,-0.0111,0.0181,0.0032,332.8558,0.018340392580312996,0.06602541328912678,6.994499999999995,2.817,-0.7465999999999999,-8.0612,8.095699907975838,7.540458822246823,0,04_105_106_4406_ego_105,1,4406,4406,4412,vehicle_vehicle,0.3897857090848505,1.631119280841061,1.261121522031067,12.982924586548288,15.0,3.0,3.5,0.8,0.8518036980431584,3.06649331295537
4,107,4434,165,46.5051,-44.0121,342.0051,2.0619,5.249,1.1947,-0.4181,-1.5341,0.5259,1.2654,0.0285,-1.6216,-0.0263,car,105,52.456,-46.8178,0.0146,-0.0111,0.0181,0.0032,332.8558,0.018340392580312996,0.06602541328912678,-5.950900000000004,2.8057000000000016,1.1801000000000001,-0.40700000000000003,1.2483128654307782,6.579146092009211,0,04_105_106_4406_ego_105,0,4406,4406,4412,vehicle_vehicle,0.3897857090848505,1.631119280841061,1.261121522031067,12.982924586548288,15.0,3.0,3.5,0.8,0.8518036980431584,3.06649331295537
4,109,4434,124,64.5686,-34.4031,233.8421,1.9675,4.2148,-4.5322,-6.4228,2.2626,-1.2032,7.8597,-0.1303,-0.3635,-2.5367,car,105,52.456,-46.8178,0.0146,-0.0111,0.0181,0.0032,332.8558,0.018340392580312996,0.06602541328912678,12.1126,12.414699999999996,-4.546799999999999,-6.4117,7.86023454675495,17.344735652352846,0,04_105_106_4406_ego_105,0,4406,4406,4412,vehicle_vehicle,0.3897857090848505,1.631119280841061,1.261121522031067,12.982924586548288,15.0,3.0,3.5,0.8,0.8518036980431584,3.06649331295537
4,103,4435,301,63.434,-59.2859,281.7765,2.0056,4.344,1.6977,-8.3755,-1.0137,-1.4039,8.5457,0.0474,1.1674,1.2789,car,105,52.4574,-46.8188,0.0082,-0.0075,0.0107,0.0029,332.8405,0.011112605455067683,0.04000537963824366,10.976599999999998,-12.467099999999995,1.6895,-8.368,8.536851541991345,16.610669160813476,0,04_105_106_4406_ego_105,0,4406,4406,4412,vehicle_vehicle,0.3897857090848505,1.631119280841061,1.261121522031067,12.982924586548288,15.0,3.0,3.5,0.8,0.8518036980431584,3.06649331295537
4,105,4435,211,52.4574,-46.8188,332.8405,1.9366,3.862,0.0082,-0.0075,-0.1602,0.0929,0.0107,0.0029,-0.1849,-0.0095,car,105,52.4574,-46.8188,0.0082,-0.0075,0.0107,0.0029,332.8405,0.011112605455067683,0.04000537963824366,0.0,0.0,0.0,0.0,0.0,0.0,1,04_105_106_4406_ego_105,1,4406,4406,4412,vehicle_vehicle,0.3897857090848505,1.631119280841061,1.261121522031067,12.982924586548288,15.0,3.0,3.5,0.8,0.8518036980431584,3.06649331295537
4,106,4435,189,59.4242,-44.3252,262.9832,2.0003,4.1329,-0.6109,-8.0982,2.9848,-0.6072,8.1122,-0.383,0.2381,-3.0366,car,105,52.4574,-46.8188,0.0082,-0.0075,0.0107,0.0029,332.8405,0.011112605455067683,0.04000537963824366,6.966799999999999,2.4936000000000007,-0.6191,-8.0907,8.114352179934022,7.399617773912379,0,04_105_106_4406_ego_105,1,4406,4406,4412,vehicle_vehicle,0.3897857090848505,1.631119280841061,1.261121522031067,12.982924586548288,15.0,3.0,3.5,0.8,0.8518036980431584,3.06649331295537
4,107,4435,166,46.5513,-44.0279,341.9918,2.0619,5.249,1.1327,-0.3968,-1.5002,0.5147,1.1999,0.0272,-1.5859,-0.0257,car,105,52.4574,-46.8188,0.0082,-0.0075,0.0107,0.0029,332.8405,0.011112605455067683,0.04000537963824366,-5.906100000000002,2.7909000000000006,1.1245,-0.3893,1.189980983041326,6.532315058231655,0,04_105_106_4406_ego_105,0,4406,4406,4412,vehicle_vehicle,0.3897857090848505,1.631119280841061,1.261121522031067,12.982924586548288,15.0,3.0,3.5,0.8,0.8518036980431584,3.06649331295537
4,109,4435,125,64.3894,-34.6612,234.5531,1.9675,4.2148,-4.4396,-6.4711,2.2917,-1.1861,7.8464,-0.1362,-0.3628,-2.5549,car,105,52.4574,-46.8188,0.0082,-0.0075,0.0107,0.0029,332.8405,0.011112605455067683,0.04000537963824366,11.931999999999995,12.157600000000002,-4.447800000000001,-6.4636,7.8460849982650585,17.034666470465453,0,04_105_106_4406_ego_105,0,4406,4406,4412,vehicle_vehicle,0.3897857090848505,1.631119280841061,1.261121522031067,12.982924586548288,15.0,3.0,3.5,0.8,0.8518036980431584,3.06649331295537
4,103,4436,302,63.5013,-59.6225,281.4903,2.0056,4.344,1.6571,-8.4316,-1.1151,-1.3963,8.5927,0.0557,1.1461,1.3709,car,105,52.4583,-46.8193,0.0018,-0.0039,0.0034,0.0027,332.8122,0.004295346318982905,0.01546324674833846,11.043,-12.803200000000004,1.6553,-8.4277,8.588721987583485,16.907684029458323,0,04_105_106_4406_ego_105,0,4406,4406,4412,vehicle_vehicle,0.3897857090848505,1.631119280841061,1.261121522031067,12.982924586548288,15.0,3.0,3.5,0.8,0.8518036980431584,3.06649331295537
4,105,4436,212,52.4583,-46.8193,332.8122,1.9366,3.862,0.0018,-0.0039,-0.1509,0.0877,0.0034,0.0027,-0.1743,-0.009,car,105,52.4583,-46.8193,0.0018,-0.0039,0.0034,0.0027,332.8122,0.004295346318982905,0.01546324674833846,0.0,0.0,0.0,0.0,0.0,0.0,1,04_105_106_4406_ego_105,1,4406,4406,4412,vehicle_vehicle,0.3897857090848505,1.631119280841061,1.261121522031067,12.982924586548288,15.0,3.0,3.5,0.8,0.8518036980431584,3.06649331295537
4,106,4436,190,59.4022,-44.65,263.7586,2.0003,4.1329,-0.4899,-8.1218,2.9794,-0.555,8.127,-0.396,0.2278,-3.0221,car,105,52.4583,-46.8193,0.0018,-0.0039,0.0034,0.0027,332.8122,0.004295346318982905,0.01546324674833846,6.943899999999999,2.1693,-0.4917,-8.1179,8.132777465294376,7.274861490090378,0,04_105_106_4406_ego_105,1,4406,4406,4412,vehicle_vehicle,0.3897857090848505,1.631119280841061,1.261121522031067,12.982924586548288,15.0,3.0,3.5,0.8,0.8518036980431584,3.06649331295537
4,107,4436,167,46.5949,-44.0428,341.9864,2.0619,5.249,1.0723,-0.3763,-1.4659,0.5034,1.1361,0.0262,-1.5497,-0.0254,car,105,52.4583,-46.8193,0.0018,-0.0039,0.0034,0.0027,332.8122,0.004295346318982905,0.01546324674833846,-5.863399999999999,2.7764999999999986,1.0705,-0.3724,1.133424902673309,6.4875582317232405,0,04_105_106_4406_ego_105,0,4406,4406,4412,vehicle_vehicle,0.3897857090848505,1.631119280841061,1.261121522031067,12.982924586548288,15.0,3.0,3.5,0.8,0.8518036980431584,3.06649331295537
4,109,4436,126,64.2138,-34.9211,235.279,1.9675,4.2148,-4.3459,-6.5187,2.3188,-1.1689,7.8333,-0.1409,-0.36,-2.5717,car,105,52.4583,-46.8193,0.0018,-0.0039,0.0034,0.0027,332.8122,0.004295346318982905,0.01546324674833846,11.755500000000005,11.898199999999996,-4.347700000000001,-6.5148,7.832312195641847,16.725996038801394,0,04_105_106_4406_ego_105,0,4406,4406,4412,vehicle_vehicle,0.3897857090848505,1.631119280841061,1.261121522031067,12.982924586548288,15.0,3.0,3.5,0.8,0.8518036980431584,3.06649331295537
4,103,4437,303,63.5672,-59.9612,281.1842,2.0056,4.344,1.6123,-8.4873,-1.2164,-1.3887,8.6388,0.0646,1.1264,1.4626,car,105,52.4587,-46.8197,-0.0044,-0.0005,-0.0037,0.0024,332.7795,0.004428317965096905,0.01594194467434886,11.1085,-13.1415,1.6167,-8.486799999999999,8.639415091891347,17.207492394303127,0,04_105_106_4406_ego_105,0,4406,4406,4412,vehicle_vehicle,0.3897857090848505,1.631119280841061,1.261121522031067,12.982924586548288,15.0,3.0,3.5,0.8,0.8518036980431584,3.06649331295537
4,105,4437,213,52.4587,-46.8197,332.7795,1.9366,3.862,-0.0044,-0.0005,-0.1417,0.0826,-0.0037,0.0024,-0.1637,-0.0087,car,105,52.4587,-46.8197,-0.0044,-0.0005,-0.0037,0.0024,332.7795,0.004428317965096905,0.01594194467434886,0.0,0.0,0.0,0.0,0.0,0.0,1,04_105_106_4406_ego_105,1,4406,4406,4412,vehicle_vehicle,0.3897857090848505,1.631119280841061,1.261121522031067,12.982924586548288,15.0,3.0,3.5,0.8,0.8518036980431584,3.06649331295537
4,106,4437,191,59.3851,-44.976,264.5335,2.0003,4.1329,-0.3692,-8.1431,2.9725,-0.5035,8.1413,-0.4082,0.2181,-3.0069,car,105,52.4587,-46.8197,-0.0044,-0.0005,-0.0037,0.0024,332.7795,0.004428317965096905,0.01594194467434886,6.926400000000001,1.8436999999999983,-0.36479999999999996,-8.1426,8.150767681635884,7.167583041025755,0,04_105_106_4406_ego_105,1,4406,4406,4412,vehicle_vehicle,0.3897857090848505,1.631119280841061,1.261121522031067,12.982924586548288,15.0,3.0,3.5,0.8,0.8518036980431584,3.06649331295537
4,107,4437,168,46.6358,-44.0569,341.9825,2.0619,5.249,1.0137,-0.3564,-1.4313,0.4922,1.0742,0.0254,-1.5133,-0.0253,car,105,52.4587,-46.8197,-0.0044,-0.0005,-0.0037,0.0024,332.7795,0.004428317965096905,0.01594194467434886,-5.822899999999997,2.7627999999999986,1.0181,-0.3559,1.0785139869283107,6.445093346880242,0,04_105_106_4406_ego_105,0,4406,4406,4412,vehicle_vehicle,0.3897857090848505,1.631119280841061,1.261121522031067,12.982924586548288,15.0,3.0,3.5,0.8,0.8518036980431584,3.06649331295537
4,109,4437,127,64.042,-35.183,236.0141,1.9675,4.2148,-4.2512,-6.5655,2.3439,-1.1516,7.8203,-0.1451,-0.3553,-2.5872,car,105,52.4587,-46.8197,-0.0044,-0.0005,-0.0037,0.0024,332.7795,0.004428317965096905,0.01594194467434886,11.583300000000001,11.636699999999998,-4.2467999999999995,-6.565,7.818857668483293,16.41906287764317,0,04_105_106_4406_ego_105,0,4406,4406,4412,vehicle_vehicle,0.3897857090848505,1.631119280841061,1.261121522031067,12.982924586548288,15.0,3.0,3.5,0.8,0.8518036980431584,3.06649331295537
4,103,4438,304,63.6313,-60.302,280.8719,2.0056,4.344,1.5631,-8.5426,-1.3172,-1.3814,8.6841,0.0762,1.1082,1.5541,car,105,52.4591,-46.8199,-0.0104,0.0029,-0.0106,0.0022,332.7441,0.010796758772891057,0.03886833158240781,11.172200000000004,-13.482100000000003,1.5735,-8.5455,8.689158330931715,17.509570904222645,0,04_105_106_4406_ego_105,0,4406,4406,4412,vehicle_vehicle,0.3897857090848505,1.631119280841061,1.261121522031067,12.982924586548288,15.0,3.0,3.5,0.8,0.8518036980431584,3.06649331295537
4,105,4438,214,52.4591,-46.8199,332.7441,1.9366,3.862,-0.0104,0.0029,-0.1321,0.0775,-0.0106,0.0022,-0.1529,-0.0084,car,105,52.4591,-46.8199,-0.0104,0.0029,-0.0106,0.0022,332.7441,0.010796758772891057,0.03886833158240781,0.0,0.0,0.0,0.0,0.0,0.0,1,04_105_106_4406_ego_105,1,4406,4406,4412,vehicle_vehicle,0.3897857090848505,1.631119280841061,1.261121522031067,12.982924586548288,15.0,3.0,3.5,0.8,0.8518036980431584,3.06649331295537
4,106,4438,192,59.3729,-45.3028,265.3256,2.0003,4.1329,-0.2488,-8.1621,2.9641,-0.4531,8.1552,-0.4171,0.21,-2.9911,car,105,52.4591,-46.8199,-0.0104,0.0029,-0.0106,0.0022,332.7441,0.010796758772891057,0.03886833158240781,6.913800000000002,1.5170999999999992,-0.2384,-8.165000000000001,8.168479635770662,7.078292368219896,0,04_105_106_4406_ego_105,1,4406,4406,4412,vehicle_vehicle,0.3897857090848505,1.631119280841061,1.261121522031067,12.982924586548288,15.0,3.0,3.5,0.8,0.8518036980431584,3.06649331295537
4,107,4438,169,46.6752,-44.0706,341.9834,2.0619,5.249,0.9563,-0.337,-1.3966,0.4813,1.0137,0.0247,-1.477,-0.0257,car,105,52.4591,-46.8199,-0.0104,0.0029,-0.0106,0.0022,332.7441,0.010796758772891057,0.03886833158240781,-5.783900000000003,2.749299999999998,0.9667,-0.33990000000000004,1.0247150335581108,6.404072899335237,0,04_105_106_4406_ego_105,0,4406,4406,4412,vehicle_vehicle,0.3897857090848505,1.631119280841061,1.261121522031067,12.982924586548288,15.0,3.0,3.5,0.8,0.8518036980431584,3.06649331295537
4,109,4438,128,63.8747,-35.447,236.752,1.9675,4.2148,-4.1558,-6.6114,2.3672,-1.1342,7.8077,-0.1493,-0.3493,-2.6015,car,105,52.4591,-46.8199,-0.0104,0.0029,-0.0106,0.0022,332.7441,0.010796758772891057,0.03886833158240781,11.415599999999998,11.372899999999994,-4.1454,-6.6143,7.805978839966196,16.113931170574105,0,04_105_106_4406_ego_105,0,4406,4406,4412,vehicle_vehicle,0.3897857090848505,1.631119280841061,1.261121522031067,12.982924586548288,15.0,3.0,3.5,0.8,0.8518036980431584,3.06649331295537
4,103,4439,305,63.6935,-60.6449,280.5458,2.0056,4.344,1.5097,-8.5976,-1.4175,-1.3744,8.7286,0.0894,1.0917,1.645,car,105,52.4592,-46.8199,-0.0164,0.0061,-0.0173,0.0021,332.7204,0.01749771413642365,0.06299177089112515,11.234299999999998,-13.825000000000003,1.5261,-8.6037,8.737999479285863,17.814042817114817,0,04_105_106_4406_ego_105,0,4406,4406,4412,vehicle_vehicle,0.3897857090848505,1.631119280841061,1.261121522031067,12.982924586548288,15.0,3.0,3.5,0.8,0.8518036980431584,3.06649331295537
4,105,4439,215,52.4592,-46.8199,332.7204,1.9366,3.862,-0.0164,0.0061,-0.122,0.0724,-0.0173,0.0021,-0.1416,-0.0084,car,105,52.4592,-46.8199,-0.0164,0.0061,-0.0173,0.0021,332.7204,0.01749771413642365,0.06299177089112515,0.0,0.0,0.0,0.0,0.0,0.0,1,04_105_106_4406_ego_105,1,4406,4406,4412,vehicle_vehicle,0.3897857090848505,1.631119280841061,1.261121522031067,12.982924586548288,15.0,3.0,3.5,0.8,0.8518036980431584,3.06649331295537
4,106,4439,193,59.3651,-45.63,266.1374,2.0003,4.1329,-0.1288,-8.1789,2.9542,-0.4039,8.169,-0.4225,0.204,-2.9747,car,105,52.4592,-46.8199,-0.0164,0.0061,-0.0173,0.0021,332.7204,0.01749771413642365,0.06299177089112515,6.9058999999999955,1.1898999999999944,-0.1124,-8.185,8.18577172659976,7.007661294611771,0,04_105_106_4406_ego_105,1,4406,4406,4412,vehicle_vehicle,0.3897857090848505,1.631119280841061,1.261121522031067,12.982924586548288,15.0,3.0,3.5,0.8,0.8518036980431584,3.06649331295537
4,107,4439,170,46.7122,-44.0834,341.9875,2.0619,5.249,0.9005,-0.3182,-1.3619,0.4707,0.9547,0.0241,-1.4407,-0.0265,car,105,52.4592,-46.8199,-0.0164,0.0061,-0.0173,0.0021,332.7204,0.01749771413642365,0.06299177089112515,-5.747,2.7364999999999995,0.9168999999999999,-0.3243,0.9725616175852304,6.365252646203448,0,04_105_106_4406_ego_105,0,4406,4406,4412,vehicle_vehicle,0.3897857090848505,1.631119280841061,1.261121522031067,12.982924586548288,15.0,3.0,3.5,0.8,0.8518036980431584,3.06649331295537
4,109,4439,129,63.7111,-35.7126,237.4997,1.9675,4.2148,-4.0599,-6.6566,2.389,-1.1171,7.7955,-0.1526,-0.3415,-2.6151,car,105,52.4592,-46.8199,-0.0164,0.0061,-0.0173,0.0021,332.7204,0.01749771413642365,0.06299177089112515,11.2519,11.107299999999995,-4.0435,-6.6627,7.793681000656878,15.81067256317706,0,04_105_106_4406_ego_105,0,4406,4406,4412,vehicle_vehicle,0.3897857090848505,1.631119280841061,1.261121522031067,12.982924586548288,15.0,3.0,3.5,0.8,0.8518036980431584,3.06649331295537
4,103,4440,306,63.7539,-60.9895,280.1983,2.0056,4.344,1.4517,-8.6524,-1.5167,-1.3675,8.7727,0.1032,1.0774,1.7348,car,105,52.4589,-46.8197,-0.0221,0.0092,-0.0238,0.002,332.7099,0.023938462774372126,0.08617846598773965,11.295000000000002,-14.169800000000002,1.4738,-8.6616,8.786091338018288,18.120713480434485,0,04_105_106_4406_ego_105,0,4406,4406,4412,vehicle_vehicle,0.3897857090848505,1.631119280841061,1.261121522031067,12.982924586548288,15.0,3.0,3.5,0.8,0.8518036980431584,3.06649331295537
4,105,4440,216,52.4589,-46.8197,332.7099,1.9366,3.862,-0.0221,0.0092,-0.1112,0.0671,-0.0238,0.002,-0.1295,-0.0086,car,105,52.4589,-46.8197,-0.0221,0.0092,-0.0238,0.002,332.7099,0.023938462774372126,0.08617846598773965,0.0,0.0,0.0,0.0,0.0,0.0,1,04_105_106_4406_ego_105,1,4406,4406,4412,vehicle_vehicle,0.3897857090848505,1.631119280841061,1.261121522031067,12.982924586548288,15.0,3.0,3.5,0.8,0.8518036980431584,3.06649331295537
4,106,4440,194,59.3617,-45.9581,266.978,2.0003,4.1329,-0.0088,-8.1935,2.9426,-0.3562,8.1826,-0.4232,0.2005,-2.9573,car,105,52.4589,-46.8197,-0.0221,0.0092,-0.0238,0.002,332.7099,0.023938462774372126,0.08617846598773965,6.902799999999999,0.8615999999999957,0.013300000000000001,-8.2027,8.202710782418212,6.956364165280594,0,04_105_106_4406_ego_105,1,4406,4406,4412,vehicle_vehicle,0.3897857090848505,1.631119280841061,1.261121522031067,12.982924586548288,15.0,3.0,3.5,0.8,0.8518036980431584,3.06649331295537
4,107,4440,171,46.7469,-44.0955,341.9934,2.0619,5.249,0.8461,-0.2999,-1.3272,0.4606,0.8973,0.0236,-1.4046,-0.0278,car,105,52.4589,-46.8197,-0.0221,0.0092,-0.0238,0.002,332.7099,0.023938462774372126,0.08617846598773965,-5.712000000000003,2.724199999999996,0.8682,-0.3091,0.921582362027399,6.328365479331928,0,04_105_106_4406_ego_105,0,4406,4406,4412,vehicle_vehicle,0.3897857090848505,1.631119280841061,1.261121522031067,12.982924586548288,15.0,3.0,3.5,0.8,0.8518036980431584,3.06649331295537
4,109,4440,130,63.5506,-35.9797,238.2497,1.9675,4.2148,-3.963,-6.7011,2.4096,-1.1001,7.7837,-0.1563,-0.3325,-2.6279,car,105,52.4589,-46.8197,-0.0221,0.0092,-0.0238,0.002,332.7099,0.023938462774372126,0.08617846598773965,11.091700000000003,10.839999999999996,-3.9409,-6.7103,7.781954696604189,15.509075049467004,0,04_105_106_4406_ego_105,0,4406,4406,4412,vehicle_vehicle,0.3897857090848505,1.631119280841061,1.261121522031067,12.982924586548288,15.0,3.0,3.5,0.8,0.8518036980431584,3.06649331295537
4,103,4441,307,63.8121,-61.3364,279.8485,2.0056,4.344,1.3893,-8.7071,-1.6144,-1.3608,8.8164,0.1205,1.0646,1.8234,car,105,52.458,-46.8195,-0.0274,0.0121,-0.0299,0.0018,332.7011,0.029952796196682542,0.10783006630805715,11.354100000000003,-14.5169,1.4167,-8.7192,8.833543316812344,18.42975779602109,0,04_105_106_4406_ego_105,0,4406,4406,4412,vehicle_vehicle,0.3897857090848505,1.631119280841061,1.261121522031067,12.982924586548288,15.0,3.0,3.5,0.8,0.8518036980431584,3.06649331295537
4,105,4441,217,52.458,-46.8195,332.7011,1.9366,3.862,-0.0274,0.0121,-0.0995,0.0615,-0.0299,0.0018,-0.1166,-0.009,car,105,52.458,-46.8195,-0.0274,0.0121,-0.0299,0.0018,332.7011,0.029952796196682542,0.10783006630805715,0.0,0.0,0.0,0.0,0.0,0.0,1,04_105_106_4406_ego_105,1,4406,4406,4412,vehicle_vehicle,0.3897857090848505,1.631119280841061,1.261121522031067,12.982924586548288,15.0,3.0,3.5,0.8,0.8518036980431584,3.06649331295537
4,106,4441,195,59.3627,-46.2867,267.8365,2.0003,4.1329,0.1111,-8.206,2.929,-0.3101,8.1959,-0.4208,0.1993,-2.9386,car,105,52.458,-46.8195,-0.0274,0.0121,-0.0299,0.0018,332.7011,0.029952796196682542,0.10783006630805715,6.904699999999998,0.5327999999999946,0.1385,-8.2181,8.21926699043169,6.925226200637779,0,04_105_106_4406_ego_105,1,4406,4406,4412,vehicle_vehicle,0.3897857090848505,1.631119280841061,1.261121522031067,12.982924586548288,15.0,3.0,3.5,0.8,0.8518036980431584,3.06649331295537
4,107,4441,172,46.7796,-44.1076,342.0001,2.0619,5.249,0.7931,-0.2818,-1.2926,0.451,0.8413,0.0229,-1.3687,-0.0295,car,105,52.458,-46.8195,-0.0274,0.0121,-0.0299,0.0018,332.7011,0.029952796196682542,0.10783006630805715,-5.678399999999996,2.7119,0.8205,-0.2939,0.8715488856053916,6.292744089028248,0,04_105_106_4406_ego_105,0,4406,4406,4412,vehicle_vehicle,0.3897857090848505,1.631119280841061,1.261121522031067,12.982924586548288,15.0,3.0,3.5,0.8,0.8518036980431584,3.06649331295537
4,109,4441,131,63.394,-36.2487,239.0119,1.9675,4.2148,-3.8653,-6.7449,2.4289,-1.0834,7.7723,-0.1591,-0.3218,-2.64,car,105,52.458,-46.8195,-0.0274,0.0121,-0.0299,0.0018,332.7011,0.029952796196682542,0.10783006630805715,10.936,10.570799999999998,-3.8379,-6.757000000000001,7.770876746545399,15.209796469381173,0,04_105_106_4406_ego_105,0,4406,4406,4412,vehicle_vehicle,0.3897857090848505,1.631119280841061,1.261121522031067,12.982924586548288,15.0,3.0,3.5,0.8,0.8518036980431584,3.06649331295537
4,103,4442,308,63.8687,-61.6855,279.4854,2.0056,4.344,1.322,-8.7616,-1.7099,-1.354,8.8597,0.1399,1.0537,1.9097,car,105,52.4565,-46.8193,-0.0321,0.0149,-0.0354,0.0014,332.7081,0.03538954647915115,0.12740236732494414,11.412199999999999,-14.8662,1.3541,-8.7765,8.880345661065228,18.74145702126705,0,04_105_106_4406_ego_105,0,4406,4406,4412,vehicle_vehicle,0.3897857090848505,1.631119280841061,1.261121522031067,12.982924586548288,15.0,3.0,3.5,0.8,0.8518036980431584,3.06649331295537
4,105,4442,218,52.4565,-46.8193,332.7081,1.9366,3.862,-0.0321,0.0149,-0.087,0.0557,-0.0354,0.0014,-0.1029,-0.0096,car,105,52.4565,-46.8193,-0.0321,0.0149,-0.0354,0.0014,332.7081,0.03538954647915115,0.12740236732494414,0.0,0.0,0.0,0.0,0.0,0.0,1,04_105_106_4406_ego_105,1,4406,4406,4412,vehicle_vehicle,0.3897857090848505,1.631119280841061,1.261121522031067,12.982924586548288,15.0,3.0,3.5,0.8,0.8518036980431584,3.06649331295537
4,106,4442,196,59.3683,-46.6156,268.722,2.0003,4.1329,0.2309,-8.2164,2.913,-0.2658,8.2093,-0.4141,0.2008,-2.9182,car,105,52.4565,-46.8193,-0.0321,0.0149,-0.0354,0.0014,332.7081,0.03538954647915115,0.12740236732494414,6.9117999999999995,0.20369999999999777,0.263,-8.231300000000001,8.235500512415745,6.91480100436737,0,04_105_106_4406_ego_105,1,4406,4406,4412,vehicle_vehicle,0.3897857090848505,1.631119280841061,1.261121522031067,12.982924586548288,15.0,3.0,3.5,0.8,0.8518036980431584,3.06649331295537
4,107,4442,173,46.8101,-44.1188,341.9984,2.0619,5.249,0.7416,-0.2639,-1.2582,0.4416,0.7868,0.0218,-1.3331,-0.0312,car,105,52.4565,-46.8193,-0.0321,0.0149,-0.0354,0.0014,332.7081,0.03538954647915115,0.12740236732494414,-5.6464,2.700499999999998,0.7737,-0.27880000000000005,0.822399616974619,6.258956239661688,0,04_105_106_4406_ego_105,0,4406,4406,4412,vehicle_vehicle,0.3897857090848505,1.631119280841061,1.261121522031067,12.982924586548288,15.0,3.0,3.5,0.8,0.8518036980431584,3.06649331295537
4,109,4442,132,63.2411,-36.5195,239.7665,1.9675,4.2148,-3.7668,-6.788,2.4468,-1.0668,7.7613,-0.1635,-0.3103,-2.6511,car,105,52.4565,-46.8193,-0.0321,0.0149,-0.0354,0.0014,332.7081,0.03538954647915115,0.12740236732494414,10.784600000000005,10.299799999999998,-3.7347,-6.8029,7.760633511511802,14.91286281033927,0,04_105_106_4406_ego_105,0,4406,4406,4412,vehicle_vehicle,0.3897857090848505,1.631119280841061,1.261121522031067,12.982924586548288,15.0,3.0,3.5,0.8,0.8518036980431584,3.06649331295537
4,103,4443,309,63.9219,-62.0363,279.114,2.0056,4.344,1.2503,-8.8162,-1.8024,-1.3469,8.9029,0.162,1.0444,1.993,car,105,52.4548,-46.8188,-0.0362,0.0176,-0.0402,0.0009,332.7259,0.040251708038293234,0.14490614893785564,11.467100000000002,-15.217499999999994,1.2865,-8.8338,8.92698743641997,19.054308926329494,0,04_105_106_4406_ego_105,0,4406,4406,4412,vehicle_vehicle,0.3897857090848505,1.631119280841061,1.261121522031067,12.982924586548288,15.0,3.0,3.5,0.8,0.8518036980431584,3.06649331295537
4,105,4443,219,52.4548,-46.8188,332.7259,1.9366,3.862,-0.0362,0.0176,-0.0739,0.0494,-0.0402,0.0009,-0.0883,-0.0101,car,105,52.4548,-46.8188,-0.0362,0.0176,-0.0402,0.0009,332.7259,0.040251708038293234,0.14490614893785564,0.0,0.0,0.0,0.0,0.0,0.0,1,04_105_106_4406_ego_105,1,4406,4406,4412,vehicle_vehicle,0.3897857090848505,1.631119280841061,1.261121522031067,12.982924586548288,15.0,3.0,3.5,0.8,0.8518036980431584,3.06649331295537
4,106,4443,197,59.3785,-46.9447,269.6102,2.0003,4.1329,0.3507,-8.225,2.8941,-0.2236,8.2224,-0.4066,0.2039,-2.8956,car,105,52.4548,-46.8188,-0.0362,0.0176,-0.0402,0.0009,332.7259,0.040251708038293234,0.14490614893785564,6.923700000000004,-0.12589999999999435,0.3869,-8.2426,8.251675367463264,6.924844583093547,0,04_105_106_4406_ego_105,1,4406,4406,4412,vehicle_vehicle,0.3897857090848505,1.631119280841061,1.261121522031067,12.982924586548288,15.0,3.0,3.5,0.8,0.8518036980431584,3.06649331295537
4,107,4443,174,46.8388,-44.1297,342.0009,2.0619,5.249,0.6914,-0.2462,-1.224,0.4323,0.7337,0.0205,-1.2976,-0.0329,car,105,52.4548,-46.8188,-0.0362,0.0176,-0.0402,0.0009,332.7259,0.040251708038293234,0.14490614893785564,-5.616,2.6891000000000034,0.7276,-0.2638,0.7739458637398355,6.226613430268497,0,04_105_106_4406_ego_105,0,4406,4406,4412,vehicle_vehicle,0.3897857090848505,1.631119280841061,1.261121522031067,12.982924586548288,15.0,3.0,3.5,0.8,0.8518036980431584,3.06649331295537
4,109,4443,133,63.0921,-36.7922,240.5234,1.9675,4.2148,-3.6674,-6.8302,2.4632,-1.0506,7.7507,-0.1683,-0.2975,-2.6614,car,105,52.4548,-46.8188,-0.0362,0.0176,-0.0402,0.0009,332.7259,0.040251708038293234,0.14490614893785564,10.637300000000003,10.026600000000002,-3.6312,-6.847799999999999,7.750998534382521,14.617963567132055,0,04_105_106_4406_ego_105,0,4406,4406,4412,vehicle_vehicle,0.3897857090848505,1.631119280841061,1.261121522031067,12.982924586548288,15.0,3.0,3.5,0.8,0.8518036980431584,3.06649331295537
4,103,4444,310,63.9717,-62.3892,278.7161,2.0056,4.344,1.1743,-8.8708,-1.8912,-1.3393,8.9463,0.1835,1.0372,2.0723,car,105,52.4528,-46.8182,-0.0395,0.0201,-0.0443,0.0002,332.7541,0.044319972924179454,0.15955190252704604,11.518899999999995,-15.571000000000005,1.2138,-8.890899999999998,8.973372456885983,19.368559528524575,0,04_105_106_4406_ego_105,0,4406,4406,4412,vehicle_vehicle,0.3897857090848505,1.631119280841061,1.261121522031067,12.982924586548288,15.0,3.0,3.5,0.8,0.8518036980431584,3.06649331295537
4,105,4444,220,52.4528,-46.8182,332.7541,1.9366,3.862,-0.0395,0.0201,-0.0602,0.0427,-0.0443,0.0002,-0.0731,-0.0104,car,105,52.4528,-46.8182,-0.0395,0.0201,-0.0443,0.0002,332.7541,0.044319972924179454,0.15955190252704604,0.0,0.0,0.0,0.0,0.0,0.0,1,04_105_106_4406_ego_105,1,4406,4406,4412,vehicle_vehicle,0.3897857090848505,1.631119280841061,1.261121522031067,12.982924586548288,15.0,3.0,3.5,0.8,0.8518036980431584,3.06649331295537
4,106,4444,198,59.3936,-47.2743,270.5097,2.0003,4.1329,0.4701,-8.2318,2.8717,-0.1835,8.2356,-0.3969,0.209,-2.87,car,105,52.4528,-46.8182,-0.0395,0.0201,-0.0443,0.0002,332.7541,0.044319972924179454,0.15955190252704604,6.940799999999996,-0.4560999999999993,0.5096,-8.2519,8.267620320866216,6.95576968063204,0,04_105_106_4406_ego_105,1,4406,4406,4412,vehicle_vehicle,0.3897857090848505,1.631119280841061,1.261121522031067,12.982924586548288,15.0,3.0,3.5,0.8,0.8518036980431584,3.06649331295537
4,107,4444,175,46.8659,-44.14,342.0001,2.0619,5.249,0.6424,-0.2285,-1.1898,0.4228,0.6816,0.0188,-1.2622,-0.0344,car,105,52.4528,-46.8182,-0.0395,0.0201,-0.0443,0.0002,332.7541,0.044319972924179454,0.15955190252704604,-5.5869,2.678199999999997,0.6819,-0.24860000000000002,0.7258027073523492,6.195660323968704,0,04_105_106_4406_ego_105,0,4406,4406,4412,vehicle_vehicle,0.3897857090848505,1.631119280841061,1.261121522031067,12.982924586548288,15.0,3.0,3.5,0.8,0.8518036980431584,3.06649331295537
4,109,4444,134,62.9473,-37.0663,241.2696,1.9675,4.2148,-3.5673,-6.8718,2.4782,-1.0348,7.7406,-0.1751,-0.2838,-2.6705,car,105,52.4528,-46.8182,-0.0395,0.0201,-0.0443,0.0002,332.7541,0.044319972924179454,0.15955190252704604,10.494499999999995,9.7519,-3.5278,-6.891900000000001,7.742329006829922,14.325993294009315,0,04_105_106_4406_ego_105,0,4406,4406,4412,vehicle_vehicle,0.3897857090848505,1.631119280841061,1.261121522031067,12.982924586548288,15.0,3.0,3.5,0.8,0.8518036980431584,3.06649331295537
4,103,4445,311,64.0178,-62.7442,278.2913,2.0056,4.344,1.0946,-8.9255,-1.9761,-1.3307,8.99,0.204,1.0319,2.1474,car,105,52.4507,-46.8174,-0.0421,0.0223,-0.0477,-0.0006,332.7879,0.047641368578159045,0.17150892688137256,11.567099999999996,-15.9268,1.1367,-8.947799999999999,9.019712397299594,19.68402297930989,0,04_105_106_4406_ego_105,0,4406,4406,4412,vehicle_vehicle,0.3897857090848505,1.631119280841061,1.261121522031067,12.982924586548288,15.0,3.0,3.5,0.8,0.8518036980431584,3.06649331295537
4,105,4445,221,52.4507,-46.8174,332.7879,1.9366,3.862,-0.0421,0.0223,-0.0463,0.0354,-0.0477,-0.0006,-0.0574,-0.0104,car,105,52.4507,-46.8174,-0.0421,0.0223,-0.0477,-0.0006,332.7879,0.047641368578159045,0.17150892688137256,0.0,0.0,0.0,0.0,0.0,0.0,1,04_105_106_4406_ego_105,1,4406,4406,4412,vehicle_vehicle,0.3897857090848505,1.631119280841061,1.261121522031067,12.982924586548288,15.0,3.0,3.5,0.8,0.8518036980431584,3.06649331295537
4,106,4445,199,59.4133,-47.6041,271.4257,2.0003,4.1329,0.5893,-8.2367,2.8454,-0.1457,8.2489,-0.3842,0.2164,-2.8408,car,105,52.4507,-46.8174,-0.0421,0.0223,-0.0477,-0.0006,332.7879,0.047641368578159045,0.17150892688137256,6.962600000000002,-0.7867000000000033,0.6314000000000001,-8.259,8.283100081491229,7.006903428048657,0,04_105_106_4406_ego_105,1,4406,4406,4412,vehicle_vehicle,0.3897857090848505,1.631119280841061,1.261121522031067,12.982924586548288,15.0,3.0,3.5,0.8,0.8518036980431584,3.06649331295537
4,107,4445,176,46.8915,-44.1494,341.9989,2.0619,5.249,0.5945,-0.211,-1.1555,0.4127,0.6306,0.0169,-1.2264,-0.0354,car,105,52.4507,-46.8174,-0.0421,0.0223,-0.0477,-0.0006,332.7879,0.047641368578159045,0.17150892688137256,-5.559199999999997,2.6679999999999993,0.6366,-0.2333,0.6780032817029723,6.16627348079859,0,04_105_106_4406_ego_105,0,4406,4406,4412,vehicle_vehicle,0.3897857090848505,1.631119280841061,1.261121522031067,12.982924586548288,15.0,3.0,3.5,0.8,0.8518036980431584,3.06649331295537
4,109,4445,135,62.8069,-37.3422,242.0127,1.9675,4.2148,-3.4668,-6.9127,2.4916,-1.0195,7.7312,-0.1826,-0.269,-2.6787,car,105,52.4507,-46.8174,-0.0421,0.0223,-0.0477,-0.0006,332.7879,0.047641368578159045,0.17150892688137256,10.356200000000001,9.475200000000001,-3.4247,-6.9350000000000005,7.734519706484689,14.036747966676613,0,04_105_106_4406_ego_105,0,4406,4406,4412,vehicle_vehicle,0.3897857090848505,1.631119280841061,1.261121522031067,12.982924586548288,15.0,3.0,3.5,0.8,0.8518036980431584,3.06649331295537
4,103,4446,312,64.0605,-63.1017,277.8344,2.0056,4.344,1.0112,-8.98,-2.0568,-1.321,9.034,0.2223,1.0283,2.2176,car,105,52.4485,-46.8164,-0.044,0.0242,-0.0502,-0.0014,332.8253,0.05021593372625864,0.1807773614145311,11.612000000000002,-16.2853,1.0552000000000001,-9.0042,9.065818478218059,20.00123846390518,0,04_105_106_4406_ego_105,0,4406,4406,4412,vehicle_vehicle,0.3897857090848505,1.631119280841061,1.261121522031067,12.982924586548288,15.0,3.0,3.5,0.8,0.8518036980431584,3.06649331295537
4,105,4446,222,52.4485,-46.8164,332.8253,1.9366,3.862,-0.044,0.0242,-0.0322,0.0277,-0.0502,-0.0014,-0.0413,-0.0099,car,105,52.4485,-46.8164,-0.044,0.0242,-0.0502,-0.0014,332.8253,0.05021593372625864,0.1807773614145311,0.0,0.0,0.0,0.0,0.0,0.0,1,04_105_106_4406_ego_105,1,4406,4406,4412,vehicle_vehicle,0.3897857090848505,1.631119280841061,1.261121522031067,12.982924586548288,15.0,3.0,3.5,0.8,0.8518036980431584,3.06649331295537
4,106,4446,200,59.4379,-47.9343,272.3414,2.0003,4.1329,0.7079,-8.24,2.8144,-0.1104,8.262,-0.3706,0.2253,-2.8076,car,105,52.4485,-46.8164,-0.044,0.0242,-0.0502,-0.0014,332.8253,0.05021593372625864,0.1807773614145311,6.989399999999996,-1.1178999999999988,0.7519,-8.2642,8.29833448650993,7.078235145147408,0,04_105_106_4406_ego_105,1,4406,4406,4412,vehicle_vehicle,0.3897857090848505,1.631119280841061,1.261121522031067,12.982924586548288,15.0,3.0,3.5,0.8,0.8518036980431584,3.06649331295537
4,107,4446,177,46.9153,-44.1579,341.9971,2.0619,5.249,0.5476,-0.1937,-1.1206,0.402,0.5807,0.015,-1.19,-0.036,car,105,52.4485,-46.8164,-0.044,0.0242,-0.0502,-0.0014,332.8253,0.05021593372625864,0.1807773614145311,-5.533200000000001,2.6585000000000036,0.5916,-0.2179,0.6304529879380382,6.138723359950343,0,04_105_106_4406_ego_105,0,4406,4406,4412,vehicle_vehicle,0.3897857090848505,1.631119280841061,1.261121522031067,12.982924586548288,15.0,3.0,3.5,0.8,0.8518036980431584,3.06649331295537
4,109,4446,136,62.6702,-37.6196,242.7495,1.9675,4.2148,-3.3657,-6.953,2.5037,-1.0047,7.7224,-0.1915,-0.2532,-2.6858,car,105,52.4485,-46.8164,-0.044,0.0242,-0.0502,-0.0014,332.8253,0.05021593372625864,0.1807773614145311,10.221699999999998,9.196800000000003,-3.3217,-6.9772,7.727548817704098,13.750064768211095,0,04_105_106_4406_ego_105,0,4406,4406,4412,vehicle_vehicle,0.3897857090848505,1.631119280841061,1.261121522031067,12.982924586548288,15.0,3.0,3.5,0.8,0.8518036980431584,3.06649331295537
4,103,4447,313,64.1005,-63.4621,277.3332,2.0056,4.344,0.9241,-9.0341,-2.1329,-1.3099,9.0782,0.2365,1.027,2.2826,car,105,52.4462,-46.8151,-0.0451,0.0257,-0.0519,-0.0023,332.853,0.051908573472982285,0.18687086450273624,11.6543,-16.647,0.9692000000000001,-9.059800000000001,9.111494097018339,20.321056013160337,0,04_105_106_4406_ego_105,0,4406,4406,4412,vehicle_vehicle,0.3897857090848505,1.631119280841061,1.261121522031067,12.982924586548288,15.0,3.0,3.5,0.8,0.8518036980431584,3.06649331295537
4,105,4447,223,52.4462,-46.8151,332.853,1.9366,3.862,-0.0451,0.0257,-0.0183,0.0195,-0.0519,-0.0023,-0.0252,-0.0091,car,105,52.4462,-46.8151,-0.0451,0.0257,-0.0519,-0.0023,332.853,0.051908573472982285,0.18687086450273624,0.0,0.0,0.0,0.0,0.0,0.0,1,04_105_106_4406_ego_105,1,4406,4406,4412,vehicle_vehicle,0.3897857090848505,1.631119280841061,1.261121522031067,12.982924586548288,15.0,3.0,3.5,0.8,0.8518036980431584,3.06649331295537
4,106,4447,201,59.4674,-48.2645,273.2457,2.0003,4.1329,0.8256,-8.2415,2.7785,-0.0778,8.2751,-0.3577,0.235,-2.7697,car,105,52.4462,-46.8151,-0.0451,0.0257,-0.0519,-0.0023,332.853,0.051908573472982285,0.18687086450273624,7.0212,-1.4493999999999971,0.8707,-8.2672,8.312924535324496,7.169240531604446,0,04_105_106_4406_ego_105,1,4406,4406,4412,vehicle_vehicle,0.3897857090848505,1.631119280841061,1.261121522031067,12.982924586548288,15.0,3.0,3.5,0.8,0.8518036980431584,3.06649331295537
4,107,4447,178,46.9375,-44.1656,341.993,2.0619,5.249,0.5016,-0.1768,-1.0848,0.3904,0.5317,0.013,-1.1524,-0.036,car,105,52.4462,-46.8151,-0.0451,0.0257,-0.0519,-0.0023,332.853,0.051908573472982285,0.18687086450273624,-5.5086999999999975,2.6495000000000033,0.5467000000000001,-0.2025,0.5829984048005621,6.112742914600612,0,04_105_106_4406_ego_105,0,4406,4406,4412,vehicle_vehicle,0.3897857090848505,1.631119280841061,1.261121522031067,12.982924586548288,15.0,3.0,3.5,0.8,0.8518036980431584,3.06649331295537
4,109,4447,137,62.5377,-37.8986,243.5022,1.9675,4.2148,-3.2642,-6.9926,2.5143,-0.9905,7.7144,-0.1986,-0.2354,-2.6921,car,105,52.4462,-46.8151,-0.0451,0.0257,-0.0519,-0.0023,332.853,0.051908573472982285,0.18687086450273624,10.091500000000003,8.9165,-3.2191,-7.0183,7.721343127979742,13.466341169746148,0,04_105_106_4406_ego_105,0,4406,4406,4412,vehicle_vehicle,0.3897857090848505,1.631119280841061,1.261121522031067,12.982924586548288,15.0,3.0,3.5,0.8,0.8518036980431584,3.06649331295537
4,103,4448,314,64.1367,-63.8252,276.8028,2.0056,4.344,0.8336,-9.0875,-2.204,-1.2977,9.1223,0.2487,1.0275,2.3422,car,105,52.4439,-46.8137,-0.0455,0.0267,-0.0526,-0.003,332.8708,0.05275547364966028,0.189919705138777,11.692800000000005,-17.011500000000005,0.8791,-9.1142,9.15649815431642,20.64249752549338,0,04_105_106_4406_ego_105,0,4406,4406,4412,vehicle_vehicle,0.3897857090848505,1.631119280841061,1.261121522031067,12.982924586548288,15.0,3.0,3.5,0.8,0.8518036980431584,3.06649331295537
4,105,4448,224,52.4439,-46.8137,332.8708,1.9366,3.862,-0.0455,0.0267,-0.0046,0.0111,-0.0526,-0.003,-0.0091,-0.0078,car,105,52.4439,-46.8137,-0.0455,0.0267,-0.0526,-0.003,332.8708,0.05275547364966028,0.189919705138777,0.0,0.0,0.0,0.0,0.0,0.0,1,04_105_106_4406_ego_105,1,4406,4406,4412,vehicle_vehicle,0.3897857090848505,1.631119280841061,1.261121522031067,12.982924586548288,15.0,3.0,3.5,0.8,0.8518036980431584,3.06649331295537
4,106,4448,202,59.5019,-48.5946,274.1481,2.0003,4.1329,0.9423,-8.2417,2.7373,-0.0481,8.2882,-0.3437,0.2459,-2.7267,car,105,52.4439,-46.8137,-0.0455,0.0267,-0.0526,-0.003,332.8708,0.05275547364966028,0.189919705138777,7.058,-1.7809000000000026,0.9878,-8.2684,8.327195650397556,7.279214848457216,0,04_105_106_4406_ego_105,1,4406,4406,4412,vehicle_vehicle,0.3897857090848505,1.631119280841061,1.261121522031067,12.982924586548288,15.0,3.0,3.5,0.8,0.8518036980431584,3.06649331295537
4,107,4448,179,46.9579,-44.1725,341.9922,2.0619,5.249,0.4566,-0.1602,-1.0476,0.378,0.4837,0.0112,-1.1131,-0.0356,car,105,52.4439,-46.8137,-0.0455,0.0267,-0.0526,-0.003,332.8708,0.05275547364966028,0.189919705138777,-5.485999999999997,2.6411999999999978,0.5021,-0.1869,0.5357574264534277,6.088688975469182,0,04_105_106_4406_ego_105,0,4406,4406,4412,vehicle_vehicle,0.3897857090848505,1.631119280841061,1.261121522031067,12.982924586548288,15.0,3.0,3.5,0.8,0.8518036980431584,3.06649331295537
4,109,4448,138,62.4102,-38.1792,244.2671,1.9675,4.2148,-3.1626,-7.0316,2.5238,-0.9768,7.7074,-0.204,-0.2158,-2.6976,car,105,52.4439,-46.8137,-0.0455,0.0267,-0.0526,-0.003,332.8708,0.05275547364966028,0.189919705138777,9.966300000000004,8.634499999999996,-3.1170999999999998,-7.0583,7.715951742980253,13.186422029496857,0,04_105_106_4406_ego_105,0,4406,4406,4412,vehicle_vehicle,0.3897857090848505,1.631119280841061,1.261121522031067,12.982924586548288,15.0,3.0,3.5,0.8,0.8518036980431584,3.06649331295537
4,103,4449,315,64.1698,-64.1907,276.2489,2.0056,4.344,0.7397,-9.14,-2.2696,-1.2848,9.1662,0.2596,1.0301,2.396,car,105,52.4415,-46.8122,-0.045,0.0272,-0.0525,-0.0037,332.8727,0.052581745882007376,0.18929428517522656,11.728299999999997,-17.37850000000001,0.7847000000000001,-9.167200000000001,9.20072333732517,20.96581224613061,0,04_105_106_4406_ego_105,0,4406,4406,4412,vehicle_vehicle,0.3897857090848505,1.631119280841061,1.261121522031067,12.982924586548288,15.0,3.0,3.5,0.8,0.8518036980431584,3.06649331295537
4,105,4449,225,52.4415,-46.8122,332.8727,1.9366,3.862,-0.045,0.0272,0.0086,0.0025,-0.0525,-0.0037,0.0065,-0.0061,car,105,52.4415,-46.8122,-0.045,0.0272,-0.0525,-0.0037,332.8727,0.052581745882007376,0.18929428517522656,0.0,0.0,0.0,0.0,0.0,0.0,1,04_105_106_4406_ego_105,1,4406,4406,4412,vehicle_vehicle,0.3897857090848505,1.631119280841061,1.261121522031067,12.982924586548288,15.0,3.0,3.5,0.8,0.8518036980431584,3.06649331295537
4,106,4449,203,59.5406,-48.9247,275.0444,2.0003,4.1329,1.0577,-8.2405,2.6903,-0.0214,8.3016,-0.3291,0.2579,-2.678,car,105,52.4415,-46.8122,-0.045,0.0272,-0.0525,-0.0037,332.8727,0.052581745882007376,0.18929428517522656,7.0991,-2.1125000000000043,1.1027,-8.267700000000001,8.34091185542684,7.406745375669399,0,04_105_106_4406_ego_105,1,4406,4406,4412,vehicle_vehicle,0.3897857090848505,1.631119280841061,1.261121522031067,12.982924586548288,15.0,3.0,3.5,0.8,0.8518036980431584,3.06649331295537
4,107,4449,180,46.976,-44.1787,341.9931,2.0619,5.249,0.4127,-0.1441,-1.0086,0.3645,0.4371,0.0095,-1.0719,-0.0349,car,105,52.4415,-46.8122,-0.045,0.0272,-0.0525,-0.0037,332.8727,0.052581745882007376,0.18929428517522656,-5.465499999999999,2.633499999999998,0.4577,-0.1713,0.48870541228842557,6.066878315905139,0,04_105_106_4406_ego_105,0,4406,4406,4412,vehicle_vehicle,0.3897857090848505,1.631119280841061,1.261121522031067,12.982924586548288,15.0,3.0,3.5,0.8,0.8518036980431584,3.06649331295537
4,109,4449,139,62.2861,-38.4612,245.0346,1.9675,4.2148,-3.0609,-7.0701,2.5323,-0.9637,7.7014,-0.2092,-0.1951,-2.7025,car,105,52.4415,-46.8122,-0.045,0.0272,-0.0525,-0.0037,332.8727,0.052581745882007376,0.18929428517522656,9.8446,8.350999999999999,-3.0159000000000002,-7.0973,7.71150569603628,12.909506193499423,0,04_105_106_4406_ego_105,0,4406,4406,4412,vehicle_vehicle,0.3897857090848505,1.631119280841061,1.261121522031067,12.982924586548288,15.0,3.0,3.5,0.8,0.8518036980431584,3.06649331295537
4,103,4450,316,64.198,-64.5585,275.6656,2.0056,4.344,0.643,-9.1916,-2.3294,-1.2714,9.2101,0.2676,1.0352,2.4435,car,105,52.4388,-46.8104,-0.0437,0.027,-0.0512,-0.0041,332.8565,0.05136818081263926,0.18492545092550133,11.759199999999993,-17.748099999999994,0.6867,-9.218599999999999,9.244141001196379,21.290228703562573,0,04_105_106_4406_ego_105,0,4406,4406,4412,vehicle_vehicle,0.3897857090848505,1.631119280841061,1.261121522031067,12.982924586548288,15.0,3.0,3.5,0.8,0.8518036980431584,3.06649331295537
4,105,4450,226,52.4388,-46.8104,332.8565,1.9366,3.862,-0.0437,0.027,0.021,-0.006,-0.0512,-0.0041,0.0214,-0.0042,car,105,52.4388,-46.8104,-0.0437,0.027,-0.0512,-0.0041,332.8565,0.05136818081263926,0.18492545092550133,0.0,0.0,0.0,0.0,0.0,0.0,1,04_105_106_4406_ego_105,1,4406,4406,4412,vehicle_vehicle,0.3897857090848505,1.631119280841061,1.261121522031067,12.982924586548288,15.0,3.0,3.5,0.8,0.8518036980431584,3.06649331295537
4,106,4450,204,59.584,-49.2545,275.9436,2.0003,4.1329,1.1717,-8.2381,2.6372,0.0021,8.3152,-0.3124,0.271,-2.6232,car,105,52.4388,-46.8104,-0.0437,0.027,-0.0512,-0.0041,332.8565,0.05136818081263926,0.18492545092550133,7.145200000000003,-2.444099999999999,1.2154,-8.265099999999999,8.353985585934415,7.551655967402119,0,04_105_106_4406_ego_105,1,4406,4406,4412,vehicle_vehicle,0.3897857090848505,1.631119280841061,1.261121522031067,12.982924586548288,15.0,3.0,3.5,0.8,0.8518036980431584,3.06649331295537
4,107,4450,181,46.992,-44.1842,341.9965,2.0619,5.249,0.3703,-0.1285,-0.9676,0.3501,0.3919,0.0078,-1.0284,-0.0339,car,105,52.4388,-46.8104,-0.0437,0.027,-0.0512,-0.0041,332.8565,0.05136818081263926,0.18492545092550133,-5.446800000000003,2.6262000000000043,0.41400000000000003,-0.1555,0.4422400366316917,6.046863375337668,0,04_105_106_4406_ego_105,0,4406,4406,4412,vehicle_vehicle,0.3897857090848505,1.631119280841061,1.261121522031067,12.982924586548288,15.0,3.0,3.5,0.8,0.8518036980431584,3.06649331295537
4,109,4450,140,62.1658,-38.7444,245.8129,1.9675,4.2148,-2.9588,-7.1082,2.5401,-0.9512,7.6965,-0.2133,-0.1731,-2.7069,car,105,52.4388,-46.8104,-0.0437,0.027,-0.0512,-0.0041,332.8565,0.05136818081263926,0.18492545092550133,9.726999999999997,8.066000000000003,-2.9151000000000002,-7.1352,7.707716072222692,12.636252806904425,0,04_105_106_4406_ego_105,0,4406,4406,4412,vehicle_vehicle,0.3897857090848505,1.631119280841061,1.261121522031067,12.982924586548288,15.0,3.0,3.5,0.8,0.8518036980431584,3.06649331295537
4,103,4451,317,64.2222,-64.9281,275.0552,2.0056,4.344,0.5437,-9.2422,-2.3832,-1.2581,9.2542,0.2728,1.0432,2.4848,car,105,52.4361,-46.8085,-0.0415,0.0263,-0.0489,-0.0044,332.8343,0.0491318633882331,0.17687470819763917,11.786099999999998,-18.1196,0.5851999999999999,-9.268500000000001,9.286955975452884,21.61555128535934,0,04_105_106_4406_ego_105,0,4406,4406,4412,vehicle_vehicle,0.3897857090848505,1.631119280841061,1.261121522031067,12.982924586548288,15.0,3.0,3.5,0.8,0.8518036980431584,3.06649331295537
4,105,4451,227,52.4361,-46.8085,332.8343,1.9366,3.862,-0.0415,0.0263,0.0322,-0.0141,-0.0489,-0.0044,0.0351,-0.0021,car,105,52.4361,-46.8085,-0.0415,0.0263,-0.0489,-0.0044,332.8343,0.0491318633882331,0.17687470819763917,0.0,0.0,0.0,0.0,0.0,0.0,1,04_105_106_4406_ego_105,1,4406,4406,4412,vehicle_vehicle,0.3897857090848505,1.631119280841061,1.261121522031067,12.982924586548288,15.0,3.0,3.5,0.8,0.8518036980431584,3.06649331295537
4,106,4451,205,59.632,-49.584,276.8193,2.0003,4.1329,1.284,-8.2349,2.5775,0.0224,8.3291,-0.2971,0.2838,-2.5619,car,105,52.4361,-46.8085,-0.0415,0.0263,-0.0489,-0.0044,332.8343,0.0491318633882331,0.17687470819763917,7.195899999999995,-2.775500000000001,1.3255000000000001,-8.2612,8.366861758748021,7.712611558998672,0,04_105_106_4406_ego_105,1,4406,4406,4412,vehicle_vehicle,0.3897857090848505,1.631119280841061,1.261121522031067,12.982924586548288,15.0,3.0,3.5,0.8,0.8518036980431584,3.06649331295537
4,107,4451,182,47.0059,-44.1888,341.9992,2.0619,5.249,0.3296,-0.1136,-0.9246,0.3348,0.3486,0.0062,-0.9828,-0.0327,car,105,52.4361,-46.8085,-0.0415,0.0263,-0.0489,-0.0044,332.8343,0.0491318633882331,0.17687470819763917,-5.430200000000006,2.6197000000000017,0.3711,-0.1399,0.39659452845444043,6.029087835651433,0,04_105_106_4406_ego_105,0,4406,4406,4412,vehicle_vehicle,0.3897857090848505,1.631119280841061,1.261121522031067,12.982924586548288,15.0,3.0,3.5,0.8,0.8518036980431584,3.06649331295537
4,109,4451,141,62.0494,-39.0288,246.601,1.9675,4.2148,-2.8564,-7.1461,2.5472,-0.9389,7.6928,-0.2164,-0.1499,-2.7106,car,105,52.4361,-46.8085,-0.0415,0.0263,-0.0489,-0.0044,332.8343,0.0491318633882331,0.17687470819763917,9.613299999999995,7.779700000000005,-2.8148999999999997,-7.1724,7.704997324464169,12.36686172721277,0,04_105_106_4406_ego_105,0,4406,4406,4412,vehicle_vehicle,0.3897857090848505,1.631119280841061,1.261121522031067,12.982924586548288,15.0,3.0,3.5,0.8,0.8518036980431584,3.06649331295537
4,103,4452,318,64.2413,-65.2997,274.4463,2.0056,4.344,0.4426,-9.292,-2.431,-1.2452,9.2983,0.2791,1.053,2.5202,car,105,52.4338,-46.8067,-0.0386,0.0248,-0.0457,-0.0044,332.8083,0.04588027898781785,0.16516900435614426,11.807499999999997,-18.493000000000002,0.4812,-9.3168,9.329218385266795,21.941014225645997,0,04_105_106_4406_ego_105,0,4406,4406,4412,vehicle_vehicle,0.3897857090848505,1.631119280841061,1.261121522031067,12.982924586548288,15.0,3.0,3.5,0.8,0.8518036980431584,3.06649331295537
4,105,4452,228,52.4338,-46.8067,332.8083,1.9366,3.862,-0.0386,0.0248,0.0419,-0.0215,-0.0457,-0.0044,0.0471,-0.0,car,105,52.4338,-46.8067,-0.0386,0.0248,-0.0457,-0.0044,332.8083,0.04588027898781785,0.16516900435614426,0.0,0.0,0.0,0.0,0.0,0.0,1,04_105_106_4406_ego_105,1,4406,4406,4412,vehicle_vehicle,0.3897857090848505,1.631119280841061,1.261121522031067,12.982924586548288,15.0,3.0,3.5,0.8,0.8518036980431584,3.06649331295537
4,106,4452,206,59.6847,-49.9135,277.6736,2.0003,4.1329,1.3942,-8.2307,2.5108,0.0395,8.3432,-0.2826,0.2961,-2.4936,car,105,52.4338,-46.8067,-0.0386,0.0248,-0.0457,-0.0044,332.8083,0.04588027898781785,0.16516900435614426,7.2509000000000015,-3.1068,1.4328,-8.255500000000001,8.378913777453496,7.888457203408029,0,04_105_106_4406_ego_105,1,4406,4406,4412,vehicle_vehicle,0.3897857090848505,1.631119280841061,1.261121522031067,12.982924586548288,15.0,3.0,3.5,0.8,0.8518036980431584,3.06649331295537
4,107,4452,183,47.0185,-44.1929,342.0025,2.0619,5.249,0.2906,-0.0994,-0.8795,0.3186,0.3071,0.0048,-0.9349,-0.0313,car,105,52.4338,-46.8067,-0.0386,0.0248,-0.0457,-0.0044,332.8083,0.04588027898781785,0.16516900435614426,-5.415299999999995,2.6137999999999977,0.32920000000000005,-0.1242,0.35184979749887596,6.01310440039086,0,04_105_106_4406_ego_105,0,4406,4406,4412,vehicle_vehicle,0.3897857090848505,1.631119280841061,1.261121522031067,12.982924586548288,15.0,3.0,3.5,0.8,0.8518036980431584,3.06649331295537
4,109,4452,142,61.9369,-39.3148,247.396,1.9675,4.2148,-2.7536,-7.1837,2.5534,-0.9267,7.6903,-0.219,-0.1259,-2.7134,car,105,52.4338,-46.8067,-0.0386,0.0248,-0.0457,-0.0044,332.8083,0.04588027898781785,0.16516900435614426,9.503100000000003,7.491900000000001,-2.715,-7.2085,7.702836961146199,12.101135286410118,0,04_105_106_4406_ego_105,0,4406,4406,4412,vehicle_vehicle,0.3897857090848505,1.631119280841061,1.261121522031067,12.982924586548288,15.0,3.0,3.5,0.8,0.8518036980431584,3.06649331295537
4,103,4453,319,64.2567,-65.6729,273.8138,2.0056,4.344,0.3397,-9.341,-2.4731,-1.2329,9.3429,0.2823,1.0657,2.5497,car,105,52.4317,-46.8051,-0.0351,0.0228,-0.0416,-0.0043,332.7811,0.041855107215249134,0.15067838597489688,11.824999999999996,-18.867799999999995,0.3748,-9.3638,9.371297961328516,22.267117052730462,0,04_105_106_4406_ego_105,0,4406,4406,4412,vehicle_vehicle,0.3897857090848505,1.631119280841061,1.261121522031067,12.982924586548288,15.0,3.0,3.5,0.8,0.8518036980431584,3.06649331295537
4,105,4453,229,52.4317,-46.8051,332.7811,1.9366,3.862,-0.0351,0.0228,0.0499,-0.0279,-0.0416,-0.0043,0.0571,0.002,car,105,52.4317,-46.8051,-0.0351,0.0228,-0.0416,-0.0043,332.7811,0.041855107215249134,0.15067838597489688,0.0,0.0,0.0,0.0,0.0,0.0,1,04_105_106_4406_ego_105,1,4406,4406,4412,vehicle_vehicle,0.3897857090848505,1.631119280841061,1.261121522031067,12.982924586548288,15.0,3.0,3.5,0.8,0.8518036980431584,3.06649331295537
4,106,4453,207,59.7417,-50.2433,278.5037,2.0003,4.1329,1.502,-8.2257,2.4369,0.0532,8.3573,-0.2691,0.3077,-2.418,car,105,52.4317,-46.8051,-0.0351,0.0228,-0.0416,-0.0043,332.7811,0.041855107215249134,0.15067838597489688,7.310000000000002,-3.438199999999995,1.5371,-8.2485,8.390496329776923,8.078200247579902,0,04_105_106_4406_ego_105,1,4406,4406,4412,vehicle_vehicle,0.3897857090848505,1.631119280841061,1.261121522031067,12.982924586548288,15.0,3.0,3.5,0.8,0.8518036980431584,3.06649331295537
4,107,4453,184,47.029,-44.1964,342.0074,2.0619,5.249,0.2535,-0.0859,-0.8325,0.3016,0.2676,0.0034,-0.8849,-0.0297,car,105,52.4317,-46.8051,-0.0351,0.0228,-0.0416,-0.0043,332.7811,0.041855107215249134,0.15067838597489688,-5.402699999999996,2.608700000000006,0.2886,-0.1087,0.3083920394562739,5.999540230717683,0,04_105_106_4406_ego_105,0,4406,4406,4412,vehicle_vehicle,0.3897857090848505,1.631119280841061,1.261121522031067,12.982924586548288,15.0,3.0,3.5,0.8,0.8518036980431584,3.06649331295537
4,109,4453,143,61.8286,-39.6024,248.2027,1.9675,4.2148,-2.6505,-7.221,2.5586,-0.9144,7.689,-0.2203,-0.1011,-2.7152,car,105,52.4317,-46.8051,-0.0351,0.0228,-0.0416,-0.0043,332.7811,0.041855107215249134,0.15067838597489688,9.396900000000002,7.2027,-2.6154,-7.2438,7.701490479121558,11.839789563163698,0,04_105_106_4406_ego_105,0,4406,4406,4412,vehicle_vehicle,0.3897857090848505,1.631119280841061,1.261121522031067,12.982924586548288,15.0,3.0,3.5,0.8,0.8518036980431584,3.06649331295537
4,103,4454,320,64.2673,-66.0478,273.1819,2.0056,4.344,0.2355,-9.3894,-2.5098,-1.2215,9.388,0.286,1.0803,2.5738,car,105,52.4301,-46.8039,-0.0311,0.0205,-0.037,-0.004,332.7547,0.0372486241356644,0.13409504688839183,11.837200000000003,-19.243899999999996,0.2666,-9.4099,9.413675879803808,22.593073961946832,0,04_105_106_4406_ego_105,0,4406,4406,4412,vehicle_vehicle,0.3897857090848505,1.631119280841061,1.261121522031067,12.982924586548288,15.0,3.0,3.5,0.8,0.8518036980431584,3.06649331295537
4,105,4454,230,52.4301,-46.8039,332.7547,1.9366,3.862,-0.0311,0.0205,0.056,-0.0331,-0.037,-0.004,0.0649,0.0038,car,105,52.4301,-46.8039,-0.0311,0.0205,-0.037,-0.004,332.7547,0.0372486241356644,0.13409504688839183,0.0,0.0,0.0,0.0,0.0,0.0,1,04_105_106_4406_ego_105,1,4406,4406,4412,vehicle_vehicle,0.3897857090848505,1.631119280841061,1.261121522031067,12.982924586548288,15.0,3.0,3.5,0.8,0.8518036980431584,3.06649331295537
4,106,4454,208,59.8026,-50.5728,279.2963,2.0003,4.1329,1.6072,-8.2199,2.3555,0.0633,8.3715,-0.2583,0.318,-2.3348,car,105,52.4301,-46.8039,-0.0311,0.0205,-0.037,-0.004,332.7547,0.0372486241356644,0.13409504688839183,7.372499999999995,-3.768900000000002,1.6382999999999999,-8.240400000000001,8.401679537449642,8.279997793477962,0,04_105_106_4406_ego_105,1,4406,4406,4412,vehicle_vehicle,0.3897857090848505,1.631119280841061,1.261121522031067,12.982924586548288,15.0,3.0,3.5,0.8,0.8518036980431584,3.06649331295537
4,107,4454,185,47.0378,-44.1994,342.0111,2.0619,5.249,0.2186,-0.0732,-0.7837,0.284,0.2305,0.0021,-0.8331,-0.028,car,105,52.4301,-46.8039,-0.0311,0.0205,-0.037,-0.004,332.7547,0.0372486241356644,0.13409504688839183,-5.392300000000006,2.6045000000000016,0.24969999999999998,-0.0937,0.2667016685362129,5.988348648834674,0,04_105_106_4406_ego_105,0,4406,4406,4412,vehicle_vehicle,0.3897857090848505,1.631119280841061,1.261121522031067,12.982924586548288,15.0,3.0,3.5,0.8,0.8518036980431584,3.06649331295537
4,109,4454,144,61.7249,-39.8917,249.0282,1.9675,4.2148,-2.5473,-7.258,2.563,-0.9017,7.6889,-0.2191,-0.0754,-2.7159,car,105,52.4301,-46.8039,-0.0311,0.0205,-0.037,-0.004,332.7547,0.0372486241356644,0.13409504688839183,9.294799999999995,6.912199999999999,-2.5162,-7.2785,7.7011573604231724,11.58325584108371,0,04_105_106_4406_ego_105,0,4406,4406,4412,vehicle_vehicle,0.3897857090848505,1.631119280841061,1.261121522031067,12.982924586548288,15.0,3.0,3.5,0.8,0.8518036980431584,3.06649331295537
4,103,4455,321,64.2736,-66.4244,272.548,2.0056,4.344,0.1303,-9.4373,-2.5415,-1.2111,9.4338,0.2893,1.0969,2.5928,car,105,52.4291,-46.8028,-0.027,0.0178,-0.0321,-0.0034,332.7304,0.03233944959333723,0.11642201853601404,11.844500000000004,-19.621600000000008,0.1573,-9.4551,9.456408372104073,22.919410263137234,0,04_105_106_4406_ego_105,0,4406,4406,4412,vehicle_vehicle,0.3897857090848505,1.631119280841061,1.261121522031067,12.982924586548288,15.0,3.0,3.5,0.8,0.8518036980431584,3.06649331295537
4,105,4455,231,52.4291,-46.8028,332.7304,1.9366,3.862,-0.027,0.0178,0.0601,-0.037,-0.0321,-0.0034,0.0704,0.0053,car,105,52.4291,-46.8028,-0.027,0.0178,-0.0321,-0.0034,332.7304,0.03233944959333723,0.11642201853601404,0.0,0.0,0.0,0.0,0.0,0.0,1,04_105_106_4406_ego_105,1,4406,4406,4412,vehicle_vehicle,0.3897857090848505,1.631119280841061,1.261121522031067,12.982924586548288,15.0,3.0,3.5,0.8,0.8518036980431584,3.06649331295537
4,106,4455,209,59.8685,-50.9022,280.056,2.0003,4.1329,1.7094,-8.2134,2.2662,0.0697,8.3857,-0.249,0.3271,-2.2435,car,105,52.4291,-46.8028,-0.027,0.0178,-0.0321,-0.0034,332.7304,0.03233944959333723,0.11642201853601404,7.439399999999999,-4.099400000000003,1.7364,-8.2312,8.41235629297761,8.494101054261128,0,04_105_106_4406_ego_105,1,4406,4406,4412,vehicle_vehicle,0.3897857090848505,1.631119280841061,1.261121522031067,12.982924586548288,15.0,3.0,3.5,0.8,0.8518036980431584,3.06649331295537
4,107,4455,186,47.0455,-44.2021,342.0119,2.0619,5.249,0.1857,-0.0612,-0.7333,0.2656,0.1956,0.0009,-0.7795,-0.0262,car,105,52.4291,-46.8028,-0.027,0.0178,-0.0321,-0.0034,332.7304,0.03233944959333723,0.11642201853601404,-5.383600000000001,2.6006999999999962,0.2127,-0.079,0.22689709121097168,5.978861885844161,0,04_105_106_4406_ego_105,0,4406,4406,4412,vehicle_vehicle,0.3897857090848505,1.631119280841061,1.261121522031067,12.982924586548288,15.0,3.0,3.5,0.8,0.8518036980431584,3.06649331295537
4,109,4455,145,61.6258,-40.1826,249.8573,1.9675,4.2148,-2.4443,-7.2945,2.5666,-0.8886,7.6901,-0.2172,-0.0496,-2.7156,car,105,52.4291,-46.8028,-0.027,0.0178,-0.0321,-0.0034,332.7304,0.03233944959333723,0.11642201853601404,9.1967,6.620199999999997,-2.4173,-7.3123000000000005,7.701497943906757,11.331652082993015,0,04_105_106_4406_ego_105,0,4406,4406,4412,vehicle_vehicle,0.3897857090848505,1.631119280841061,1.261121522031067,12.982924586548288,15.0,3.0,3.5,0.8,0.8518036980431584,3.06649331295537
4,103,4456,322,64.2755,-66.8027,271.9024,2.0056,4.344,0.0244,-9.4849,-2.5686,-1.2015,9.4805,0.2905,1.1156,2.607,car,105,52.4283,-46.8021,-0.0228,0.0149,-0.0271,-0.0028,332.7082,0.027236923467968993,0.09805292448468837,11.847199999999994,-20.0006,0.047200000000000006,-9.4998,9.499917256481764,23.246078125137576,0,04_105_106_4406_ego_105,0,4406,4406,4412,vehicle_vehicle,0.3897857090848505,1.631119280841061,1.261121522031067,12.982924586548288,15.0,3.0,3.5,0.8,0.8518036980431584,3.06649331295537
4,105,4456,232,52.4283,-46.8021,332.7082,1.9366,3.862,-0.0228,0.0149,0.0624,-0.0395,-0.0271,-0.0028,0.0736,0.0065,car,105,52.4283,-46.8021,-0.0228,0.0149,-0.0271,-0.0028,332.7082,0.027236923467968993,0.09805292448468837,0.0,0.0,0.0,0.0,0.0,0.0,1,04_105_106_4406_ego_105,1,4406,4406,4412,vehicle_vehicle,0.3897857090848505,1.631119280841061,1.261121522031067,12.982924586548288,15.0,3.0,3.5,0.8,0.8518036980431584,3.06649331295537
4,106,4456,210,59.9387,-51.2313,280.7842,2.0003,4.1329,1.808,-8.2064,2.1689,0.072,8.3998,-0.2406,0.3351,-2.144,car,105,52.4283,-46.8021,-0.0228,0.0149,-0.0271,-0.0028,332.7082,0.027236923467968993,0.09805292448468837,7.510399999999997,-4.4291999999999945,1.8308,-8.221300000000001,8.422683796154288,8.719169731115453,0,04_105_106_4406_ego_105,1,4406,4406,4412,vehicle_vehicle,0.3897857090848505,1.631119280841061,1.261121522031067,12.982924586548288,15.0,3.0,3.5,0.8,0.8518036980431584,3.06649331295537
4,107,4456,187,47.0519,-44.2043,342.0127,2.0619,5.249,0.1551,-0.05,-0.6816,0.2467,0.163,-0.0004,-0.7245,-0.0241,car,105,52.4283,-46.8021,-0.0228,0.0149,-0.0271,-0.0028,332.7082,0.027236923467968993,0.09805292448468837,-5.376399999999997,2.5977999999999994,0.1779,-0.0649,0.18936847678534038,5.971117299132548,0,04_105_106_4406_ego_105,0,4406,4406,4412,vehicle_vehicle,0.3897857090848505,1.631119280841061,1.261121522031067,12.982924586548288,15.0,3.0,3.5,0.8,0.8518036980431584,3.06649331295537
4,109,4456,146,61.5315,-40.4752,250.6945,1.9675,4.2148,-2.3416,-7.3305,2.57,-0.875,7.6924,-0.2136,-0.0238,-2.7147,car,105,52.4283,-46.8021,-0.0228,0.0149,-0.0271,-0.0028,332.7082,0.027236923467968993,0.09805292448468837,9.103200000000001,6.326900000000002,-2.3188,-7.3454,7.70270956222549,11.08593315197237,0,04_105_106_4406_ego_105,0,4406,4406,4412,vehicle_vehicle,0.3897857090848505,1.631119280841061,1.261121522031067,12.982924586548288,15.0,3.0,3.5,0.8,0.8518036980431584,3.06649331295537
4,103,4457,323,64.2735,-67.1823,271.2382,2.0056,4.344,-0.0823,-9.5324,-2.5916,-1.1926,9.5284,0.2882,1.1363,2.6167,car,105,52.4278,-46.8015,-0.0186,0.0119,-0.022,-0.0021,332.6965,0.022080987296767326,0.07949155426836238,11.8457,-20.3808,-0.0637,-9.544300000000002,9.544512569010532,23.57323942800395,0,04_105_106_4406_ego_105,0,4406,4406,4412,vehicle_vehicle,0.3897857090848505,1.631119280841061,1.261121522031067,12.982924586548288,15.0,3.0,3.5,0.8,0.8518036980431584,3.06649331295537
4,105,4457,233,52.4278,-46.8015,332.6965,1.9366,3.862,-0.0186,0.0119,0.063,-0.0406,-0.022,-0.0021,0.0746,0.0072,car,105,52.4278,-46.8015,-0.0186,0.0119,-0.022,-0.0021,332.6965,0.022080987296767326,0.07949155426836238,0.0,0.0,0.0,0.0,0.0,0.0,1,04_105_106_4406_ego_105,1,4406,4406,4412,vehicle_vehicle,0.3897857090848505,1.631119280841061,1.261121522031067,12.982924586548288,15.0,3.0,3.5,0.8,0.8518036980431584,3.06649331295537
4,106,4457,211,60.0129,-51.5599,281.4841,2.0003,4.1329,1.9027,-8.1992,2.0637,0.07,8.4139,-0.2322,0.3423,-2.0363,car,105,52.4278,-46.8015,-0.0186,0.0119,-0.022,-0.0021,332.6965,0.022080987296767326,0.07949155426836238,7.585100000000004,-4.758400000000002,1.9213,-8.2111,8.432885443310612,8.954111489701257,0,04_105_106_4406_ego_105,1,4406,4406,4412,vehicle_vehicle,0.3897857090848505,1.631119280841061,1.261121522031067,12.982924586548288,15.0,3.0,3.5,0.8,0.8518036980431584,3.06649331295537
4,107,4457,188,47.0566,-44.2059,342.0096,2.0619,5.249,0.127,-0.0395,-0.6288,0.2271,0.133,-0.0016,-0.6682,-0.0218,car,105,52.4278,-46.8015,-0.0186,0.0119,-0.022,-0.0021,332.6965,0.022080987296767326,0.07949155426836238,-5.371199999999995,2.5955999999999975,0.1456,-0.0514,0.15440634701980355,5.9654780864571055,0,04_105_106_4406_ego_105,0,4406,4406,4412,vehicle_vehicle,0.3897857090848505,1.631119280841061,1.261121522031067,12.982924586548288,15.0,3.0,3.5,0.8,0.8518036980431584,3.06649331295537
4,109,4457,147,61.4407,-40.7683,251.5178,1.9675,4.2148,-2.2391,-7.3662,2.5735,-0.8609,7.6961,-0.2115,0.0007,-2.7137,car,105,52.4278,-46.8015,-0.0186,0.0119,-0.022,-0.0021,332.6965,0.022080987296767326,0.07949155426836238,9.012900000000002,6.033199999999994,-2.2205,-7.3781,7.704997070732733,10.845822635927622,0,04_105_106_4406_ego_105,0,4406,4406,4412,vehicle_vehicle,0.3897857090848505,1.631119280841061,1.261121522031067,12.982924586548288,15.0,3.0,3.5,0.8,0.8518036980431584,3.06649331295537
4,103,4458,324,64.2673,-67.5645,270.5769,2.0056,4.344,-0.1895,-9.5796,-2.6108,-1.1843,9.5772,0.286,1.1579,2.6226,car,105,52.4273,-46.8014,-0.0145,0.0091,-0.0171,-0.0014,332.6831,0.01711899529762188,0.061628383071438766,11.840000000000003,-20.763099999999994,-0.175,-9.5887,9.590296798848302,23.901713779769015,0,04_105_106_4406_ego_105,0,4406,4406,4412,vehicle_vehicle,0.3897857090848505,1.631119280841061,1.261121522031067,12.982924586548288,15.0,3.0,3.5,0.8,0.8518036980431584,3.06649331295537
4,105,4458,234,52.4273,-46.8014,332.6831,1.9366,3.862,-0.0145,0.0091,0.062,-0.0405,-0.0171,-0.0014,0.0736,0.0075,car,105,52.4273,-46.8014,-0.0145,0.0091,-0.0171,-0.0014,332.6831,0.01711899529762188,0.061628383071438766,0.0,0.0,0.0,0.0,0.0,0.0,1,04_105_106_4406_ego_105,1,4406,4406,4412,vehicle_vehicle,0.3897857090848505,1.631119280841061,1.261121522031067,12.982924586548288,15.0,3.0,3.5,0.8,0.8518036980431584,3.06649331295537
4,106,4458,212,60.0913,-51.8877,282.1691,2.0003,4.1329,1.9928,-8.1921,1.9507,0.0637,8.4281,-0.2212,0.349,-1.9203,car,105,52.4273,-46.8014,-0.0145,0.0091,-0.0171,-0.0014,332.6831,0.01711899529762188,0.061628383071438766,7.663999999999994,-5.086300000000001,2.0073,-8.2012,8.443277487445263,9.198225029319511,0,04_105_106_4406_ego_105,1,4406,4406,4412,vehicle_vehicle,0.3897857090848505,1.631119280841061,1.261121522031067,12.982924586548288,15.0,3.0,3.5,0.8,0.8518036980431584,3.06649331295537
4,107,4458,189,47.0601,-44.2069,342.0055,2.0619,5.249,0.1013,-0.0301,-0.5753,0.2071,0.1057,-0.0027,-0.6111,-0.0192,car,105,52.4273,-46.8014,-0.0145,0.0091,-0.0171,-0.0014,332.6831,0.01711899529762188,0.061628383071438766,-5.367200000000004,2.5945000000000036,0.1158,-0.0392,0.12225497944869158,5.96139799795317,0,04_105_106_4406_ego_105,0,4406,4406,4412,vehicle_vehicle,0.3897857090848505,1.631119280841061,1.261121522031067,12.982924586548288,15.0,3.0,3.5,0.8,0.8518036980431584,3.06649331295537
4,109,4458,148,61.3535,-41.0628,252.3326,1.9675,4.2148,-2.1366,-7.4017,2.5774,-0.8459,7.701,-0.2105,0.0238,-2.7126,car,105,52.4273,-46.8014,-0.0145,0.0091,-0.0171,-0.0014,332.6831,0.01711899529762188,0.061628383071438766,8.926199999999994,5.738599999999998,-2.1221,-7.4108,7.708648717512039,10.611718824017148,0,04_105_106_4406_ego_105,0,4406,4406,4412,vehicle_vehicle,0.3897857090848505,1.631119280841061,1.261121522031067,12.982924586548288,15.0,3.0,3.5,0.8,0.8518036980431584,3.06649331295537
4,103,4459,325,64.2579,-67.9479,269.9102,2.0056,4.344,-0.2976,-9.6267,-2.6264,-1.1763,9.6272,0.2826,1.1804,2.6246,car,105,52.4273,-46.8012,-0.0107,0.0063,-0.0124,-0.0006,332.655,0.012416923934694938,0.044700926164901775,11.830600000000004,-21.146700000000003,-0.2869,-9.633,9.637271429714946,24.23109608024367,0,04_105_106_4406_ego_105,0,4406,4406,4412,vehicle_vehicle,0.3897857090848505,1.631119280841061,1.261121522031067,12.982924586548288,15.0,3.0,3.5,0.8,0.8518036980431584,3.06649331295537
4,105,4459,235,52.4273,-46.8012,332.655,1.9366,3.862,-0.0107,0.0063,0.0595,-0.0391,-0.0124,-0.0006,0.0708,0.0074,car,105,52.4273,-46.8012,-0.0107,0.0063,-0.0124,-0.0006,332.655,0.012416923934694938,0.044700926164901775,0.0,0.0,0.0,0.0,0.0,0.0,1,04_105_106_4406_ego_105,1,4406,4406,4412,vehicle_vehicle,0.3897857090848505,1.631119280841061,1.261121522031067,12.982924586548288,15.0,3.0,3.5,0.8,0.8518036980431584,3.06649331295537
4,106,4459,213,60.1741,-52.2148,282.8266,2.0003,4.1329,2.0779,-8.1855,1.8304,0.0532,8.4425,-0.2088,0.3545,-1.7966,car,105,52.4273,-46.8012,-0.0107,0.0063,-0.0124,-0.0006,332.655,0.012416923934694938,0.044700926164901775,7.7468,-5.413599999999995,2.0886,-8.191799999999999,8.453865222488467,9.450924568527672,0,04_105_106_4406_ego_105,1,4406,4406,4412,vehicle_vehicle,0.3897857090848505,1.631119280841061,1.261121522031067,12.982924586548288,15.0,3.0,3.5,0.8,0.8518036980431584,3.06649331295537
4,107,4459,190,47.0624,-44.2074,342.0001,2.0619,5.249,0.0784,-0.0216,-0.5215,0.1868,0.0812,-0.0037,-0.5537,-0.0165,car,105,52.4273,-46.8012,-0.0107,0.0063,-0.0124,-0.0006,332.655,0.012416923934694938,0.044700926164901775,-5.364900000000006,2.5938000000000017,0.0891,-0.0279,0.09336605378830146,5.959022608616288,0,04_105_106_4406_ego_105,0,4406,4406,4412,vehicle_vehicle,0.3897857090848505,1.631119280841061,1.261121522031067,12.982924586548288,15.0,3.0,3.5,0.8,0.8518036980431584,3.06649331295537
4,109,4459,149,61.2698,-41.3587,253.1519,1.9675,4.2148,-2.0339,-7.4369,2.5817,-0.8296,7.7072,-0.2089,0.0458,-2.7114,car,105,52.4273,-46.8012,-0.0107,0.0063,-0.0124,-0.0006,332.655,0.012416923934694938,0.044700926164901775,8.842499999999994,5.442500000000003,-2.0232,-7.4432,7.713271969793364,10.383188936930692,0,04_105_106_4406_ego_105,0,4406,4406,4412,vehicle_vehicle,0.3897857090848505,1.631119280841061,1.261121522031067,12.982924586548288,15.0,3.0,3.5,0.8,0.8518036980431584,3.06649331295537
4,103,4460,326,64.2433,-68.3351,269.2186,2.0056,4.344,-0.4062,-9.6731,-2.6384,-1.1689,9.6777,0.2742,1.2047,2.6222,car,105,52.428,-46.8012,-0.0074,0.0036,-0.0082,0.0002,332.6366,0.008229216244576393,0.029625178480475016,11.815300000000008,-21.533899999999996,-0.3988,-9.6767,9.68491426549559,24.56237291671959,0,04_105_106_4406_ego_105,0,4406,4406,4412,vehicle_vehicle,0.3897857090848505,1.631119280841061,1.261121522031067,12.982924586548288,15.0,3.0,3.5,0.8,0.8518036980431584,3.06649331295537
4,105,4460,236,52.428,-46.8012,332.6366,1.9366,3.862,-0.0074,0.0036,0.0559,-0.0365,-0.0082,0.0002,0.0664,0.0067,car,105,52.428,-46.8012,-0.0074,0.0036,-0.0082,0.0002,332.6366,0.008229216244576393,0.029625178480475016,0.0,0.0,0.0,0.0,0.0,0.0,1,04_105_106_4406_ego_105,1,4406,4406,4412,vehicle_vehicle,0.3897857090848505,1.631119280841061,1.261121522031067,12.982924586548288,15.0,3.0,3.5,0.8,0.8518036980431584,3.06649331295537
4,106,4460,214,60.2605,-52.5414,283.4582,2.0003,4.1329,2.1574,-8.1796,1.7035,0.0388,8.4571,-0.1945,0.3588,-1.6657,car,105,52.428,-46.8012,-0.0074,0.0036,-0.0082,0.0002,332.6366,0.008229216244576393,0.029625178480475016,7.832500000000003,-5.7402000000000015,2.1648,-8.183200000000001,8.464698534501983,9.710713274008253,0,04_105_106_4406_ego_105,1,4406,4406,4412,vehicle_vehicle,0.3897857090848505,1.631119280841061,1.261121522031067,12.982924586548288,15.0,3.0,3.5,0.8,0.8518036980431584,3.06649331295537
4,107,4460,191,47.0639,-44.2074,341.9953,2.0619,5.249,0.0581,-0.0142,-0.4681,0.1664,0.0596,-0.0044,-0.4967,-0.0136,car,105,52.428,-46.8012,-0.0074,0.0036,-0.0082,0.0002,332.6366,0.008229216244576393,0.029625178480475016,-5.3641000000000005,2.5938000000000017,0.0655,-0.0178,0.06787554787992507,5.95830237987298,0,04_105_106_4406_ego_105,0,4406,4406,4412,vehicle_vehicle,0.3897857090848505,1.631119280841061,1.261121522031067,12.982924586548288,15.0,3.0,3.5,0.8,0.8518036980431584,3.06649331295537
4,109,4460,150,61.1906,-41.6562,253.9586,1.9675,4.2148,-1.931,-7.4718,2.5864,-0.8119,7.7144,-0.2089,0.0656,-2.71,car,105,52.428,-46.8012,-0.0074,0.0036,-0.0082,0.0002,332.6366,0.008229216244576393,0.029625178480475016,8.762600000000006,5.145000000000003,-1.9236,-7.4754,7.718927523950461,10.161406583736335,0,04_105_106_4406_ego_105,0,4406,4406,4412,vehicle_vehicle,0.3897857090848505,1.631119280841061,1.261121522031067,12.982924586548288,15.0,3.0,3.5,0.8,0.8518036980431584,3.06649331295537
4,103,4461,327,64.2239,-68.7232,268.5004,2.0056,4.344,-0.5147,-9.719,-2.6472,-1.1622,9.7291,0.2602,1.231,2.6159,car,105,52.4287,-46.8011,-0.0046,0.001,-0.0046,0.0012,332.6256,0.0047074409183759285,0.016946787306153344,11.795200000000001,-21.922100000000007,-0.5101,-9.719999999999999,9.733375673937587,24.893878995648716,0,04_105_106_4406_ego_105,0,4406,4406,4412,vehicle_vehicle,0.3897857090848505,1.631119280841061,1.261121522031067,12.982924586548288,15.0,3.0,3.5,0.8,0.8518036980431584,3.06649331295537
4,105,4461,237,52.4287,-46.8011,332.6256,1.9366,3.862,-0.0046,0.001,0.0516,-0.0328,-0.0046,0.0012,0.0609,0.0054,car,105,52.4287,-46.8011,-0.0046,0.001,-0.0046,0.0012,332.6256,0.0047074409183759285,0.016946787306153344,0.0,0.0,0.0,0.0,0.0,0.0,1,04_105_106_4406_ego_105,1,4406,4406,4412,vehicle_vehicle,0.3897857090848505,1.631119280841061,1.261121522031067,12.982924586548288,15.0,3.0,3.5,0.8,0.8518036980431584,3.06649331295537
4,106,4461,215,60.3503,-52.8677,284.0639,2.0003,4.1329,2.231,-8.1746,1.5707,0.0207,8.4717,-0.1776,0.3616,-1.5286,car,105,52.4287,-46.8011,-0.0046,0.001,-0.0046,0.0012,332.6256,0.0047074409183759285,0.016946787306153344,7.921599999999998,-6.066600000000001,2.2356,-8.1756,8.475750274754441,9.977744340280521,0,04_105_106_4406_ego_105,1,4406,4406,4412,vehicle_vehicle,0.3897857090848505,1.631119280841061,1.261121522031067,12.982924586548288,15.0,3.0,3.5,0.8,0.8518036980431584,3.06649331295537
4,107,4461,192,47.064,-44.2069,341.992,2.0619,5.249,0.0406,-0.0081,-0.4156,0.1464,0.0411,-0.0049,-0.4405,-0.0107,car,105,52.4287,-46.8011,-0.0046,0.001,-0.0046,0.0012,332.6256,0.0047074409183759285,0.016946787306153344,-5.364699999999999,2.5942000000000007,0.0452,-0.0091,0.04610694090915163,5.9590166747543165,0,04_105_106_4406_ego_105,0,4406,4406,4412,vehicle_vehicle,0.3897857090848505,1.631119280841061,1.261121522031067,12.982924586548288,15.0,3.0,3.5,0.8,0.8518036980431584,3.06649331295537
4,109,4461,151,61.1146,-41.9551,254.7578,1.9675,4.2148,-1.8275,-7.5062,2.5912,-0.7923,7.7226,-0.2101,0.0832,-2.7084,car,105,52.4287,-46.8011,-0.0046,0.001,-0.0046,0.0012,332.6256,0.0047074409183759285,0.016946787306153344,8.685900000000004,4.8459999999999965,-1.8229,-7.5072,7.7253489403392,9.946284472605841,0,04_105_106_4406_ego_105,0,4406,4406,4412,vehicle_vehicle,0.3897857090848505,1.631119280841061,1.261121522031067,12.982924586548288,15.0,3.0,3.5,0.8,0.8518036980431584,3.06649331295537
4,103,4462,328,64.1998,-69.1133,267.7944,2.0056,4.344,-0.6231,-9.7645,-2.6533,-1.1564,9.7813,0.2468,1.2576,2.6068,car,105,52.4291,-46.8019,-0.0022,-0.0011,-0.0015,0.002,332.6152,0.0024596747752497687,0.008854829190899168,11.770699999999998,-22.311399999999992,-0.6209,-9.7634,9.783123037660316,25.22593800931889,0,04_105_106_4406_ego_105,0,4406,4406,4412,vehicle_vehicle,0.3897857090848505,1.631119280841061,1.261121522031067,12.982924586548288,15.0,3.0,3.5,0.8,0.8518036980431584,3.06649331295537
4,105,4462,238,52.4291,-46.8019,332.6152,1.9366,3.862,-0.0022,-0.0011,0.0468,-0.0282,-0.0015,0.002,0.0545,0.0035,car,105,52.4291,-46.8019,-0.0022,-0.0011,-0.0015,0.002,332.6152,0.0024596747752497687,0.008854829190899168,0.0,0.0,0.0,0.0,0.0,0.0,1,04_105_106_4406_ego_105,1,4406,4406,4412,vehicle_vehicle,0.3897857090848505,1.631119280841061,1.261121522031067,12.982924586548288,15.0,3.0,3.5,0.8,0.8518036980431584,3.06649331295537
4,106,4462,216,60.4422,-53.1939,284.6378,2.0003,4.1329,2.2986,-8.1706,1.4327,-0.0006,8.4863,-0.1593,0.3627,-1.3861,car,105,52.4291,-46.8019,-0.0022,-0.0011,-0.0015,0.002,332.6152,0.0024596747752497687,0.008854829190899168,8.013100000000001,-6.391999999999996,2.3008,-8.169500000000001,8.487308813163335,10.250240758635865,0,04_105_106_4406_ego_105,1,4406,4406,4412,vehicle_vehicle,0.3897857090848505,1.631119280841061,1.261121522031067,12.982924586548288,15.0,3.0,3.5,0.8,0.8518036980431584,3.06649331295537
4,107,4462,193,47.0629,-44.2059,341.9899,2.0619,5.249,0.0262,-0.0032,-0.3649,0.127,0.0259,-0.0051,-0.3863,-0.008,car,105,52.4291,-46.8019,-0.0022,-0.0011,-0.0015,0.002,332.6152,0.0024596747752497687,0.008854829190899168,-5.366199999999999,2.5960000000000036,0.0284,-0.0021000000000000003,0.028477535005684746,5.961150764743332,0,04_105_106_4406_ego_105,0,4406,4406,4412,vehicle_vehicle,0.3897857090848505,1.631119280841061,1.261121522031067,12.982924586548288,15.0,3.0,3.5,0.8,0.8518036980431584,3.06649331295537
4,109,4462,152,61.0422,-42.2554,255.5538,1.9675,4.2148,-1.7233,-7.54,2.5958,-0.7708,7.7315,-0.2121,0.0988,-2.706,car,105,52.4291,-46.8019,-0.0022,-0.0011,-0.0015,0.002,332.6152,0.0024596747752497687,0.008854829190899168,8.613100000000003,4.546500000000002,-1.7211,-7.5389,7.732864826181821,9.73941239808645,0,04_105_106_4406_ego_105,0,4406,4406,4412,vehicle_vehicle,0.3897857090848505,1.631119280841061,1.261121522031067,12.982924586548288,15.0,3.0,3.5,0.8,0.8518036980431584,3.06649331295537
4,103,4463,329,64.1711,-69.5057,267.0844,2.0056,4.344,-0.731,-9.8094,-2.6571,-1.1517,9.8339,0.2311,1.2854,2.5951,car,105,52.4297,-46.8028,-0.0003,-0.0027,0.001,0.0025,332.6172,0.002716615541441225,0.009779815949188411,11.741399999999999,-22.702900000000007,-0.7307,-9.8067,9.833884653584258,25.55938462424321,0,04_105_106_4406_ego_105,0,4406,4406,4412,vehicle_vehicle,0.3897857090848505,1.631119280841061,1.261121522031067,12.982924586548288,15.0,3.0,3.5,0.8,0.8518036980431584,3.06649331295537
4,105,4463,239,52.4297,-46.8028,332.6172,1.9366,3.862,-0.0003,-0.0027,0.0418,-0.023,0.001,0.0025,0.0477,0.0012,car,105,52.4297,-46.8028,-0.0003,-0.0027,0.001,0.0025,332.6172,0.002716615541441225,0.009779815949188411,0.0,0.0,0.0,0.0,0.0,0.0,1,04_105_106_4406_ego_105,1,4406,4406,4412,vehicle_vehicle,0.3897857090848505,1.631119280841061,1.261121522031067,12.982924586548288,15.0,3.0,3.5,0.8,0.8518036980431584,3.06649331295537
4,106,4463,217,60.5374,-53.5198,285.1916,2.0003,4.1329,2.36,-8.1679,1.2904,-0.0249,8.5008,-0.1371,0.3622,-1.2388,car,105,52.4297,-46.8028,-0.0003,-0.0027,0.001,0.0025,332.6172,0.002716615541441225,0.009779815949188411,8.107700000000001,-6.716999999999999,2.3603,-8.165199999999999,8.499500404729678,10.528669825291322,0,04_105_106_4406_ego_105,1,4406,4406,4412,vehicle_vehicle,0.3897857090848505,1.631119280841061,1.261121522031067,12.982924586548288,15.0,3.0,3.5,0.8,0.8518036980431584,3.06649331295537
4,107,4463,194,47.0617,-44.2051,341.9871,2.0619,5.249,0.0147,0.0006,-0.3168,0.1088,0.0137,-0.0052,-0.3349,-0.0055,car,105,52.4297,-46.8028,-0.0003,-0.0027,0.001,0.0025,332.6172,0.002716615541441225,0.009779815949188411,-5.367999999999995,2.597699999999996,0.015,0.0033,0.015358710883404245,5.963511489885798,0,04_105_106_4406_ego_105,0,4406,4406,4412,vehicle_vehicle,0.3897857090848505,1.631119280841061,1.261121522031067,12.982924586548288,15.0,3.0,3.5,0.8,0.8518036980431584,3.06649331295537
4,109,4463,153,60.9743,-42.5576,256.3437,1.9675,4.2148,-1.6186,-7.573,2.5997,-0.747,7.741,-0.2152,0.1122,-2.7025,car,105,52.4297,-46.8028,-0.0003,-0.0027,0.001,0.0025,332.6172,0.002716615541441225,0.009779815949188411,8.544600000000003,4.245199999999997,-1.6183,-7.5703000000000005,7.741339482285995,9.54106452132046,0,04_105_106_4406_ego_105,0,4406,4406,4412,vehicle_vehicle,0.3897857090848505,1.631119280841061,1.261121522031067,12.982924586548288,15.0,3.0,3.5,0.8,0.8518036980431584,3.06649331295537
4,103,4464,330,64.138,-69.8994,266.3705,2.0056,4.344,-0.8385,-9.854,-2.6595,-1.1485,9.8873,0.213,1.3145,2.5815,car,105,52.4303,-46.8038,0.0012,-0.0037,0.0028,0.0027,332.6269,0.003889730067755345,0.014003028243919241,11.707700000000003,-23.095599999999997,-0.8397,-9.850299999999999,9.886025803122303,25.893570218299367,0,04_105_106_4406_ego_105,0,4406,4406,4412,vehicle_vehicle,0.3897857090848505,1.631119280841061,1.261121522031067,12.982924586548288,15.0,3.0,3.5,0.8,0.8518036980431584,3.06649331295537
4,105,4464,240,52.4303,-46.8038,332.6269,1.9366,3.862,0.0012,-0.0037,0.0368,-0.0174,0.0028,0.0027,0.0407,-0.0014,car,105,52.4303,-46.8038,0.0012,-0.0037,0.0028,0.0027,332.6269,0.003889730067755345,0.014003028243919241,0.0,0.0,0.0,0.0,0.0,0.0,1,04_105_106_4406_ego_105,1,4406,4406,4412,vehicle_vehicle,0.3897857090848505,1.631119280841061,1.261121522031067,12.982924586548288,15.0,3.0,3.5,0.8,0.8518036980431584,3.06649331295537
4,106,4464,218,60.6346,-53.8457,285.7134,2.0003,4.1329,2.4149,-8.1664,1.1444,-0.0518,8.5152,-0.1129,0.3598,-1.0876,car,105,52.4303,-46.8038,0.0012,-0.0037,0.0028,0.0027,332.6269,0.003889730067755345,0.014003028243919241,8.204299999999996,-7.041899999999998,2.4137,-8.1627,8.512086640771463,10.811979194393592,0,04_105_106_4406_ego_105,1,4406,4406,4412,vehicle_vehicle,0.3897857090848505,1.631119280841061,1.261121522031067,12.982924586548288,15.0,3.0,3.5,0.8,0.8518036980431584,3.06649331295537
4,107,4464,195,47.0605,-44.2045,341.9828,2.0619,5.249,0.0056,0.0035,-0.272,0.0919,0.0043,-0.0051,-0.2871,-0.0033,car,105,52.4303,-46.8038,0.0012,-0.0037,0.0028,0.0027,332.6269,0.003889730067755345,0.014003028243919241,-5.369800000000005,2.5992999999999995,0.0044,0.0072,0.008438009243891594,5.965828737903901,0,04_105_106_4406_ego_105,0,4406,4406,4412,vehicle_vehicle,0.3897857090848505,1.631119280841061,1.261121522031067,12.982924586548288,15.0,3.0,3.5,0.8,0.8518036980431584,3.06649331295537
4,109,4464,154,60.9109,-42.8617,257.1302,1.9675,4.2148,-1.5133,-7.6047,2.6024,-0.7213,7.7508,-0.2185,0.1236,-2.6977,car,105,52.4303,-46.8038,0.0012,-0.0037,0.0028,0.0027,332.6269,0.003889730067755345,0.014003028243919241,8.480599999999995,3.9421000000000035,-1.5145000000000002,-7.601,7.750413617994849,9.352044095811351,0,04_105_106_4406_ego_105,0,4406,4406,4412,vehicle_vehicle,0.3897857090848505,1.631119280841061,1.261121522031067,12.982924586548288,15.0,3.0,3.5,0.8,0.8518036980431584,3.06649331295537
4,103,4465,331,64.1019,-70.2939,265.6658,2.0056,4.344,-0.9458,-9.8986,-2.6609,-1.1466,9.9418,0.195,1.3444,2.5666,car,105,52.4306,-46.8046,0.0024,-0.0042,0.0041,0.0026,332.6314,0.004837354648979129,0.017414476736324867,11.671300000000002,-23.489299999999993,-0.9481999999999999,-9.8944,9.939730106999887,26.22911470446534,0,04_105_106_4406_ego_105,0,4406,4406,4412,vehicle_vehicle,0.3897857090848505,1.631119280841061,1.261121522031067,12.982924586548288,15.0,3.0,3.5,0.8,0.8518036980431584,3.06649331295537
4,105,4465,241,52.4306,-46.8046,332.6314,1.9366,3.862,0.0024,-0.0042,0.0321,-0.012,0.0041,0.0026,0.034,-0.0041,car,105,52.4306,-46.8046,0.0024,-0.0042,0.0041,0.0026,332.6314,0.004837354648979129,0.017414476736324867,0.0,0.0,0.0,0.0,0.0,0.0,1,04_105_106_4406_ego_105,1,4406,4406,4412,vehicle_vehicle,0.3897857090848505,1.631119280841061,1.261121522031067,12.982924586548288,15.0,3.0,3.5,0.8,0.8518036980431584,3.06649331295537
4,106,4465,219,60.7337,-54.1715,286.1848,2.0003,4.1329,2.4633,-8.1664,0.9954,-0.0809,8.5294,-0.0894,0.3551,-0.9334,car,105,52.4306,-46.8046,0.0024,-0.0042,0.0041,0.0026,332.6314,0.004837354648979129,0.017414476736324867,8.3031,-7.366900000000001,2.4608999999999996,-8.162199999999999,8.525112178147568,11.100120955196841,0,04_105_106_4406_ego_105,1,4406,4406,4412,vehicle_vehicle,0.3897857090848505,1.631119280841061,1.261121522031067,12.982924586548288,15.0,3.0,3.5,0.8,0.8518036980431584,3.06649331295537
4,107,4465,196,47.0594,-44.2041,341.9782,2.0619,5.249,-0.0012,0.0057,-0.2311,0.0766,-0.0029,-0.005,-0.2434,-0.0014,car,105,52.4306,-46.8046,0.0024,-0.0042,0.0041,0.0026,332.6314,0.004837354648979129,0.017414476736324867,-5.371200000000002,2.600500000000004,-0.0036,0.009899999999999999,0.010534229919647661,5.967611724132196,0,04_105_106_4406_ego_105,0,4406,4406,4412,vehicle_vehicle,0.3897857090848505,1.631119280841061,1.261121522031067,12.982924586548288,15.0,3.0,3.5,0.8,0.8518036980431584,3.06649331295537
4,109,4465,155,60.8518,-43.1669,257.8983,1.9675,4.2148,-1.4077,-7.6353,2.6038,-0.6938,7.7608,-0.2243,0.1325,-2.6913,car,105,52.4306,-46.8046,0.0024,-0.0042,0.0041,0.0026,332.6314,0.004837354648979129,0.017414476736324867,8.421199999999999,3.6377000000000024,-1.4101,-7.6311,7.760287959863345,9.173302062507263,0,04_105_106_4406_ego_105,0,4406,4406,4412,vehicle_vehicle,0.3897857090848505,1.631119280841061,1.261121522031067,12.982924586548288,15.0,3.0,3.5,0.8,0.8518036980431584,3.06649331295537
4,103,4466,332,64.0611,-70.6897,264.9578,2.0056,4.344,-1.0528,-9.9437,-2.6614,-1.1459,9.9977,0.1748,1.3753,2.5504,car,105,52.4306,-46.8053,0.0035,-0.0043,0.0051,0.0022,332.6326,0.005544366510251645,0.019959719436905922,11.630499999999998,-23.8844,-1.0563,-9.9394,9.99537103113236,26.565637459131295,0,04_105_106_4406_ego_105,0,4406,4406,4412,vehicle_vehicle,0.3897857090848505,1.631119280841061,1.261121522031067,12.982924586548288,15.0,3.0,3.5,0.8,0.8518036980431584,3.06649331295537
4,105,4466,242,52.4306,-46.8053,332.6326,1.9366,3.862,0.0035,-0.0043,0.0276,-0.0067,0.0051,0.0022,0.0276,-0.0067,car,105,52.4306,-46.8053,0.0035,-0.0043,0.0051,0.0022,332.6326,0.005544366510251645,0.019959719436905922,0.0,0.0,0.0,0.0,0.0,0.0,1,04_105_106_4406_ego_105,1,4406,4406,4412,vehicle_vehicle,0.3897857090848505,1.631119280841061,1.261121522031067,12.982924586548288,15.0,3.0,3.5,0.8,0.8518036980431584,3.06649331295537
4,106,4466,220,60.8347,-54.4974,286.5994,2.0003,4.1329,2.5052,-8.1679,0.844,-0.112,8.5432,-0.0674,0.3484,-0.7768,car,105,52.4306,-46.8053,0.0035,-0.0043,0.0051,0.0022,332.6326,0.005544366510251645,0.019959719436905922,8.4041,-7.692099999999996,2.5017,-8.163599999999999,8.538317624099022,11.392861766035782,0,04_105_106_4406_ego_105,1,4406,4406,4412,vehicle_vehicle,0.3897857090848505,1.631119280841061,1.261121522031067,12.982924586548288,15.0,3.0,3.5,0.8,0.8518036980431584,3.06649331295537
4,107,4466,197,47.0587,-44.2037,341.9732,2.0619,5.249,-0.0062,0.0071,-0.1943,0.0628,-0.0081,-0.0049,-0.2042,0.0004,car,105,52.4306,-46.8053,0.0035,-0.0043,0.0051,0.0022,332.6326,0.005544366510251645,0.019959719436905922,-5.371899999999997,2.601600000000005,-0.0097,0.0114,0.014968299836654797,5.968721150296769,0,04_105_106_4406_ego_105,0,4406,4406,4412,vehicle_vehicle,0.3897857090848505,1.631119280841061,1.261121522031067,12.982924586548288,15.0,3.0,3.5,0.8,0.8518036980431584,3.06649331295537
4,109,4466,156,60.7973,-43.4733,258.6399,1.9675,4.2148,-1.302,-7.6646,2.6036,-0.6646,7.7709,-0.2333,0.1388,-2.6835,car,105,52.4306,-46.8053,0.0035,-0.0043,0.0051,0.0022,332.6326,0.005544366510251645,0.019959719436905922,8.366700000000002,3.3320000000000007,-1.3055,-7.6603,7.770748119711512,9.00576997763101,0,04_105_106_4406_ego_105,0,4406,4406,4412,vehicle_vehicle,0.3897857090848505,1.631119280841061,1.261121522031067,12.982924586548288,15.0,3.0,3.5,0.8,0.8518036980431584,3.06649331295537
4,103,4467,333,64.016,-71.0871,264.2667,2.0056,4.344,-1.1596,-9.9891,-2.6616,-1.1457,10.055,0.1559,1.4059,2.5338,car,105,52.431,-46.806,0.0043,-0.004,0.0057,0.0016,332.6453,0.00587281874401041,0.021142147478437477,11.585000000000008,-24.28110000000001,-1.1639,-9.985100000000001,10.052705368208104,26.903234790820242,0,04_105_106_4406_ego_105,0,4406,4406,4412,vehicle_vehicle,0.3897857090848505,1.631119280841061,1.261121522031067,12.982924586548288,15.0,3.0,3.5,0.8,0.8518036980431584,3.06649331295537
4,105,4467,243,52.431,-46.806,332.6453,1.9366,3.862,0.0043,-0.004,0.0234,-0.002,0.0057,0.0016,0.0217,-0.009,car,105,52.431,-46.806,0.0043,-0.004,0.0057,0.0016,332.6453,0.00587281874401041,0.021142147478437477,0.0,0.0,0.0,0.0,0.0,0.0,1,04_105_106_4406_ego_105,1,4406,4406,4412,vehicle_vehicle,0.3897857090848505,1.631119280841061,1.261121522031067,12.982924586548288,15.0,3.0,3.5,0.8,0.8518036980431584,3.06649331295537
4,106,4467,221,60.9374,-54.8231,286.977,2.0003,4.1329,2.5402,-8.1711,0.691,-0.1445,8.5567,-0.0436,0.34,-0.6187,car,105,52.431,-46.806,0.0043,-0.004,0.0057,0.0016,332.6453,0.00587281874401041,0.021142147478437477,8.5064,-8.0171,2.5359,-8.1671,8.551743168500794,11.689000529129938,0,04_105_106_4406_ego_105,1,4406,4406,4412,vehicle_vehicle,0.3897857090848505,1.631119280841061,1.261121522031067,12.982924586548288,15.0,3.0,3.5,0.8,0.8518036980431584,3.06649331295537
4,107,4467,198,47.0585,-44.2032,341.9684,2.0619,5.249,-0.0098,0.008,-0.1617,0.0507,-0.0117,-0.0046,-0.1695,0.0019,car,105,52.431,-46.806,0.0043,-0.004,0.0057,0.0016,332.6453,0.00587281874401041,0.021142147478437477,-5.372499999999995,2.602799999999995,-0.0141,0.012,0.018515128949051367,5.969784258245848,0,04_105_106_4406_ego_105,0,4406,4406,4412,vehicle_vehicle,0.3897857090848505,1.631119280841061,1.261121522031067,12.982924586548288,15.0,3.0,3.5,0.8,0.8518036980431584,3.06649331295537
4,109,4467,157,60.7475,-43.7809,259.3756,1.9675,4.2148,-1.1963,-7.6926,2.6018,-0.634,7.7813,-0.2425,0.1434,-2.6741,car,105,52.431,-46.806,0.0043,-0.004,0.0057,0.0016,332.6453,0.00587281874401041,0.021142147478437477,8.316500000000005,3.025099999999995,-1.2006,-7.6886,7.7817742398504475,8.8495989886548,0,04_105_106_4406_ego_105,0,4406,4406,4412,vehicle_vehicle,0.3897857090848505,1.631119280841061,1.261121522031067,12.982924586548288,15.0,3.0,3.5,0.8,0.8518036980431584,3.06649331295537
4,103,4468,334,63.9668,-71.4867,263.5661,2.0056,4.344,-1.266,-10.035,-2.6616,-1.1457,10.1136,0.1336,1.4367,2.5164,car,105,52.4314,-46.8064,0.0048,-0.0034,0.0059,0.0008,332.6566,0.005882176467941097,0.021175835284587947,11.535400000000003,-24.680300000000003,-1.2708,-10.031600000000001,10.111771911984567,27.243029590153885,0,04_105_106_4406_ego_105,0,4406,4406,4412,vehicle_vehicle,0.3897857090848505,1.631119280841061,1.261121522031067,12.982924586548288,15.0,3.0,3.5,0.8,0.8518036980431584,3.06649331295537
4,105,4468,244,52.4314,-46.8064,332.6566,1.9366,3.862,0.0048,-0.0034,0.0195,0.0021,0.0059,0.0008,0.0164,-0.0109,car,105,52.4314,-46.8064,0.0048,-0.0034,0.0059,0.0008,332.6566,0.005882176467941097,0.021175835284587947,0.0,0.0,0.0,0.0,0.0,0.0,1,04_105_106_4406_ego_105,1,4406,4406,4412,vehicle_vehicle,0.3897857090848505,1.631119280841061,1.261121522031067,12.982924586548288,15.0,3.0,3.5,0.8,0.8518036980431584,3.06649331295537
4,106,4468,222,61.0416,-55.1489,287.3129,2.0003,4.1329,2.5683,-8.1761,0.5371,-0.1781,8.5699,-0.0188,0.3299,-0.4597,car,105,52.4314,-46.8064,0.0048,-0.0034,0.0059,0.0008,332.6566,0.005882176467941097,0.021175835284587947,8.610200000000006,-8.342500000000001,2.5635,-8.1727,8.56531129265014,11.988863594603123,0,04_105_106_4406_ego_105,1,4406,4406,4412,vehicle_vehicle,0.3897857090848505,1.631119280841061,1.261121522031067,12.982924586548288,15.0,3.0,3.5,0.8,0.8518036980431584,3.06649331295537
4,107,4468,199,47.0586,-44.2031,341.9631,2.0619,5.249,-0.0123,0.0084,-0.1332,0.0402,-0.0143,-0.0042,-0.1391,0.0031,car,105,52.4314,-46.8064,0.0048,-0.0034,0.0059,0.0008,332.6566,0.005882176467941097,0.021175835284587947,-5.372799999999998,2.6032999999999973,-0.0171,0.0118,0.020776188293332346,5.970272249236207,0,04_105_106_4406_ego_105,0,4406,4406,4412,vehicle_vehicle,0.3897857090848505,1.631119280841061,1.261121522031067,12.982924586548288,15.0,3.0,3.5,0.8,0.8518036980431584,3.06649331295537
4,109,4468,158,60.7017,-44.0898,260.1021,1.9675,4.2148,-1.0907,-7.719,2.5985,-0.6021,7.7916,-0.2524,0.1465,-2.6633,car,105,52.4314,-46.8064,0.0048,-0.0034,0.0059,0.0008,332.6566,0.005882176467941097,0.021175835284587947,8.270300000000006,2.7165999999999997,-1.0955,-7.7156,7.792984255726429,8.70504323079444,0,04_105_106_4406_ego_105,0,4406,4406,4412,vehicle_vehicle,0.3897857090848505,1.631119280841061,1.261121522031067,12.982924586548288,15.0,3.0,3.5,0.8,0.8518036980431584,3.06649331295537
4,105,4469,245,52.4313,-46.8065,332.6502,1.9366,3.862,0.0053,-0.0027,0.016,0.0056,0.006,-0.0001,0.0116,-0.0123,car,105,52.4313,-46.8065,0.0053,-0.0027,0.006,-0.0001,332.6502,0.005948108943185221,0.021413192195466793,0.0,0.0,0.0,0.0,0.0,0.0,1,04_105_106_4406_ego_105,1,4406,4406,4412,vehicle_vehicle,0.3897857090848505,1.631119280841061,1.261121522031067,12.982924586548288,15.0,3.0,3.5,0.8,0.8518036980431584,3.06649331295537
4,106,4469,223,61.1468,-55.475,287.6045,2.0003,4.1329,2.5895,-8.1828,0.3831,-0.2123,8.5827,0.0067,0.3183,-0.301,car,105,52.4313,-46.8065,0.0053,-0.0027,0.006,-0.0001,332.6502,0.005948108943185221,0.021413192195466793,8.715499999999999,-8.668500000000002,2.5842,-8.1801,8.578585294207898,12.292389210401694,0,04_105_106_4406_ego_105,1,4406,4406,4412,vehicle_vehicle,0.3897857090848505,1.631119280841061,1.261121522031067,12.982924586548288,15.0,3.0,3.5,0.8,0.8518036980431584,3.06649331295537
4,107,4469,200,47.0584,-44.2029,341.9577,2.0619,5.249,-0.0139,0.0085,-0.1086,0.0312,-0.0158,-0.0038,-0.1129,0.004,car,105,52.4313,-46.8065,0.0053,-0.0027,0.006,-0.0001,332.6502,0.005948108943185221,0.021413192195466793,-5.372900000000001,2.6036,-0.0192,0.011200000000000002,0.02222791038311969,5.970493059203738,0,04_105_106_4406_ego_105,0,4406,4406,4412,vehicle_vehicle,0.3897857090848505,1.631119280841061,1.261121522031067,12.982924586548288,15.0,3.0,3.5,0.8,0.8518036980431584,3.06649331295537
4,109,4469,159,60.6598,-44.3998,260.8195,1.9675,4.2148,-0.9851,-7.7439,2.5936,-0.5693,7.8019,-0.2631,0.1482,-2.6512,car,105,52.4313,-46.8065,0.0053,-0.0027,0.006,-0.0001,332.6502,0.005948108943185221,0.021413192195466793,8.228499999999997,2.4067000000000007,-0.9904,-7.7412,7.8042981490970735,8.573238427805444,0,04_105_106_4406_ego_105,0,4406,4406,4412,vehicle_vehicle,0.3897857090848505,1.631119280841061,1.261121522031067,12.982924586548288,15.0,3.0,3.5,0.8,0.8518036980431584,3.06649331295537
4,105,4470,246,52.4315,-46.8066,332.6428,1.9366,3.862,0.0057,-0.0018,0.0127,0.0084,0.0059,-0.001,0.0074,-0.0133,car,105,52.4315,-46.8066,0.0057,-0.0018,0.0059,-0.001,332.6428,0.005977457653551383,0.02151884755278498,0.0,0.0,0.0,0.0,0.0,0.0,1,04_105_106_4406_ego_105,1,4406,4406,4412,vehicle_vehicle,0.3897857090848505,1.631119280841061,1.261121522031067,12.982924586548288,15.0,3.0,3.5,0.8,0.8518036980431584,3.06649331295537
4,106,4470,224,61.2532,-55.8015,287.8246,2.0003,4.1329,2.6034,-8.1913,0.23,-0.2467,8.595,0.0289,0.3053,-0.1434,car,105,52.4315,-46.8066,0.0057,-0.0018,0.0059,-0.001,332.6428,0.005977457653551383,0.02151884755278498,8.8217,-8.994899999999994,2.5977,-8.1895,8.591621240487735,12.598833950012988,0,04_105_106_4406_ego_105,1,4406,4406,4412,vehicle_vehicle,0.3897857090848505,1.631119280841061,1.261121522031067,12.982924586548288,15.0,3.0,3.5,0.8,0.8518036980431584,3.06649331295537
4,107,4470,201,47.0587,-44.203,341.9497,2.0619,5.249,-0.0148,0.0085,-0.0875,0.0236,-0.0167,-0.0035,-0.0905,0.0047,car,105,52.4315,-46.8066,0.0057,-0.0018,0.0059,-0.001,332.6428,0.005977457653551383,0.02151884755278498,-5.372799999999998,2.6036,-0.0205,0.0103,0.02294210103717617,5.9704030684703335,0,04_105_106_4406_ego_105,0,4406,4406,4412,vehicle_vehicle,0.3897857090848505,1.631119280841061,1.261121522031067,12.982924586548288,15.0,3.0,3.5,0.8,0.8518036980431584,3.06649331295537
4,109,4470,160,60.6222,-44.711,261.547,1.9675,4.2148,-0.8795,-7.7671,2.587,-0.5359,7.812,-0.2718,0.1498,-2.6376,car,105,52.4315,-46.8066,0.0057,-0.0018,0.0059,-0.001,332.6428,0.005977457653551383,0.02151884755278498,8.1907,2.0956000000000046,-0.8852,-7.7653,7.815591028834607,8.45453167537978,0,04_105_106_4406_ego_105,0,4406,4406,4412,vehicle_vehicle,0.3897857090848505,1.631119280841061,1.261121522031067,12.982924586548288,15.0,3.0,3.5,0.8,0.8518036980431584,3.06649331295537
4,105,4471,247,52.4317,-46.8069,332.6451,1.9366,3.862,0.006,-0.0007,0.0097,0.0105,0.0057,-0.0021,0.0038,-0.0138,car,105,52.4317,-46.8069,0.006,-0.0007,0.0057,-0.0021,332.6451,0.006040695324215582,0.021746503167176096,0.0,0.0,0.0,0.0,0.0,0.0,1,04_105_106_4406_ego_105,1,4406,4406,4412,vehicle_vehicle,0.3897857090848505,1.631119280841061,1.261121522031067,12.982924586548288,15.0,3.0,3.5,0.8,0.8518036980431584,3.06649331295537
4,106,4471,225,61.3606,-56.1282,288.0055,2.0003,4.1329,2.61,-8.2016,0.0789,-0.2809,8.6067,0.053,0.2916,0.0118,car,105,52.4317,-46.8069,0.006,-0.0007,0.0057,-0.0021,332.6451,0.006040695324215582,0.021746503167176096,8.928899999999999,-9.3213,2.604,-8.200899999999999,8.604392878640537,12.907822779229656,0,04_105_106_4406_ego_105,1,4406,4406,4412,vehicle_vehicle,0.3897857090848505,1.631119280841061,1.261121522031067,12.982924586548288,15.0,3.0,3.5,0.8,0.8518036980431584,3.06649331295537
4,107,4471,202,47.0589,-44.203,341.9442,2.0619,5.249,-0.0153,0.0082,-0.0696,0.0172,-0.0171,-0.0031,-0.0715,0.0052,car,105,52.4317,-46.8069,0.006,-0.0007,0.0057,-0.0021,332.6451,0.006040695324215582,0.021746503167176096,-5.372799999999998,2.603899999999996,-0.0213,0.0089,0.02308462691922917,5.97053389991213,0,04_105_106_4406_ego_105,0,4406,4406,4412,vehicle_vehicle,0.3897857090848505,1.631119280841061,1.261121522031067,12.982924586548288,15.0,3.0,3.5,0.8,0.8518036980431584,3.06649331295537
4,109,4471,161,60.5888,-45.0227,262.2717,1.9675,4.2148,-0.7741,-7.7887,2.5785,-0.5022,7.822,-0.2803,0.1509,-2.6226,car,105,52.4317,-46.8069,0.006,-0.0007,0.0057,-0.0021,332.6451,0.006040695324215582,0.021746503167176096,8.1571,1.7841999999999985,-0.7801,-7.788,7.826972595454771,8.349949104635309,0,04_105_106_4406_ego_105,0,4406,4406,4412,vehicle_vehicle,0.3897857090848505,1.631119280841061,1.261121522031067,12.982924586548288,15.0,3.0,3.5,0.8,0.8518036980431584,3.06649331295537
4,105,4472,248,52.432,-46.8069,332.637,1.9366,3.862,0.0061,0.0004,0.0069,0.0118,0.0052,-0.0032,0.0007,-0.0137,car,105,52.432,-46.8069,0.0061,0.0004,0.0052,-0.0032,332.637,0.00611310068623117,0.02200716247043221,0.0,0.0,0.0,0.0,0.0,0.0,1,04_105_106_4406_ego_105,1,4406,4406,4412,vehicle_vehicle,0.3897857090848505,1.631119280841061,1.261121522031067,12.982924586548288,15.0,3.0,3.5,0.8,0.8518036980431584,3.06649331295537
4,106,4472,226,61.4677,-56.4557,288.1345,2.0003,4.1329,2.6095,-8.2136,-0.0691,-0.3145,8.6178,0.0766,0.2774,0.1636,car,105,52.432,-46.8069,0.0061,0.0004,0.0052,-0.0032,332.637,0.00611310068623117,0.02200716247043221,9.035699999999999,-9.648800000000001,2.6034,-8.214,8.616698182018446,13.219047466818479,0,04_105_106_4406_ego_105,1,4406,4406,4412,vehicle_vehicle,0.3897857090848505,1.631119280841061,1.261121522031067,12.982924586548288,15.0,3.0,3.5,0.8,0.8518036980431584,3.06649331295537
4,107,4472,203,47.0588,-44.2029,341.942,2.0619,5.249,-0.0153,0.0079,-0.0547,0.012,-0.017,-0.0027,-0.0557,0.0055,car,105,52.432,-46.8069,0.0061,0.0004,0.0052,-0.0032,332.637,0.00611310068623117,0.02200716247043221,-5.373200000000004,2.603999999999999,-0.0214,0.007500000000000001,0.022676198976018885,5.970937467433404,0,04_105_106_4406_ego_105,0,4406,4406,4412,vehicle_vehicle,0.3897857090848505,1.631119280841061,1.261121522031067,12.982924586548288,15.0,3.0,3.5,0.8,0.8518036980431584,3.06649331295537
4,109,4472,162,60.5592,-45.3354,263.0152,1.9675,4.2148,-0.6688,-7.8086,2.568,-0.4685,7.832,-0.2857,0.1527,-2.6059,car,105,52.432,-46.8069,0.0061,0.0004,0.0052,-0.0032,332.637,0.00611310068623117,0.02200716247043221,8.127199999999995,1.471499999999999,-0.6748999999999999,-7.809,7.838110168273983,8.259339688498102,0,04_105_106_4406_ego_105,0,4406,4406,4412,vehicle_vehicle,0.3897857090848505,1.631119280841061,1.261121522031067,12.982924586548288,15.0,3.0,3.5,0.8,0.8518036980431584,3.06649331295537
4,105,4473,249,52.4323,-46.8067,332.616,1.9366,3.862,0.0061,0.0016,0.0044,0.0125,0.0047,-0.0042,-0.0018,-0.0131,car,105,52.4323,-46.8067,0.0061,0.0016,0.0047,-0.0042,332.616,0.0063063460101710255,0.022702845636615693,0.0,0.0,0.0,0.0,0.0,0.0,1,04_105_106_4406_ego_105,1,4406,4406,4412,vehicle_vehicle,0.3897857090848505,1.631119280841061,1.261121522031067,12.982924586548288,15.0,3.0,3.5,0.8,0.8518036980431584,3.06649331295537
4,106,4473,227,61.5741,-56.7839,288.2005,2.0003,4.1329,2.6023,-8.2272,-0.2131,-0.3472,8.6284,0.0976,0.2633,0.3108,car,105,52.4323,-46.8067,0.0061,0.0016,0.0047,-0.0042,332.616,0.0063063460101710255,0.022702845636615693,9.141800000000003,-9.977200000000003,2.5962,-8.2288,8.628638587865412,13.532074012508213,0,04_105_106_4406_ego_105,1,4406,4406,4412,vehicle_vehicle,0.3897857090848505,1.631119280841061,1.261121522031067,12.982924586548288,15.0,3.0,3.5,0.8,0.8518036980431584,3.06649331295537
4,107,4473,204,47.0592,-44.2031,341.9381,2.0619,5.249,-0.015,0.0075,-0.0423,0.0078,-0.0166,-0.0024,-0.0426,0.0057,car,105,52.4323,-46.8067,0.0061,0.0016,0.0047,-0.0042,332.616,0.0063063460101710255,0.022702845636615693,-5.373100000000001,2.6036,-0.0211,0.0059,0.021909358730916796,5.970673041626045,0,04_105_106_4406_ego_105,0,4406,4406,4412,vehicle_vehicle,0.3897857090848505,1.631119280841061,1.261121522031067,12.982924586548288,15.0,3.0,3.5,0.8,0.8518036980431584,3.06649331295537
4,109,4473,163,60.5339,-45.6488,263.7768,1.9675,4.2148,-0.5637,-7.827,2.5551,-0.4351,7.8419,-0.2881,0.1555,-2.5872,car,105,52.4323,-46.8067,0.0061,0.0016,0.0047,-0.0042,332.616,0.0063063460101710255,0.022702845636615693,8.101600000000005,1.157899999999998,-0.5698,-7.8286,7.849308886774682,8.183926622960405,0,04_105_106_4406_ego_105,0,4406,4406,4412,vehicle_vehicle,0.3897857090848505,1.631119280841061,1.261121522031067,12.982924586548288,15.0,3.0,3.5,0.8,0.8518036980431584,3.06649331295537
4,105,4474,250,52.4325,-46.8063,332.5985,1.9366,3.862,0.006,0.0026,0.0022,0.0126,0.0042,-0.0051,-0.0038,-0.0122,car,105,52.4325,-46.8063,0.006,0.0026,0.0042,-0.0051,332.5985,0.006539113089708727,0.023540807122951417,0.0,0.0,0.0,0.0,0.0,0.0,1,04_105_106_4406_ego_105,1,4406,4406,4412,vehicle_vehicle,0.3897857090848505,1.631119280841061,1.261121522031067,12.982924586548288,15.0,3.0,3.5,0.8,0.8518036980431584,3.06649331295537
4,106,4474,228,61.6799,-57.1128,288.2054,2.0003,4.1329,2.5886,-8.2423,-0.3521,-0.3788,8.6384,0.1161,0.2498,0.4529,car,105,52.4325,-46.8063,0.006,0.0026,0.0042,-0.0051,332.5985,0.006539113089708727,0.023540807122951417,9.247400000000006,-10.3065,2.5826000000000002,-8.2449,8.639918909920393,13.84696172486947,0,04_105_106_4406_ego_105,1,4406,4406,4412,vehicle_vehicle,0.3897857090848505,1.631119280841061,1.261121522031067,12.982924586548288,15.0,3.0,3.5,0.8,0.8518036980431584,3.06649331295537
4,107,4474,205,47.0594,-44.2031,341.934,2.0619,5.249,-0.0147,0.007,-0.0322,0.0043,-0.0162,-0.0021,-0.032,0.0059,car,105,52.4325,-46.8063,0.006,0.0026,0.0042,-0.0051,332.5985,0.006539113089708727,0.023540807122951417,-5.373100000000001,2.603200000000001,-0.0207,0.0044,0.02116246677492962,5.9704986265805315,0,04_105_106_4406_ego_105,0,4406,4406,4412,vehicle_vehicle,0.3897857090848505,1.631119280841061,1.261121522031067,12.982924586548288,15.0,3.0,3.5,0.8,0.8518036980431584,3.06649331295537
4,109,4474,164,60.5128,-45.9628,264.5427,1.9675,4.2148,-0.4588,-7.8437,2.5398,-0.4022,7.8518,-0.2892,0.1588,-2.5665,car,105,52.4325,-46.8063,0.006,0.0026,0.0042,-0.0051,332.5985,0.006539113089708727,0.023540807122951417,8.080300000000001,0.8434999999999988,-0.4648,-7.8463,7.86005488085166,8.124207059153528,0,04_105_106_4406_ego_105,0,4406,4406,4412,vehicle_vehicle,0.3897857090848505,1.631119280841061,1.261121522031067,12.982924586548288,15.0,3.0,3.5,0.8,0.8518036980431584,3.06649331295537
4,105,4475,251,52.4325,-46.8058,332.5865,1.9366,3.862,0.006,0.0035,0.0002,0.0122,0.0037,-0.0059,-0.0055,-0.0109,car,105,52.4325,-46.8058,0.006,0.0035,0.0037,-0.0059,332.5865,0.006946221994724902,0.025006399181009647,0.0,0.0,0.0,0.0,0.0,0.0,1,04_105_106_4406_ego_105,1,4406,4406,4412,vehicle_vehicle,0.3897857090848505,1.631119280841061,1.261121522031067,12.982924586548288,15.0,3.0,3.5,0.8,0.8518036980431584,3.06649331295537
4,106,4475,229,61.7844,-57.4424,288.1447,2.0003,4.1329,2.5687,-8.2588,-0.4858,-0.4091,8.6481,0.1309,0.2375,0.589,car,105,52.4325,-46.8058,0.006,0.0035,0.0037,-0.0059,332.5865,0.006946221994724902,0.025006399181009647,9.3519,-10.636600000000001,2.5627000000000004,-8.262300000000002,8.650608798229175,14.163166777596034,0,04_105_106_4406_ego_105,1,4406,4406,4412,vehicle_vehicle,0.3897857090848505,1.631119280841061,1.261121522031067,12.982924586548288,15.0,3.0,3.5,0.8,0.8518036980431584,3.06649331295537
4,107,4475,206,47.0596,-44.2031,341.929,2.0619,5.249,-0.0142,0.0066,-0.024,0.0016,-0.0156,-0.0018,-0.0233,0.006,car,105,52.4325,-46.8058,0.006,0.0035,0.0037,-0.0059,332.5865,0.006946221994724902,0.025006399181009647,-5.372899999999994,2.6026999999999987,-0.020200000000000003,0.0031,0.020436486977951963,5.970100644042773,0,04_105_106_4406_ego_105,0,4406,4406,4412,vehicle_vehicle,0.3897857090848505,1.631119280841061,1.261121522031067,12.982924586548288,15.0,3.0,3.5,0.8,0.8518036980431584,3.06649331295537
4,109,4475,165,60.4957,-46.2774,265.3039,1.9675,4.2148,-0.3542,-7.859,2.5216,-0.37,7.8616,-0.2904,0.1623,-2.5434,car,105,52.4325,-46.8058,0.006,0.0035,0.0037,-0.0059,332.5865,0.006946221994724902,0.025006399181009647,8.063200000000002,0.5283999999999978,-0.3602,-7.8625,7.870746488739171,8.080495083842328,0,04_105_106_4406_ego_105,0,4406,4406,4412,vehicle_vehicle,0.3897857090848505,1.631119280841061,1.261121522031067,12.982924586548288,15.0,3.0,3.5,0.8,0.8518036980431584,3.06649331295537
4,105,4476,252,52.4323,-46.8054,332.5815,1.9366,3.862,0.006,0.0043,-0.0018,0.0114,0.0034,-0.0065,-0.0068,-0.0093,car,105,52.4323,-46.8054,0.006,0.0043,0.0034,-0.0065,332.5815,0.007381734213584231,0.026574243168903233,0.0,0.0,0.0,0.0,0.0,0.0,1,04_105_106_4406_ego_105,1,4406,4406,4412,vehicle_vehicle,0.3897857090848505,1.631119280841061,1.261121522031067,12.982924586548288,15.0,3.0,3.5,0.8,0.8518036980431584,3.06649331295537
4,106,4476,230,61.8876,-57.7731,288.02,2.0003,4.1329,2.5432,-8.2765,-0.6135,-0.4381,8.6573,0.1419,0.2268,0.7189,car,105,52.4323,-46.8054,0.006,0.0043,0.0034,-0.0065,332.5815,0.007381734213584231,0.026574243168903233,9.455300000000001,-10.9677,2.5372000000000003,-8.280800000000001,8.660775512620104,14.480785247354511,0,04_105_106_4406_ego_105,1,4406,4406,4412,vehicle_vehicle,0.3897857090848505,1.631119280841061,1.261121522031067,12.982924586548288,15.0,3.0,3.5,0.8,0.8518036980431584,3.06649331295537
4,107,4476,207,47.0595,-44.203,341.9252,2.0619,5.249,-0.0137,0.0061,-0.0174,-0.0006,-0.0149,-0.0016,-0.0164,0.006,car,105,52.4323,-46.8054,0.006,0.0043,0.0034,-0.0065,332.5815,0.007381734213584231,0.026574243168903233,-5.372799999999998,2.602399999999996,-0.019700000000000002,0.0018000000000000004,0.019782062582046397,5.969879864787897,0,04_105_106_4406_ego_105,0,4406,4406,4412,vehicle_vehicle,0.3897857090848505,1.631119280841061,1.261121522031067,12.982924586548288,15.0,3.0,3.5,0.8,0.8518036980431584,3.06649331295537
4,109,4476,166,60.4825,-46.5926,266.0797,1.9675,4.2148,-0.25,-7.8727,2.5002,-0.3388,7.8713,-0.2889,0.1671,-2.5175,car,105,52.4323,-46.8054,0.006,0.0043,0.0034,-0.0065,332.5815,0.007381734213584231,0.026574243168903233,8.050200000000004,0.21280000000000143,-0.256,-7.877,7.881158861487313,8.053012099829484,0,04_105_106_4406_ego_105,0,4406,4406,4412,vehicle_vehicle,0.3897857090848505,1.631119280841061,1.261121522031067,12.982924586548288,15.0,3.0,3.5,0.8,0.8518036980431584,3.06649331295537
4,105,4477,253,52.4322,-46.8049,332.5802,1.9366,3.862,0.0061,0.0049,-0.0038,0.0105,0.0031,-0.0071,-0.0082,-0.0075,car,105,52.4322,-46.8049,0.0061,0.0049,0.0031,-0.0071,332.5802,0.007824321056807422,0.02816755580450672,0.0,0.0,0.0,0.0,0.0,0.0,1,04_105_106_4406_ego_105,1,4406,4406,4412,vehicle_vehicle,0.3897857090848505,1.631119280841061,1.261121522031067,12.982924586548288,15.0,3.0,3.5,0.8,0.8518036980431584,3.06649331295537
4,106,4477,231,61.9893,-58.1046,287.834,2.0003,4.1329,2.5125,-8.2953,-0.7351,-0.4657,8.6662,0.1488,0.2182,0.8424,car,105,52.4322,-46.8049,0.0061,0.0049,0.0031,-0.0071,332.5802,0.007824321056807422,0.02816755580450672,9.557099999999998,-11.299699999999994,2.5064,-8.300199999999998,8.670372598683402,14.799370949469434,0,04_105_106_4406_ego_105,1,4406,4406,4412,vehicle_vehicle,0.3897857090848505,1.631119280841061,1.261121522031067,12.982924586548288,15.0,3.0,3.5,0.8,0.8518036980431584,3.06649331295537
4,107,4477,208,47.0594,-44.2029,341.9211,2.0619,5.249,-0.013,0.0056,-0.0123,-0.0022,-0.0141,-0.0012,-0.011,0.006,car,105,52.4322,-46.8049,0.0061,0.0049,0.0031,-0.0071,332.5802,0.007824321056807422,0.02816755580450672,-5.372800000000005,2.602000000000004,-0.0191,0.0007000000000000001,0.019112822920751397,5.969705506974367,0,04_105_106_4406_ego_105,0,4406,4406,4412,vehicle_vehicle,0.3897857090848505,1.631119280841061,1.261121522031067,12.982924586548288,15.0,3.0,3.5,0.8,0.8518036980431584,3.06649331295537
4,109,4477,167,60.4739,-46.908,266.8647,1.9675,4.2148,-0.1463,-7.8851,2.4752,-0.3088,7.8813,-0.2852,0.1729,-2.4884,car,105,52.4322,-46.8049,0.0061,0.0049,0.0031,-0.0071,332.5802,0.007824321056807422,0.02816755580450672,8.041699999999999,-0.10309999999999775,-0.1524,-7.890000000000001,7.891471710650682,8.042360878498302,0,04_105_106_4406_ego_105,0,4406,4406,4412,vehicle_vehicle,0.3897857090848505,1.631119280841061,1.261121522031067,12.982924586548288,15.0,3.0,3.5,0.8,0.8518036980431584,3.06649331295537
4,105,4478,254,52.4322,-46.8044,332.5814,1.9366,3.862,0.0061,0.0053,-0.006,0.0094,0.003,-0.0076,-0.0097,-0.0056,car,105,52.4322,-46.8044,0.0061,0.0053,0.003,-0.0076,332.5814,0.008080841540334768,0.029091029545205167,0.0,0.0,0.0,0.0,0.0,0.0,1,04_105_106_4406_ego_105,1,4406,4406,4412,vehicle_vehicle,0.3897857090848505,1.631119280841061,1.261121522031067,12.982924586548288,15.0,3.0,3.5,0.8,0.8518036980431584,3.06649331295537
4,106,4478,232,62.0889,-58.437,287.6124,2.0003,4.1329,2.4769,-8.3152,-0.8504,-0.4921,8.6749,0.1551,0.2117,0.9595,car,105,52.4322,-46.8044,0.0061,0.0053,0.003,-0.0076,332.5814,0.008080841540334768,0.029091029545205167,9.6567,-11.632599999999996,2.4708,-8.320500000000001,8.679606724385618,15.118506462279928,0,04_105_106_4406_ego_105,1,4406,4406,4412,vehicle_vehicle,0.3897857090848505,1.631119280841061,1.261121522031067,12.982924586548288,15.0,3.0,3.5,0.8,0.8518036980431584,3.06649331295537
4,107,4478,209,47.0593,-44.2027,341.9164,2.0619,5.249,-0.0123,0.005,-0.0084,-0.0034,-0.0132,-0.0009,-0.007,0.0058,car,105,52.4322,-46.8044,0.0061,0.0053,0.003,-0.0076,332.5814,0.008080841540334768,0.029091029545205167,-5.372900000000001,2.601700000000001,-0.0184,-0.0002999999999999999,0.01840244548966251,5.969664756081368,0,04_105_106_4406_ego_105,0,4406,4406,4412,vehicle_vehicle,0.3897857090848505,1.631119280841061,1.261121522031067,12.982924586548288,15.0,3.0,3.5,0.8,0.8518036980431584,3.06649331295537
4,109,4478,168,60.4696,-47.2239,267.6464,1.9675,4.2148,-0.0435,-7.8962,2.4466,-0.2799,7.8913,-0.2808,0.1792,-2.456,car,105,52.4322,-46.8044,0.0061,0.0053,0.003,-0.0076,332.5814,0.008080841540334768,0.029091029545205167,8.037399999999998,-0.4194999999999993,-0.0496,-7.9015,7.901655675236678,8.048340140053721,0,04_105_106_4406_ego_105,0,4406,4406,4412,vehicle_vehicle,0.3897857090848505,1.631119280841061,1.261121522031067,12.982924586548288,15.0,3.0,3.5,0.8,0.8518036980431584,3.06649331295537
4,105,4479,255,52.4322,-46.804,332.5875,1.9366,3.862,0.0062,0.0057,-0.0085,0.0083,0.0029,-0.0079,-0.0114,-0.0035,car,105,52.4322,-46.804,0.0062,0.0057,0.0029,-0.0079,332.5875,0.008421995013059555,0.0303191820470144,0.0,0.0,0.0,0.0,0.0,0.0,1,04_105_106_4406_ego_105,1,4406,4406,4412,vehicle_vehicle,0.3897857090848505,1.631119280841061,1.261121522031067,12.982924586548288,15.0,3.0,3.5,0.8,0.8518036980431584,3.06649331295537
4,106,4479,233,62.187,-58.77,287.3537,2.0003,4.1329,2.4369,-8.3361,-0.9598,-0.5172,8.6835,0.1604,0.2074,1.0704,car,105,52.4322,-46.804,0.0062,0.0057,0.0029,-0.0079,332.5875,0.008421995013059555,0.0303191820470144,9.754799999999996,-11.966000000000001,2.4307,-8.3418,8.688724286683287,15.438305575418566,0,04_105_106_4406_ego_105,1,4406,4406,4412,vehicle_vehicle,0.3897857090848505,1.631119280841061,1.261121522031067,12.982924586548288,15.0,3.0,3.5,0.8,0.8518036980431584,3.06649331295537
4,107,4479,210,47.059,-44.2026,341.9168,2.0619,5.249,-0.0115,0.0044,-0.0057,-0.0041,-0.0123,-0.0006,-0.0042,0.0056,car,105,52.4322,-46.804,0.0062,0.0057,0.0029,-0.0079,332.5875,0.008421995013059555,0.0303191820470144,-5.373200000000004,2.6014000000000053,-0.0177,-0.0013,0.017747675904185314,5.969804033634611,0,04_105_106_4406_ego_105,0,4406,4406,4412,vehicle_vehicle,0.3897857090848505,1.631119280841061,1.261121522031067,12.982924586548288,15.0,3.0,3.5,0.8,0.8518036980431584,3.06649331295537
4,109,4479,169,60.4696,-47.5404,268.4333,1.9675,4.2148,0.0582,-7.9059,2.4141,-0.2524,7.9014,-0.2744,0.1863,-2.4201,car,105,52.4322,-46.804,0.0062,0.0057,0.0029,-0.0079,332.5875,0.008421995013059555,0.0303191820470144,8.037399999999998,-0.7363999999999962,0.052000000000000005,-7.9116,7.911770886470361,8.071064596445748,0,04_105_106_4406_ego_105,0,4406,4406,4412,vehicle_vehicle,0.3897857090848505,1.631119280841061,1.261121522031067,12.982924586548288,15.0,3.0,3.5,0.8,0.8518036980431584,3.06649331295537
4,105,4480,256,52.4323,-46.8036,332.5987,1.9366,3.862,0.0063,0.0059,-0.0114,0.0074,0.0029,-0.0081,-0.0135,-0.0013,car,105,52.4323,-46.8036,0.0063,0.0059,0.0029,-0.0081,332.5987,0.008631338250816033,0.03107281770293772,0.0,0.0,0.0,0.0,0.0,0.0,1,04_105_106_4406_ego_105,1,4406,4406,4412,vehicle_vehicle,0.3897857090848505,1.631119280841061,1.261121522031067,12.982924586548288,15.0,3.0,3.5,0.8,0.8518036980431584,3.06649331295537
4,106,4480,234,62.283,-59.1038,287.0704,2.0003,4.1329,2.3928,-8.358,-1.0632,-0.5411,8.6922,0.1661,0.2052,1.1752,car,105,52.4323,-46.8036,0.0063,0.0059,0.0029,-0.0081,332.5987,0.008631338250816033,0.03107281770293772,9.850700000000003,-12.300199999999997,2.3865,-8.363900000000001,8.697712656785116,15.758528184129379,0,04_105_106_4406_ego_105,1,4406,4406,4412,vehicle_vehicle,0.3897857090848505,1.631119280841061,1.261121522031067,12.982924586548288,15.0,3.0,3.5,0.8,0.8518036980431584,3.06649331295537
4,107,4480,211,47.0585,-44.2025,341.9228,2.0619,5.249,-0.0106,0.0038,-0.0042,-0.0043,-0.0113,-0.0003,-0.0026,0.0054,car,105,52.4323,-46.8036,0.0063,0.0059,0.0029,-0.0081,332.5987,0.008631338250816033,0.03107281770293772,-5.373799999999996,2.6011000000000024,-0.0169,-0.0021,0.017029973576021776,5.970213367208911,0,04_105_106_4406_ego_105,0,4406,4406,4412,vehicle_vehicle,0.3897857090848505,1.631119280841061,1.261121522031067,12.982924586548288,15.0,3.0,3.5,0.8,0.8518036980431584,3.06649331295537
4,109,4480,170,60.4735,-47.8574,269.2084,1.9675,4.2148,0.1588,-7.9144,2.3777,-0.2264,7.9114,-0.2682,0.1936,-2.3806,car,105,52.4323,-46.8036,0.0063,0.0059,0.0029,-0.0081,332.5987,0.008631338250816033,0.03107281770293772,8.041200000000003,-1.0537999999999954,0.1525,-7.920299999999999,7.921768005944127,8.109956342669179,0,04_105_106_4406_ego_105,0,4406,4406,4412,vehicle_vehicle,0.3897857090848505,1.631119280841061,1.261121522031067,12.982924586548288,15.0,3.0,3.5,0.8,0.8518036980431584,3.06649331295537
4,105,4481,257,52.4328,-46.8038,332.6106,1.9366,3.862,0.0061,0.0063,-0.0146,0.0064,0.0025,-0.0084,-0.0159,0.001,car,105,52.4328,-46.8038,0.0061,0.0063,0.0025,-0.0084,332.6106,0.008769264507357502,0.03156935222648701,0.0,0.0,0.0,0.0,0.0,0.0,1,04_105_106_4406_ego_105,1,4406,4406,4412,vehicle_vehicle,0.3897857090848505,1.631119280841061,1.261121522031067,12.982924586548288,15.0,3.0,3.5,0.8,0.8518036980431584,3.06649331295537
4,106,4481,235,62.3775,-59.4386,286.7714,2.0003,4.1329,2.3447,-8.3809,-1.161,-0.5638,8.701,0.1734,0.2048,1.2743,car,105,52.4328,-46.8038,0.0061,0.0063,0.0025,-0.0084,332.6106,0.008769264507357502,0.03156935222648701,9.944699999999997,-12.634799999999998,2.3386,-8.3872,8.707133500756722,16.079030727316866,0,04_105_106_4406_ego_105,1,4406,4406,4412,vehicle_vehicle,0.3897857090848505,1.631119280841061,1.261121522031067,12.982924586548288,15.0,3.0,3.5,0.8,0.8518036980431584,3.06649331295537
4,107,4481,212,47.0587,-44.2026,341.9328,2.0619,5.249,-0.0099,0.0033,-0.0036,-0.0041,-0.0105,-0.0,-0.0021,0.005,car,105,52.4328,-46.8038,0.0061,0.0063,0.0025,-0.0084,332.6106,0.008769264507357502,0.03156935222648701,-5.3740999999999985,2.6012000000000057,-0.016,-0.003,0.016278820596099707,5.970526965854858,0,04_105_106_4406_ego_105,0,4406,4406,4412,vehicle_vehicle,0.3897857090848505,1.631119280841061,1.261121522031067,12.982924586548288,15.0,3.0,3.5,0.8,0.8518036980431584,3.06649331295537
4,109,4481,171,60.4821,-48.1748,269.9828,1.9675,4.2148,0.2578,-7.9215,2.3373,-0.2022,7.9214,-0.2602,0.2015,-2.3374,car,105,52.4328,-46.8038,0.0061,0.0063,0.0025,-0.0084,332.6106,0.008769264507357502,0.03156935222648701,8.049300000000002,-1.3709999999999951,0.2517,-7.9278,7.931794609670626,8.165223297007866,0,04_105_106_4406_ego_105,0,4406,4406,4412,vehicle_vehicle,0.3897857090848505,1.631119280841061,1.261121522031067,12.982924586548288,15.0,3.0,3.5,0.8,0.8518036980431584,3.06649331295537
